-4.42703460 -4.28358736 2.15692069
-4.20093200 -4.28358736 1.79243851
-3.97482940 -4.28358736 1.45147850
-3.74872680 -4.28358736 1.13756398
-3.52262419 -4.28358736 0.85324252
-3.29652159 -4.28358736 0.59988424
-3.07041899 -4.28358736 0.37765065
-2.84431638 -4.28358736 0.18565595
-2.61821378 -4.28358736 0.02229863
-2.39211118 -4.28358736 -0.11430244
-2.16600857 -4.28358736 -0.22587736
-1.93990597 -4.28358736 -0.31373800
-1.71380337 -4.28358736 -0.37885600
-1.48770076 -4.28358736 -0.42240597
-1.26159816 -4.28358736 -0.44673068
-1.03549556 -4.28358736 -0.45649155
-0.80939295 -4.28358736 -0.45958045
-0.58329035 -4.28358736 -0.46718741
-0.35718775 -4.28358736 -0.49248099
-0.13108514 -4.28358736 -0.54806639
0.09501746 -4.28358736 -0.64330673
0.32112006 -4.28358736 -0.78262808
0.54722267 -4.28358736 -0.96532514
0.77332527 -4.28358736 -1.18677822
0.99942787 -4.28358736 -1.44065031
1.22553048 -4.28358736 -1.72105837
1.45163308 -4.28358736 -2.02314308
1.67773568 -4.28358736 -2.34180796
1.90383829 -4.28358736 -2.67036540
2.12994089 -4.28358736 -3.00087464
2.35604349 -4.28358736 -3.32626600
2.58214610 -4.28358736 -3.64275779
2.80824870 -4.28358736 -3.95097572
3.03435130 -4.28358736 -4.25531093
3.26045390 -4.28358736 -4.56211806
3.48655651 -4.28358736 -4.87768878
3.71265911 -4.28358736 -5.20674903
3.93876171 -4.28358736 -5.55182018
4.16486432 -4.28358736 -5.91335185
4.39096692 -4.28358736 -6.29028333
-4.42703460 -4.06794320 2.21538940
-4.20093200 -4.06794320 1.83911949
-3.97482940 -4.06794320 1.48841679
-3.74872680 -4.06794320 1.16765338
-3.52262419 -4.06794320 0.87996544
-3.29652159 -4.06794320 0.62693914
-3.07041899 -4.06794320 0.40853961
-2.84431638 -4.06794320 0.22332259
-2.61821378 -4.06794320 0.06890167
-2.39211118 -4.06794320 -0.05740757
-2.16600857 -4.06794320 -0.15789148
-1.93990597 -4.06794320 -0.23389839
-1.71380337 -4.06794320 -0.28576459
-1.48770076 -4.06794320 -0.31346698
-1.26159816 -4.06794320 -0.31797472
-1.03549556 -4.06794320 -0.30299293
-0.80939295 -4.06794320 -0.27661676
-0.58329035 -4.06794320 -0.25199927
-0.35718775 -4.06794320 -0.24573649
-0.13108514 -4.06794320 -0.27390113
0.09501746 -4.06794320 -0.34815707
0.32112006 -4.06794320 -0.47361548
0.54722267 -4.06794320 -0.64862586
0.77332527 -4.06794320 -0.86619913
0.99942787 -4.06794320 -1.11726857
1.22553048 -4.06794320 -1.39508631
1.45163308 -4.06794320 -1.69619728
1.67773568 -4.06794320 -2.01692438
1.90383829 -4.06794320 -2.34976336
2.12994089 -4.06794320 -2.68371867
2.35604349 -4.06794320 -3.00853332
2.58214610 -4.06794320 -3.31927766
2.80824870 -4.06794320 -3.61801217
3.03435130 -4.06794320 -3.91217962
3.26045390 -4.06794320 -4.21137992
3.48655651 -4.06794320 -4.52420503
3.71265911 -4.06794320 -4.85621920
3.93876171 -4.06794320 -5.20947402
4.16486432 -4.06794320 -5.58318740
4.39096692 -4.06794320 -5.97486670
-4.42703460 -3.85229904 2.27792727
-4.20093200 -3.85229904 1.88747018
-3.97482940 -3.85229904 1.52481751
-3.74872680 -3.85229904 1.19550404
-3.52262419 -3.85229904 0.90349824
-3.29652159 -3.85229904 0.65070606
-3.07041899 -3.85229904 0.43682595
-2.84431638 -3.85229904 0.25962012
-2.61821378 -3.85229904 0.11555208
-2.39211118 -3.85229904 0.00068052
-2.16600857 -3.85229904 -0.08830028
-1.93990597 -3.85229904 -0.15307925
-1.71380337 -3.85229904 -0.19332144
-1.48770076 -3.85229904 -0.20743102
-1.26159816 -3.85229904 -0.19441522
-1.03549556 -3.85229904 -0.15627495
-0.80939295 -3.85229904 -0.10061502
-0.58329035 -3.85229904 -0.04259364
-0.35718775 -3.85229904 -0.00328922
-0.13108514 -3.85229904 -0.00253058
0.09501746 -3.85229904 -0.05389410
0.32112006 -3.85229904 -0.16348281
0.54722267 -3.85229904 -0.32954533
0.77332527 -3.85229904 -0.54241912
0.99942787 -3.85229904 -0.78773577
1.22553048 -3.85229904 -1.05748244
1.45163308 -3.85229904 -1.35235847
1.67773568 -3.85229904 -1.67270017
1.90383829 -3.85229904 -2.01007728
2.12994089 -3.85229904 -2.34783849
2.35604349 -3.85229904 -2.67006710
2.58214610 -3.85229904 -2.97045976
2.80824870 -3.85229904 -3.25419077
3.03435130 -3.85229904 -3.53381885
3.26045390 -3.85229904 -3.82365363
3.48655651 -3.85229904 -4.13503537
3.71265911 -3.85229904 -4.47380336
3.93876171 -3.85229904 -4.84043948
4.16486432 -3.85229904 -5.23186080
4.39096692 -3.85229904 -5.64341426
-4.42703460 -3.63665489 2.34621920
-4.20093200 -3.63665489 1.93859966
-3.97482940 -3.63665489 1.56116654
-3.74872680 -3.63665489 1.22107580
-3.52262419 -3.63665489 0.92350704
-3.29652159 -3.63665489 0.67086938
-3.07041899 -3.63665489 0.46253086
-2.84431638 -3.63665489 0.29518328
-2.61821378 -3.63665489 0.16371829
-2.39211118 -3.63665489 0.06239091
-2.16600857 -3.63665489 -0.01379148
-1.93990597 -3.63665489 -0.06742615
-1.71380337 -3.63665489 -0.09756625
-1.48770076 -3.63665489 -0.10068190
-1.26159816 -3.63665489 -0.07348752
-1.03549556 -3.63665489 -0.01576196
-0.80939295 -3.63665489 0.06632501
-0.58329035 -3.63665489 0.15602939
-0.35718775 -3.63665489 0.22541670
-0.13108514 -3.63665489 0.25248651
0.09501746 -3.63665489 0.22666772
0.32112006 -3.63665489 0.13922729
0.54722267 -3.63665489 -0.01332362
0.77332527 -3.63665489 -0.22119886
0.99942787 -3.63665489 -0.45631098
1.22553048 -3.63665489 -0.70821571
1.45163308 -3.63665489 -0.98780754
1.67773568 -3.63665489 -1.30420705
1.90383829 -3.63665489 -1.64762033
2.12994089 -3.63665489 -1.99022708
2.35604349 -3.63665489 -2.30594632
2.58214610 -3.63665489 -2.58793436
2.80824870 -3.63665489 -2.84839758
3.03435130 -3.63665489 -3.10820088
3.26045390 -3.63665489 -3.38803238
3.48655651 -3.63665489 -3.70199645
3.71265911 -3.63665489 -4.05464226
3.93876171 -3.63665489 -4.44283818
4.16486432 -3.63665489 -4.85966193
4.39096692 -3.63665489 -5.29753390
-4.42703460 -3.42101073 2.42259068
-4.20093200 -3.42101073 1.99409386
-3.97482940 -3.42101073 1.59817700
-3.74872680 -3.42101073 1.24428763
-3.52262419 -3.42101073 0.93940641
-3.29652159 -3.42101073 0.68674817
-3.07041899 -3.42101073 0.48527560
-2.84431638 -3.42101073 0.33025589
-2.61821378 -3.42101073 0.21456826
-2.39211118 -3.42101073 0.13017225
-2.16600857 -3.42101073 0.06958969
-1.93990597 -3.42101073 0.02829709
-1.71380337 -3.42101073 0.00777729
-1.48770076 -3.42101073 0.01419872
-1.26159816 -3.42101073 0.05262195
-1.03549556 -3.42101073 0.12480039
-0.80939295 -3.42101073 0.22627454
-0.58329035 -3.42101073 0.33999570
-0.35718775 -3.42101073 0.42609868
-0.13108514 -3.42101073 0.45866332
0.09501746 -3.42101073 0.46573928
0.32112006 -3.42101073 0.42373278
0.54722267 -3.42101073 0.29829337
0.77332527 -3.42101073 0.09034635
0.99942787 -3.42101073 -0.12805285
1.22553048 -3.42101073 -0.34631187
1.45163308 -3.42101073 -0.59723295
1.67773568 -3.42101073 -0.90520509
1.90383829 -3.42101073 -1.25915385
2.12994089 -3.42101073 -1.60831245
2.35604349 -3.42101073 -1.90845197
2.58214610 -3.42101073 -2.15704389
2.80824870 -3.42101073 -2.38248160
3.03435130 -3.42101073 -2.61742161
3.26045390 -3.42101073 -2.89000101
3.48655651 -3.42101073 -3.21602869
3.71265911 -3.42101073 -3.59508578
3.93876171 -3.42101073 -4.01701534
4.16486432 -3.42101073 -4.46926297
4.39096692 -3.42101073 -4.94090992
-4.42703460 -3.20536657 2.51031700
-4.20093200 -3.20536657 2.05631193
-3.97482940 -3.20536657 1.63699800
-3.74872680 -3.20536657 1.26509799
-3.52262419 -3.20536657 0.95032911
-3.29652159 -3.20536657 0.69720496
-3.07041899 -3.20536657 0.50413241
-2.84431638 -3.20536657 0.36436865
-2.61821378 -3.20536657 0.26827660
-2.39211118 -3.20536657 0.20541336
-2.16600857 -3.20536657 0.16540401
-1.93990597 -3.20536657 0.13990153
-1.71380337 -3.20536657 0.13071753
-1.48770076 -3.20536657 0.14969143
-1.26159816 -3.20536657 0.20082886
-1.03549556 -3.20536657 0.28451914
-0.80939295 -3.20536657 0.39522928
-0.58329035 -3.20536657 0.51302192
-0.35718775 -3.20536657 0.58703691
-0.13108514 -3.20536657 0.53558072
0.09501746 -3.20536657 0.60660292
0.32112006 -3.20536657 0.69302182
0.54722267 -3.20536657 0.61279368
0.77332527 -3.20536657 0.38459556
0.99942787 -3.20536657 0.19788051
1.22553048 -3.20536657 0.03064685
1.45163308 -3.20536657 -0.17801484
1.67773568 -3.20536657 -0.47066609
1.90383829 -3.20536657 -0.84532270
2.12994089 -3.20536657 -1.20116258
2.35604349 -3.20536657 -1.46332807
2.58214610 -3.20536657 -1.64924734
2.80824870 -3.20536657 -1.82611219
3.03435130 -3.20536657 -2.03507943
3.26045390 -3.20536657 -2.31149720
3.48655651 -3.20536657 -2.66949780
3.71265911 -3.20536657 -3.09545652
3.93876171 -3.20536657 -3.56773430
4.16486432 -3.20536657 -4.06708909
4.39096692 -3.20536657 -4.57999066
-4.42703460 -2.98972241 2.61407804
-4.20093200 -2.98972241 2.12887510
-3.97482940 -2.98972241 1.67960314
-3.74872680 -2.98972241 1.28370109
-3.52262419 -2.98972241 0.95515802
-3.29652159 -2.98972241 0.70064052
-3.07041899 -2.98972241 0.51766154
-2.84431638 -2.98972241 0.39626575
-2.61821378 -2.98972241 0.32332004
-2.39211118 -2.98972241 0.28643684
-2.16600857 -2.98972241 0.27409061
-1.93990597 -2.98972241 0.27169769
-1.71380337 -2.98972241 0.27785352
-1.48770076 -2.98972241 0.32359132
-1.26159816 -2.98972241 0.39948705
-1.03549556 -2.98972241 0.50640445
-0.80939295 -2.98972241 0.62219307
-0.58329035 -2.98972241 0.74190309
-0.35718775 -2.98972241 0.82805139
-0.13108514 -2.98972241 0.84004112
0.09501746 -2.98972241 0.88506046
0.32112006 -2.98972241 0.99172242
0.54722267 -2.98972241 0.92449479
0.77332527 -2.98972241 0.68633535
0.99942787 -2.98972241 0.55770725
1.22553048 -2.98972241 0.41679630
1.45163308 -2.98972241 0.25099805
1.67773568 -2.98972241 -0.00672358
1.90383829 -2.98972241 -0.41837263
2.12994089 -2.98972241 -0.76700976
2.35604349 -2.98972241 -0.94150969
2.58214610 -2.98972241 -1.00319578
2.80824870 -2.98972241 -1.13009060
3.03435130 -2.98972241 -1.32255151
3.26045390 -2.98972241 -1.63444641
3.48655651 -2.98972241 -2.06267241
3.71265911 -2.98972241 -2.56502797
3.93876171 -2.98972241 -3.10710807
4.16486432 -2.98972241 -3.66460019
4.39096692 -2.98972241 -4.22429475
-4.42703460 -2.77407825 2.74059625
-4.20093200 -2.77407825 2.21745956
-3.97482940 -2.77407825 1.72949960
-3.74872680 -2.77407825 1.30093150
-3.52262419 -2.77407825 0.95263155
-3.29652159 -2.77407825 0.69507135
-3.07041899 -2.77407825 0.52424338
-2.84431638 -2.77407825 0.42452043
-2.61821378 -2.77407825 0.37685624
-2.39211118 -2.77407825 0.36659326
-2.16600857 -2.77407825 0.38555487
-1.93990597 -2.77407825 0.42119887
-1.71380337 -2.77407825 0.44821376
-1.48770076 -2.77407825 0.56201236
-1.26159816 -2.77407825 0.67186030
-1.03549556 -2.77407825 0.86464978
-0.80939295 -2.77407825 1.00203136
-0.58329035 -2.77407825 1.16849710
-0.35718775 -2.77407825 1.31463011
-0.13108514 -2.77407825 1.37467813
0.09501746 -2.77407825 1.42246809
0.32112006 -2.77407825 1.36408187
0.54722267 -2.77407825 1.32545659
0.77332527 -2.77407825 1.16477702
0.99942787 -2.77407825 1.02007596
1.22553048 -2.77407825 0.76160265
1.45163308 -2.77407825 0.60664136
1.67773568 -2.77407825 0.40357439
1.90383829 -2.77407825 0.00001234
2.12994089 -2.77407825 -0.27275750
2.35604349 -2.77407825 -0.29357052
2.58214610 -2.77407825 -0.07661386
2.80824870 -2.77407825 -0.22217611
3.03435130 -2.77407825 -0.42098799
3.26045390 -2.77407825 -0.86120488
3.48655651 -2.77407825 -1.41709013
3.71265911 -2.77407825 -2.02865545
3.93876171 -2.77407825 -2.65716536
4.16486432 -2.77407825 -3.27843938
4.39096692 -2.77407825 -3.88570958
-4.42703460 -2.55843409 2.89945281
-4.20093200 -2.55843409 2.33104965
-3.97482940 -2.55843409 1.79303230
-3.74872680 -2.55843409 1.31909493
-3.52262419 -2.55843409 0.94153822
-3.29652159 -2.55843409 0.67817755
-3.07041899 -2.55843409 0.52256637
-2.84431638 -2.55843409 0.44873317
-2.61821378 -2.55843409 0.42752946
-2.39211118 -2.55843409 0.43912884
-2.16600857 -2.55843409 0.47552939
-1.93990597 -2.55843409 0.53285370
-1.71380337 -2.55843409 0.64130328
-1.48770076 -2.55843409 0.94419410
-1.26159816 -2.55843409 1.12306466
-1.03549556 -2.55843409 1.28645634
-0.80939295 -2.55843409 1.42784721
-0.58329035 -2.55843409 1.57674197
-0.35718775 -2.55843409 1.65962735
-0.13108514 -2.55843409 1.70884754
0.09501746 -2.55843409 1.74745345
0.32112006 -2.55843409 1.71936923
0.54722267 -2.55843409 1.68683178
0.77332527 -2.55843409 1.62782345
0.99942787 -2.55843409 1.49576864
1.22553048 -2.55843409 1.30429470
1.45163308 -2.55843409 1.04051201
1.67773568 -2.55843409 0.68518524
1.90383829 -2.55843409 0.48703336
2.12994089 -2.55843409 0.40766640
2.35604349 -2.55843409 0.75352270
2.58214610 -2.55843409 1.25491525
2.80824870 -2.55843409 1.33567810
3.03435130 -2.55843409 0.64072476
3.26045390 -2.55843409 -0.07767839
3.48655651 -2.55843409 -0.78541801
3.71265911 -2.55843409 -1.53240628
3.93876171 -2.55843409 -2.24894246
4.16486432 -2.55843409 -2.92757978
4.39096692 -2.55843409 -3.57616240
-4.42703460 -2.34278994 3.10391839
-4.20093200 -2.34278994 2.48379672
-3.97482940 -2.34278994 1.88180700
-3.74872680 -2.34278994 1.34380597
-3.52262419 -2.34278994 0.92115316
-3.29652159 -2.34278994 0.64712835
-3.07041899 -2.34278994 0.51204799
-2.84431638 -2.34278994 0.46958552
-2.61821378 -2.34278994 0.47674247
-2.39211118 -2.34278994 0.51030279
-2.16600857 -2.34278994 0.56244842
-1.93990597 -2.34278994 0.69207597
-1.71380337 -2.34278994 1.04778666
-1.48770076 -2.34278994 1.35135133
-1.26159816 -2.34278994 1.46150478
-1.03549556 -2.34278994 1.58064859
-0.80939295 -2.34278994 1.71659915
-0.58329035 -2.34278994 1.92637060
-0.35718775 -2.34278994 2.01219752
-0.13108514 -2.34278994 2.10132981
0.09501746 -2.34278994 2.10321716
0.32112006 -2.34278994 2.07254841
0.54722267 -2.34278994 1.99308382
0.77332527 -2.34278994 1.89551088
0.99942787 -2.34278994 1.80745228
1.22553048 -2.34278994 1.76320640
1.45163308 -2.34278994 1.61079885
1.67773568 -2.34278994 1.46229174
1.90383829 -2.34278994 1.22671967
2.12994089 -2.34278994 1.28724987
2.35604349 -2.34278994 1.41981127
2.58214610 -2.34278994 1.46725235
2.80824870 -2.34278994 1.87583351
3.03435130 -2.34278994 2.06413459
3.26045390 -2.34278994 0.60274184
3.48655651 -2.34278994 -0.27824811
3.71265911 -2.34278994 -1.14050290
3.93876171 -2.34278994 -1.91058817
4.16486432 -2.34278994 -2.62599734
4.39096692 -2.34278994 -3.30403653
-4.42703460 -2.12714578 3.37120885
-4.20093200 -2.12714578 2.69732414
-3.97482940 -2.12714578 2.01706651
-3.74872680 -2.12714578 1.38838352
-3.52262419 -2.12714578 0.89270821
-3.29652159 -2.12714578 0.59791191
-3.07041899 -2.12714578 0.49338560
-2.84431638 -2.12714578 0.48927015
-2.61821378 -2.12714578 0.51813847
-2.39211118 -2.12714578 0.59585243
-2.16600857 -2.12714578 0.72496306
-1.93990597 -2.12714578 1.00554046
-1.71380337 -2.12714578 1.39286989
-1.48770076 -2.12714578 1.64592190
-1.26159816 -2.12714578 1.80363155
-1.03549556 -2.12714578 2.00370491
-0.80939295 -2.12714578 2.14031984
-0.58329035 -2.12714578 2.33839258
-0.35718775 -2.12714578 2.46583993
-0.13108514 -2.12714578 2.53538021
0.09501746 -2.12714578 2.51634933
0.32112006 -2.12714578 2.47356215
0.54722267 -2.12714578 2.36999000
0.77332527 -2.12714578 2.20386670
0.99942787 -2.12714578 2.07314489
1.22553048 -2.12714578 1.97903146
1.45163308 -2.12714578 1.89736144
1.67773568 -2.12714578 1.81769297
1.90383829 -2.12714578 1.65344083
2.12994089 -2.12714578 1.53149143
2.35604349 -2.12714578 1.49986601
2.58214610 -2.12714578 1.68181012
2.80824870 -2.12714578 2.05117946
3.03435130 -2.12714578 2.61735356
3.26045390 -2.12714578 1.07916121
3.48655651 -2.12714578 -0.01850069
3.71265911 -2.12714578 -0.86183733
3.93876171 -2.12714578 -1.64255600
4.16486432 -2.12714578 -2.37541957
4.39096692 -2.12714578 -3.07193025
-4.42703460 -1.91150162 3.72071603
-4.20093200 -1.91150162 3.00206908
-3.97482940 -1.91150162 2.23650037
-3.74872680 -1.91150162 1.48459120
-3.52262419 -1.91150162 0.86531394
-3.29652159 -1.91150162 0.52456612
-3.07041899 -1.91150162 0.46635143
-2.84431638 -1.91150162 0.51313862
-2.61821378 -1.91150162 0.55479146
-2.39211118 -1.91150162 0.73851287
-2.16600857 -1.91150162 1.07471214
-1.93990597 -1.91150162 1.44398478
-1.71380337 -1.91150162 1.67904600
-1.48770076 -1.91150162 1.93805138
-1.26159816 -1.91150162 2.20901948
-1.03549556 -1.91150162 2.39615950
-0.80939295 -1.91150162 2.52601767
-0.58329035 -1.91150162 2.64637895
-0.35718775 -1.91150162 2.71452305
-0.13108514 -1.91150162 2.74357162
0.09501746 -1.91150162 2.73224359
0.32112006 -1.91150162 2.67612548
0.54722267 -1.91150162 2.57702275
0.77332527 -1.91150162 2.47620323
0.99942787 -1.91150162 2.38159239
1.22553048 -1.91150162 2.26399144
1.45163308 -1.91150162 2.21410711
1.67773568 -1.91150162 2.16103679
1.90383829 -1.91150162 2.02676437
2.12994089 -1.91150162 1.76383156
2.35604349 -1.91150162 1.59438356
2.58214610 -1.91150162 1.68946408
2.80824870 -1.91150162 1.93577771
3.03435130 -1.91150162 2.51050447
3.26045390 -1.91150162 1.63282843
3.48655651 -1.91150162 0.29536418
3.71265911 -1.91150162 -0.62358653
3.93876171 -1.91150162 -1.42418348
4.16486432 -1.91150162 -2.16975216
4.39096692 -1.91150162 -2.87864173
-4.42703460 -1.69585746 4.16774183
-4.20093200 -1.69585746 3.43311383
-3.97482940 -1.69585746 2.59966232
-3.74872680 -1.69585746 1.70597310
-3.52262419 -1.69585746 0.88101115
-3.29652159 -1.69585746 0.41934087
-3.07041899 -1.69585746 0.44870448
-2.84431638 -1.69585746 0.51043011
-2.61821378 -1.69585746 0.62722273
-2.39211118 -1.69585746 1.28574475
-2.16600857 -1.69585746 1.95525157
-1.93990597 -1.69585746 2.12683407
-1.71380337 -1.69585746 2.35974786
-1.48770076 -1.69585746 2.68077293
-1.26159816 -1.69585746 2.73614765
-1.03549556 -1.69585746 2.76703242
-0.80939295 -1.69585746 2.79529779
-0.58329035 -1.69585746 2.83262166
-0.35718775 -1.69585746 2.84973888
-0.13108514 -1.69585746 2.85073783
0.09501746 -1.69585746 2.82965827
0.32112006 -1.69585746 2.76424169
0.54722267 -1.69585746 2.70423515
0.77332527 -1.69585746 2.77349397
0.99942787 -1.69585746 2.89032605
1.22553048 -1.69585746 2.85668090
1.45163308 -1.69585746 2.72148474
1.67773568 -1.69585746 2.51559363
1.90383829 -1.69585746 2.37508095
2.12994089 -1.69585746 2.16196942
2.35604349 -1.69585746 1.80527304
2.58214610 -1.69585746 1.83818237
2.80824870 -1.69585746 2.08744143
3.03435130 -1.69585746 2.34208504
3.26045390 -1.69585746 1.44552070
3.48655651 -1.69585746 0.44047207
3.71265911 -1.69585746 -0.44978770
3.93876171 -1.69585746 -1.25478199
4.16486432 -1.69585746 -2.00681658
4.39096692 -1.69585746 -2.72316525
-4.42703460 -1.48021330 4.71083500
-4.20093200 -1.48021330 4.01246776
-3.97482940 -1.48021330 3.17304107
-3.74872680 -1.48021330 2.19208639
-3.52262419 -1.48021330 1.11870212
-3.29652159 -1.48021330 0.28454330
-3.07041899 -1.48021330 0.52833325
-2.84431638 -1.48021330 0.48716973
-2.61821378 -1.48021330 2.19155483
-2.39211118 -1.48021330 2.58741579
-2.16600857 -1.48021330 2.43210318
-1.93990597 -1.48021330 2.57653386
-1.71380337 -1.48021330 3.87157697
-1.48770076 -1.48021330 3.85816906
-1.26159816 -1.48021330 3.58740697
-1.03549556 -1.48021330 3.25994084
-0.80939295 -1.48021330 3.03872247
-0.58329035 -1.48021330 2.98880497
-0.35718775 -1.48021330 2.94756592
-0.13108514 -1.48021330 2.91227449
0.09501746 -1.48021330 2.87814891
0.32112006 -1.48021330 2.83240804
0.54722267 -1.48021330 2.84353011
0.77332527 -1.48021330 3.01497348
0.99942787 -1.48021330 3.20995618
1.22553048 -1.48021330 3.19422643
1.45163308 -1.48021330 3.08778877
1.67773568 -1.48021330 2.83353364
1.90383829 -1.48021330 2.61444185
2.12994089 -1.48021330 2.42522336
2.35604349 -1.48021330 2.10766944
2.58214610 -1.48021330 2.05638822
2.80824870 -1.48021330 2.18327679
3.03435130 -1.48021330 1.99288985
3.26045390 -1.48021330 1.16838136
3.48655651 -1.48021330 0.42299801
3.71265911 -1.48021330 -0.36738300
3.93876171 -1.48021330 -1.14281037
4.16486432 -1.48021330 -1.88811810
4.39096692 -1.48021330 -2.60555099
-4.42703460 -1.26456915 5.31594206
-4.20093200 -1.26456915 4.71669837
-3.97482940 -1.26456915 3.96437578
-3.74872680 -1.26456915 3.05142423
-3.52262419 -1.26456915 2.04623881
-3.29652159 -1.26456915 0.74908796
-3.07041899 -1.26456915 1.94146773
-2.84431638 -1.26456915 1.22930717
-2.61821378 -1.26456915 2.87238670
-2.39211118 -1.26456915 2.71368254
-2.16600857 -1.26456915 3.31120172
-1.93990597 -1.26456915 4.20669070
-1.71380337 -1.26456915 4.15042465
-1.48770076 -1.26456915 4.07648883
-1.26159816 -1.26456915 3.97546944
-1.03549556 -1.26456915 3.73703245
-0.80939295 -1.26456915 3.43793482
-0.58329035 -1.26456915 3.20989791
-0.35718775 -1.26456915 3.06126843
-0.13108514 -1.26456915 2.94391650
0.09501746 -1.26456915 2.89417053
0.32112006 -1.26456915 2.89935255
0.54722267 -1.26456915 2.95172225
0.77332527 -1.26456915 3.13849587
0.99942787 -1.26456915 3.36431587
1.22553048 -1.26456915 3.36754541
1.45163308 -1.26456915 3.28086690
1.67773568 -1.26456915 3.04898033
1.90383829 -1.26456915 2.80801301
2.12994089 -1.26456915 2.64262147
2.35604349 -1.26456915 2.35476312
2.58214610 -1.26456915 2.20037101
2.80824870 -1.26456915 2.10633950
3.03435130 -1.26456915 1.64577800
3.26045390 -1.26456915 1.04986850
3.48655651 -1.26456915 0.38333983
3.71265911 -1.26456915 -0.34175089
3.93876171 -1.26456915 -1.08058462
4.16486432 -1.26456915 -1.81156155
4.39096692 -1.26456915 -2.52511938
-4.42703460 -1.04892499 5.90809404
-4.20093200 -1.04892499 5.45432222
-3.97482940 -1.04892499 4.85583530
-3.74872680 -1.04892499 4.06109966
-3.52262419 -1.04892499 3.28646019
-3.29652159 -1.04892499 3.38840849
-3.07041899 -1.04892499 1.71467738
-2.84431638 -1.04892499 2.93998663
-2.61821378 -1.04892499 3.47930203
-2.39211118 -1.04892499 3.36364376
-2.16600857 -1.04892499 3.60934647
-1.93990597 -1.04892499 4.00492536
-1.71380337 -1.04892499 4.15221160
-1.48770076 -1.04892499 4.15280863
-1.26159816 -1.04892499 4.11537738
-1.03549556 -1.04892499 3.96021837
-0.80939295 -1.04892499 3.77363856
-0.58329035 -1.04892499 3.51192107
-0.35718775 -1.04892499 3.27208504
-0.13108514 -1.04892499 3.04291081
0.09501746 -1.04892499 2.92355901
0.32112006 -1.04892499 2.98243962
0.54722267 -1.04892499 3.04294243
0.77332527 -1.04892499 3.26335559
0.99942787 -1.04892499 3.46088644
1.22553048 -1.04892499 3.53040970
1.45163308 -1.04892499 3.42498734
1.67773568 -1.04892499 3.18043320
1.90383829 -1.04892499 2.95270977
2.12994089 -1.04892499 2.77834658
2.35604349 -1.04892499 2.51141019
2.58214610 -1.04892499 2.23979060
2.80824870 -1.04892499 2.00244289
3.03435130 -1.04892499 1.56448582
3.26045390 -1.04892499 1.00771568
3.48655651 -1.04892499 0.35001846
3.71265911 -1.04892499 -0.33780782
3.93876171 -1.04892499 -1.05227986
4.16486432 -1.04892499 -1.77155333
4.39096692 -1.04892499 -2.48007123
-4.42703460 -0.83328083 6.38050730
-4.20093200 -0.83328083 6.07756273
-3.97482940 -0.83328083 5.66005346
-3.74872680 -0.83328083 4.96777119
-3.52262419 -0.83328083 3.54294392
-3.29652159 -0.83328083 2.60322416
-3.07041899 -0.83328083 2.14114565
-2.84431638 -0.83328083 3.98280329
-2.61821378 -0.83328083 3.35096887
-2.39211118 -0.83328083 3.40595361
-2.16600857 -0.83328083 3.48715909
-1.93990597 -0.83328083 3.99654614
-1.71380337 -0.83328083 4.15852151
-1.48770076 -0.83328083 4.28740142
-1.26159816 -0.83328083 4.34501906
-1.03549556 -0.83328083 4.24699655
-0.80939295 -0.83328083 4.09392462
-0.58329035 -0.83328083 3.85423215
-0.35718775 -0.83328083 3.61319553
-0.13108514 -0.83328083 3.32328101
0.09501746 -0.83328083 3.04956476
0.32112006 -0.83328083 3.09771887
0.54722267 -0.83328083 3.23085189
0.77332527 -0.83328083 3.45129793
0.99942787 -0.83328083 3.57066261
1.22553048 -0.83328083 3.58085335
1.45163308 -0.83328083 3.42953424
1.67773568 -0.83328083 3.21772505
1.90383829 -0.83328083 3.03145284
2.12994089 -0.83328083 2.86998835
2.35604349 -0.83328083 2.65481603
2.58214610 -0.83328083 2.33387557
2.80824870 -0.83328083 2.04058018
3.03435130 -0.83328083 1.61838037
3.26045390 -0.83328083 1.00879163
3.48655651 -0.83328083 0.34632936
3.71265911 -0.83328083 -0.33658093
3.93876171 -0.83328083 -1.04882351
4.16486432 -0.83328083 -1.76455102
4.39096692 -0.83328083 -2.46901226
-4.42703460 -0.61763667 6.62329605
-4.20093200 -0.61763667 6.41503005
-3.97482940 -0.61763667 6.13541490
-3.74872680 -0.61763667 5.65394047
-3.52262419 -0.61763667 4.49578938
-3.29652159 -0.61763667 1.38823335
-3.07041899 -0.61763667 3.04363942
-2.84431638 -0.61763667 3.66758770
-2.61821378 -0.61763667 3.30372789
-2.39211118 -0.61763667 3.44140182
-2.16600857 -0.61763667 3.40083845
-1.93990597 -0.61763667 3.86076359
-1.71380337 -0.61763667 4.18694185
-1.48770076 -0.61763667 4.44672758
-1.26159816 -0.61763667 4.54166258
-1.03549556 -0.61763667 4.42835429
-0.80939295 -0.61763667 4.25876938
-0.58329035 -0.61763667 4.05173838
-0.35718775 -0.61763667 3.85559898
-0.13108514 -0.61763667 3.64647755
0.09501746 -0.61763667 3.47685854
0.32112006 -0.61763667 3.32732076
0.54722267 -0.61763667 3.35539693
0.77332527 -0.61763667 3.47856855
0.99942787 -0.61763667 3.56352727
1.22553048 -0.61763667 3.52559134
1.45163308 -0.61763667 3.37979096
1.67773568 -0.61763667 3.21504563
1.90383829 -0.61763667 3.06545065
2.12994089 -0.61763667 2.90954313
2.35604349 -0.61763667 2.73177648
2.58214610 -0.61763667 2.42515579
2.80824870 -0.61763667 2.05206308
3.03435130 -0.61763667 1.63754403
3.26045390 -0.61763667 1.02349823
3.48655651 -0.61763667 0.36838998
3.71265911 -0.61763667 -0.35283935
3.93876171 -0.61763667 -1.07665608
4.16486432 -0.61763667 -1.79233551
4.39096692 -0.61763667 -2.49181670
-4.42703460 -0.40199251 6.56887728
-4.20093200 -0.40199251 6.34680442
-3.97482940 -0.40199251 6.04025214
-3.74872680 -0.40199251 5.50542502
-3.52262419 -0.40199251 4.30205882
-3.29652159 -0.40199251 1.08781654
-3.07041899 -0.40199251 3.07624694
-2.84431638 -0.40199251 3.42264216
-2.61821378 -0.40199251 3.35452610
-2.39211118 -0.40199251 3.46425117
-2.16600857 -0.40199251 3.37111205
-1.93990597 -0.40199251 3.74117882
-1.71380337 -0.40199251 4.27948043
-1.48770076 -0.40199251 4.52749944
-1.26159816 -0.40199251 4.56641930
-1.03549556 -0.40199251 4.44907458
-0.80939295 -0.40199251 4.29340637
-0.58329035 -0.40199251 4.11148200
-0.35718775 -0.40199251 3.90993689
-0.13108514 -0.40199251 3.72548528
0.09501746 -0.40199251 3.56390239
0.32112006 -0.40199251 3.45447141
0.54722267 -0.40199251 3.43719176
0.77332527 -0.40199251 3.48733564
0.99942787 -0.40199251 3.50393835
1.22553048 -0.40199251 3.45087702
1.45163308 -0.40199251 3.34574181
1.67773568 -0.40199251 3.21123083
1.90383829 -0.40199251 3.04835057
2.12994089 -0.40199251 2.85082036
2.35604349 -0.40199251 2.64894713
2.58214610 -0.40199251 2.40679955
2.80824870 -0.40199251 2.05768723
3.03435130 -0.40199251 1.60029826
3.26045390 -0.40199251 0.93752635
3.48655651 -0.40199251 0.27803537
3.71265911 -0.40199251 -0.42912960
3.93876171 -0.40199251 -1.14891249
4.16486432 -0.40199251 -1.85825282
4.39096692 -0.40199251 -2.54807512
-4.42703460 -0.18634835 6.22861705
-4.20093200 -0.18634835 5.89686982
-3.97482940 -0.18634835 5.43179759
-3.74872680 -0.18634835 4.69787700
-3.52262419 -0.18634835 3.53079768
-3.29652159 -0.18634835 2.43418239
-3.07041899 -0.18634835 2.16859003
-2.84431638 -0.18634835 3.60255641
-2.61821378 -0.18634835 3.39799554
-2.39211118 -0.18634835 3.42216542
-2.16600857 -0.18634835 3.62053722
-1.93990597 -0.18634835 3.96192097
-1.71380337 -0.18634835 4.27217100
-1.48770076 -0.18634835 4.53659754
-1.26159816 -0.18634835 4.54512017
-1.03549556 -0.18634835 4.42095318
-0.80939295 -0.18634835 4.26878377
-0.58329035 -0.18634835 4.09468854
-0.35718775 -0.18634835 3.90298749
-0.13108514 -0.18634835 3.72561436
0.09501746 -0.18634835 3.58799565
0.32112006 -0.18634835 3.50431062
0.54722267 -0.18634835 3.49015343
0.77332527 -0.18634835 3.50333570
0.99942787 -0.18634835 3.48517571
1.22553048 -0.18634835 3.41681290
1.45163308 -0.18634835 3.31135891
1.67773568 -0.18634835 3.16026781
1.90383829 -0.18634835 2.95283754
2.12994089 -0.18634835 2.72559018
2.35604349 -0.18634835 2.51071069
2.58214610 -0.18634835 2.26998825
2.80824870 -0.18634835 1.98479238
3.03435130 -0.18634835 1.49078158
3.26045390 -0.18634835 0.81149285
3.48655651 -0.18634835 0.14176883
3.71265911 -0.18634835 -0.55622381
3.93876171 -0.18634835 -1.26470714
4.16486432 -0.18634835 -1.96050913
4.39096692 -0.18634835 -2.63449049
-4.42703460 0.02929580 5.68407808
-4.20093200 0.02929580 5.20873634
-3.97482940 0.02929580 4.57622894
-3.74872680 0.02929580 3.72741939
-3.52262419 0.02929580 2.69870552
-3.29652159 0.02929580 1.93833306
-3.07041899 0.02929580 1.39868561
-2.84431638 0.02929580 3.17484631
-2.61821378 0.02929580 3.21899614
-2.39211118 0.02929580 3.48441709
-2.16600857 0.02929580 3.79841640
-1.93990597 0.02929580 4.10907690
-1.71380337 0.02929580 4.21366860
-1.48770076 0.02929580 4.46208537
-1.26159816 0.02929580 4.46261827
-1.03549556 0.02929580 4.34008759
-0.80939295 0.02929580 4.17973257
-0.58329035 0.02929580 4.01558839
-0.35718775 0.02929580 3.84960598
-0.13108514 0.02929580 3.68037487
0.09501746 0.02929580 3.54741392
0.32112006 0.02929580 3.46458124
0.54722267 0.02929580 3.46450436
0.77332527 0.02929580 3.49278643
0.99942787 0.02929580 3.48848896
1.22553048 0.02929580 3.42480917
1.45163308 0.02929580 3.30366893
1.67773568 0.02929580 3.11399059
1.90383829 0.02929580 2.89167616
2.12994089 0.02929580 2.63903373
2.35604349 0.02929580 2.39105690
2.58214610 0.02929580 2.11817056
2.80824870 0.02929580 1.76839767
3.03435130 0.02929580 1.25377782
3.26045390 0.02929580 0.67841515
3.48655651 0.02929580 0.00005607
3.71265911 0.02929580 -0.71205164
3.93876171 0.02929580 -1.41342256
4.16486432 0.02929580 -2.09118161
4.39096692 0.02929580 -2.74369290
-4.42703460 0.24493996 5.04296069
-4.20093200 0.24493996 4.44459904
-3.97482940 0.24493996 3.69448875
-3.74872680 0.24493996 2.78440416
-3.52262419 0.24493996 1.81252228
-3.29652159 0.24493996 0.98245860
-3.07041899 0.24493996 1.84659605
-2.84431638 0.24493996 3.18392628
-2.61821378 0.24493996 2.83212642
-2.39211118 0.24493996 3.30545126
-2.16600857 0.24493996 3.99376902
-1.93990597 0.24493996 4.24183206
-1.71380337 0.24493996 4.12536033
-1.48770076 0.24493996 4.24698152
-1.26159816 0.24493996 4.23185753
-1.03549556 0.24493996 4.12258750
-0.80939295 0.24493996 3.96457808
-0.58329035 0.24493996 3.82716659
-0.35718775 0.24493996 3.67449760
-0.13108514 0.24493996 3.50225797
0.09501746 0.24493996 3.38997100
0.32112006 0.24493996 3.37140335
0.54722267 0.24493996 3.44243384
0.77332527 0.24493996 3.50012697
0.99942787 0.24493996 3.51917777
1.22553048 0.24493996 3.46324608
1.45163308 0.24493996 3.34478799
1.67773568 0.24493996 3.17981311
1.90383829 0.24493996 2.96888590
2.12994089 0.24493996 2.70033376
2.35604349 0.24493996 2.41965526
2.58214610 0.24493996 2.11822470
2.80824870 0.24493996 1.63992710
3.03435130 0.24493996 1.12576204
3.26045390 0.24493996 0.58089970
3.48655651 0.24493996 -0.16516078
3.71265911 0.24493996 -0.89592856
3.93876171 0.24493996 -1.58448562
4.16486432 0.24493996 -2.23796012
4.39096692 0.24493996 -2.86439173
-4.42703460 0.46058412 4.39932421
-4.20093200 0.46058412 3.72681392
-3.97482940 0.46058412 2.92959500
-3.74872680 0.46058412 2.02479698
-3.52262419 0.46058412 1.09618794
-3.29652159 0.46058412 0.37105565
-3.07041899 0.46058412 0.43486798
-2.84431638 0.46058412 2.02767970
-2.61821378 0.46058412 2.24410562
-2.39211118 0.46058412 2.48037081
-2.16600857 0.46058412 3.30531990
-1.93990597 0.46058412 4.18105033
-1.71380337 0.46058412 4.03708223
-1.48770076 0.46058412 4.00508566
-1.26159816 0.46058412 3.89570015
-1.03549556 0.46058412 3.74853733
-0.80939295 0.46058412 3.60731999
-0.58329035 0.46058412 3.45291495
-0.35718775 0.46058412 3.32109656
-0.13108514 0.46058412 3.16636822
0.09501746 0.46058412 3.12825216
0.32112006 0.46058412 3.21880212
0.54722267 0.46058412 3.44850713
0.77332527 0.46058412 3.57182693
0.99942787 0.46058412 3.58041692
1.22553048 0.46058412 3.50001892
1.45163308 0.46058412 3.36273854
1.67773568 0.46058412 3.21123395
1.90383829 0.46058412 3.03517297
2.12994089 0.46058412 2.83237678
2.35604349 0.46058412 2.61976504
2.58214610 0.46058412 2.34880449
2.80824870 0.46058412 1.91898849
3.03435130 0.46058412 1.21229929
3.26045390 0.46058412 0.40688448
3.48655651 0.46058412 -0.38597632
3.71265911 0.46058412 -1.10078495
3.93876171 0.46058412 -1.75987896
4.16486432 0.46058412 -2.38305518
4.39096692 0.46058412 -2.98189988
-4.42703460 0.67622828 3.81434716
-4.20093200 0.67622828 3.12171521
-3.97482940 0.67622828 2.34753743
-3.74872680 0.67622828 1.53438992
-3.52262419 0.67622828 0.79371293
-3.29652159 0.67622828 0.35247614
-3.07041899 0.67622828 0.43474350
-2.84431638 0.67622828 0.62110406
-2.61821378 0.67622828 1.24795875
-2.39211118 0.67622828 2.23034747
-2.16600857 0.67622828 3.25990604
-1.93990597 0.67622828 3.31715974
-1.71380337 0.67622828 3.95645104
-1.48770076 0.67622828 3.73934205
-1.26159816 0.67622828 3.58590497
-1.03549556 0.67622828 3.38761377
-0.80939295 0.67622828 3.25874699
-0.58329035 0.67622828 3.15105372
-0.35718775 0.67622828 3.05666712
-0.13108514 0.67622828 2.96864669
0.09501746 0.67622828 2.99275726
0.32112006 0.67622828 3.08195916
0.54722267 0.67622828 3.31600058
0.77332527 0.67622828 3.60773577
0.99942787 0.67622828 3.64777602
1.22553048 0.67622828 3.54087232
1.45163308 0.67622828 3.36473495
1.67773568 0.67622828 3.18686556
1.90383829 0.67622828 3.02939702
2.12994089 0.67622828 2.86735537
2.35604349 0.67622828 2.69697311
2.58214610 0.67622828 2.44297481
2.80824870 0.67622828 2.22228300
3.03435130 0.67622828 1.40871423
3.26045390 0.67622828 0.19499286
3.48655651 0.67622828 -0.59653744
3.71265911 0.67622828 -1.27765187
3.93876171 0.67622828 -1.90649275
4.16486432 0.67622828 -2.50365339
4.39096692 0.67622828 -3.08009232
-4.42703460 0.89187244 3.31436968
-4.20093200 0.89187244 2.64352953
-3.97482940 0.89187244 1.93656574
-3.74872680 0.89187244 1.24913867
-3.52262419 0.89187244 0.68430013
-3.29652159 0.89187244 0.37929152
-3.07041899 0.89187244 0.39203865
-2.84431638 0.89187244 0.56068671
-2.61821378 0.89187244 0.76850015
-2.39211118 0.89187244 1.29582778
-2.16600857 0.89187244 1.72871889
-1.93990597 0.89187244 2.49405202
-1.71380337 0.89187244 2.72629555
-1.48770076 0.89187244 3.09854245
-1.26159816 0.89187244 3.01995150
-1.03549556 0.89187244 3.00603456
-0.80939295 0.89187244 2.98644409
-0.58329035 0.89187244 2.98704949
-0.35718775 0.89187244 2.94323763
-0.13108514 0.89187244 2.91185648
0.09501746 0.89187244 2.95953006
0.32112006 0.89187244 3.03654838
0.54722267 0.89187244 3.20598650
0.77332527 0.89187244 3.55701571
0.99942787 0.89187244 3.65499856
1.22553048 0.89187244 3.55574617
1.45163308 0.89187244 3.33629032
1.67773568 0.89187244 3.11997491
1.90383829 0.89187244 2.96535172
2.12994089 0.89187244 2.81695950
2.35604349 0.89187244 2.64357871
2.58214610 0.89187244 2.36611923
2.80824870 0.89187244 2.16037916
3.03435130 0.89187244 1.51746970
3.26045390 0.89187244 0.20457154
3.48655651 0.89187244 -0.65853187
3.71265911 0.89187244 -1.36246841
3.93876171 0.89187244 -1.99079498
4.16486432 0.89187244 -2.57968171
4.39096692 0.89187244 -3.14582034
-4.42703460 1.10751659 2.89988716
-4.20093200 1.10751659 2.27403184
-3.97482940 1.10751659 1.64751977
-3.74872680 1.10751659 1.07336678
-3.52262419 1.10751659 0.62677723
-3.29652159 1.10751659 0.37963153
-3.07041899 1.10751659 0.34168205
-2.84431638 1.10751659 0.43356873
-2.61821378 1.10751659 0.60652145
-2.39211118 1.10751659 0.93715287
-2.16600857 1.10751659 1.37848865
-1.93990597 1.10751659 1.91256084
-1.71380337 1.10751659 2.18476241
-1.48770076 1.10751659 2.46225610
-1.26159816 1.10751659 2.64280698
-1.03549556 1.10751659 2.76895818
-0.80939295 1.10751659 2.83339859
-0.58329035 1.10751659 2.87113863
-0.35718775 1.10751659 2.86355840
-0.13108514 1.10751659 2.84073595
0.09501746 1.10751659 2.88571890
0.32112006 1.10751659 2.98561206
0.54722267 1.10751659 3.21235893
0.77332527 1.10751659 3.45616339
0.99942787 1.10751659 3.54632833
1.22553048 1.10751659 3.46525842
1.45163308 1.10751659 3.22159731
1.67773568 1.10751659 3.01106071
1.90383829 1.10751659 2.87143201
2.12994089 1.10751659 2.70984552
2.35604349 1.10751659 2.49658707
2.58214610 1.10751659 2.26635188
2.80824870 1.10751659 2.07621650
3.03435130 1.10751659 1.82336547
3.26045390 1.10751659 0.44739721
3.48655651 1.10751659 -0.58156598
3.71265911 1.10751659 -1.34955272
3.93876171 1.10751659 -2.00419983
4.16486432 1.10751659 -2.60393369
4.39096692 1.10751659 -3.17364246
-4.42703460 1.32316075 2.55794686
-4.20093200 1.32316075 1.98465956
-3.97482940 1.32316075 1.43327107
-3.74872680 1.32316075 0.94704191
-3.52262419 1.32316075 0.57624634
-3.29652159 1.32316075 0.35898621
-3.07041899 1.32316075 0.29610186
-2.84431638 1.32316075 0.35157386
-2.61821378 1.32316075 0.49453146
-2.39211118 1.32316075 0.70593074
-2.16600857 1.32316075 1.09527087
-1.93990597 1.32316075 1.48277876
-1.71380337 1.32316075 1.80396196
-1.48770076 1.32316075 2.13750871
-1.26159816 1.32316075 2.40938097
-1.03549556 1.32316075 2.61621699
-0.80939295 1.32316075 2.72144116
-0.58329035 1.32316075 2.76439991
-0.35718775 1.32316075 2.77690532
-0.13108514 1.32316075 2.75659315
0.09501746 1.32316075 2.71803387
0.32112006 1.32316075 2.84742213
0.54722267 1.32316075 3.17984173
0.77332527 1.32316075 3.32948552
0.99942787 1.32316075 3.36612500
1.22553048 1.32316075 3.27486133
1.45163308 1.32316075 3.05661741
1.67773568 1.32316075 2.88079313
1.90383829 1.32316075 2.74802428
2.12994089 1.32316075 2.58884757
2.35604349 1.32316075 2.41966390
2.58214610 1.32316075 2.37905228
2.80824870 1.32316075 2.21670800
3.03435130 1.32316075 1.49576104
3.26045390 1.32316075 0.39737372
3.48655651 1.32316075 -0.50812218
3.71265911 1.32316075 -1.28431044
3.93876171 1.32316075 -1.96416381
4.16486432 1.32316075 -2.58418824
4.39096692 1.32316075 -3.16737549
-4.42703460 1.53880491 2.27179801
-4.20093200 1.53880491 1.74936072
-3.97482940 1.53880491 1.26109230
-3.74872680 1.53880491 0.84006350
-3.52262419 1.53880491 0.51974005
-3.29652159 1.53880491 0.32247248
-3.07041899 1.53880491 0.24905541
-2.84431638 1.53880491 0.27987749
-2.61821378 1.53880491 0.38066499
-2.39211118 1.53880491 0.49664570
-2.16600857 1.53880491 0.78855455
-1.93990597 1.53880491 1.23358625
-1.71380337 1.53880491 1.54361070
-1.48770076 1.53880491 1.77448017
-1.26159816 1.53880491 2.07008610
-1.03549556 1.53880491 2.31445034
-0.80939295 1.53880491 2.53552348
-0.58329035 1.53880491 2.61043572
-0.35718775 1.53880491 2.65640216
-0.13108514 1.53880491 2.62944795
0.09501746 1.53880491 2.59645715
0.32112006 1.53880491 2.64457304
0.54722267 1.53880491 2.96243043
0.77332527 1.53880491 3.10693291
0.99942787 1.53880491 3.09187242
1.22553048 1.53880491 2.95549782
1.45163308 1.53880491 2.83533529
1.67773568 1.53880491 2.71472279
1.90383829 1.53880491 2.53602815
2.12994089 1.53880491 2.31284408
2.35604349 1.53880491 2.28011232
2.58214610 1.53880491 2.50560112
2.80824870 1.53880491 2.26791199
3.03435130 1.53880491 1.43928274
3.26045390 1.53880491 0.44706989
3.48655651 1.53880491 -0.41989600
3.71265911 1.53880491 -1.19633509
3.93876171 1.53880491 -1.89599432
4.16486432 1.53880491 -2.53737453
4.39096692 1.53880491 -3.13791309
-4.42703460 1.75444907 2.02600591
-4.20093200 1.75444907 1.54846091
-3.97482940 1.75444907 1.11062338
-3.74872680 1.75444907 0.73729303
-3.52262419 1.75444907 0.45141526
-3.29652159 1.75444907 0.26754978
-3.07041899 1.75444907 0.18705883
-2.84431638 1.75444907 0.19837308
-2.61821378 1.75444907 0.28162589
-2.39211118 1.75444907 0.42570477
-2.16600857 1.75444907 0.57526538
-1.93990597 1.75444907 0.86053732
-1.71380337 1.75444907 1.18747304
-1.48770076 1.75444907 1.46553646
-1.26159816 1.75444907 1.64646910
-1.03549556 1.75444907 1.78954608
-0.80939295 1.75444907 2.01475833
-0.58329035 1.75444907 2.20479649
-0.35718775 1.75444907 2.34390699
-0.13108514 1.75444907 2.38341235
0.09501746 1.75444907 2.36550834
0.32112006 1.75444907 2.35442111
0.54722267 1.75444907 2.47420110
0.77332527 1.75444907 2.61674280
0.99942787 1.75444907 2.60702824
1.22553048 1.75444907 2.60874147
1.45163308 1.75444907 2.59347682
1.67773568 1.75444907 2.46997664
1.90383829 1.75444907 2.20966075
2.12994089 1.75444907 2.06111390
2.35604349 1.75444907 2.26720370
2.58214610 1.75444907 2.57977489
2.80824870 1.75444907 2.19212661
3.03435130 1.75444907 1.32586542
3.26045390 1.75444907 0.51671714
3.48655651 1.75444907 -0.33282590
3.71265911 1.75444907 -1.11329268
3.93876171 1.75444907 -1.82578351
4.16486432 1.75444907 -2.48343023
4.39096692 1.75444907 -3.09951326
-4.42703460 1.97009323 1.80823845
-4.20093200 1.97009323 1.36832898
-3.97482940 1.97009323 0.96961130
-3.74872680 1.97009323 0.63066525
-3.52262419 1.97009323 0.36768501
-3.29652159 1.97009323 0.19069082
-3.07041899 1.97009323 0.10104413
-2.84431638 1.97009323 0.09167997
-2.61821378 1.97009323 0.14953775
-2.39211118 1.97009323 0.25059852
-2.16600857 1.97009323 0.34273241
-1.93990597 1.97009323 0.49243959
-1.71380337 1.97009323 0.76509518
-1.48770076 1.97009323 1.11259412
-1.26159816 1.97009323 1.37605273
-1.03549556 1.97009323 1.47316392
-0.80939295 1.97009323 1.52525301
-0.58329035 1.97009323 1.63912676
-0.35718775 1.97009323 1.76085337
-0.13108514 1.97009323 1.85286014
0.09501746 1.97009323 1.88915701
0.32112006 1.97009323 1.88325632
0.54722267 1.97009323 1.93676103
0.77332527 1.97009323 1.94890596
0.99942787 1.97009323 2.01248312
1.22553048 1.97009323 2.14059327
1.45163308 1.97009323 2.10961119
1.67773568 1.97009323 1.99105127
1.90383829 1.97009323 1.82492453
2.12994089 1.97009323 1.95358321
2.35604349 1.97009323 2.43619709
2.58214610 1.97009323 2.67622052
2.80824870 1.97009323 2.08697886
3.03435130 1.97009323 1.23474348
3.26045390 1.97009323 0.47424782
3.48655651 1.97009323 -0.31191158
3.71265911 1.97009323 -1.06813768
3.93876171 1.97009323 -1.77702338
4.16486432 1.97009323 -2.44065810
4.39096692 1.97009323 -3.06628499
-4.42703460 2.18573739 1.60939454
-4.20093200 2.18573739 1.20000699
-3.97482940 2.18573739 0.83094390
-3.74872680 2.18573739 0.51615621
-3.52262419 2.18573739 0.26722705
-3.29652159 2.18573739 0.09101241
-3.07041899 2.18573739 -0.01195007
-2.84431638 2.18573739 -0.04788961
-2.61821378 2.18573739 -0.03015026
-2.39211118 2.18573739 0.01947531
-2.16600857 2.18573739 0.08626286
-1.93990597 2.18573739 0.20483556
-1.71380337 2.18573739 0.39579414
-1.48770076 2.18573739 0.64151598
-1.26159816 2.18573739 0.87733577
-1.03549556 2.18573739 1.06811857
-0.80939295 2.18573739 1.21993448
-0.58329035 2.18573739 1.34387892
-0.35718775 2.18573739 1.39719336
-0.13108514 2.18573739 1.49367505
0.09501746 2.18573739 1.51506195
0.32112006 2.18573739 1.51819441
0.54722267 2.18573739 1.55988413
0.77332527 2.18573739 1.55077782
0.99942787 2.18573739 1.52659223
1.22553048 2.18573739 1.52253614
1.45163308 2.18573739 1.54936187
1.67773568 2.18573739 1.67824436
1.90383829 2.18573739 1.74583172
2.12994089 2.18573739 2.10526880
2.35604349 2.18573739 2.66922728
2.58214610 2.18573739 2.58207320
2.80824870 2.18573739 1.84120404
3.03435130 2.18573739 1.06465216
3.26045390 2.18573739 0.36298260
3.48655651 2.18573739 -0.35731837
3.71265911 2.18573739 -1.07287034
3.93876171 2.18573739 -1.76346360
4.16486432 2.18573739 -2.42215075
4.39096692 2.18573739 -3.04969249
-4.42703460 2.40138154 1.42312951
-4.20093200 2.40138154 1.03792583
-3.97482940 2.40138154 0.69088333
-3.74872680 2.40138154 0.39248686
-3.52262419 2.40138154 0.15103032
-3.29652159 2.40138154 -0.02895747
-3.07041899 2.40138154 -0.14783857
-2.84431638 2.40138154 -0.21133720
-2.61821378 2.40138154 -0.23021396
-2.39211118 2.40138154 -0.21713489
-2.16600857 2.40138154 -0.17583538
-1.93990597 2.40138154 -0.09395902
-1.71380337 2.40138154 0.03203872
-1.48770076 2.40138154 0.17252198
-1.26159816 2.40138154 0.30346327
-1.03549556 2.40138154 0.52864155
-0.80939295 2.40138154 0.73386297
-0.58329035 2.40138154 0.84490400
-0.35718775 2.40138154 0.96901172
-0.13108514 2.40138154 1.16839307
0.09501746 2.40138154 1.16938054
0.32112006 2.40138154 1.13231883
0.54722267 2.40138154 1.17781570
0.77332527 2.40138154 1.14282597
0.99942787 2.40138154 1.11576764
1.22553048 2.40138154 1.11571567
1.45163308 2.40138154 1.22627914
1.67773568 2.40138154 1.70606185
1.90383829 2.40138154 1.86902613
2.12994089 2.40138154 2.36586940
2.35604349 2.40138154 2.72085177
2.58214610 2.40138154 2.31434512
2.80824870 2.40138154 1.57065394
3.03435130 2.40138154 0.86194900
3.26045390 2.40138154 0.22096338
3.48655651 2.40138154 -0.44706006
3.71265911 2.40138154 -1.12318856
3.93876171 2.40138154 -1.78925753
4.16486432 2.40138154 -2.43520196
4.39096692 2.40138154 -3.05766998
-4.42703460 2.61702570 1.24524948
-4.20093200 2.61702570 0.87889559
-3.97482940 2.61702570 0.54791698
-3.74872680 2.61702570 0.26020607
-3.52262419 2.61702570 0.02170780
-3.29652159 2.61702570 -0.16464363
-3.07041899 2.61702570 -0.29963972
-2.84431638 2.61702570 -0.38789273
-2.61821378 2.61702570 -0.43684065
-2.39211118 2.61702570 -0.45372814
-2.16600857 2.61702570 -0.44099829
-1.93990597 2.61702570 -0.39648360
-1.71380337 2.61702570 -0.32312735
-1.48770076 2.61702570 -0.23257437
-1.26159816 2.61702570 -0.11578703
-1.03549556 2.61702570 0.05079221
-0.80939295 2.61702570 0.21581711
-0.58329035 2.61702570 0.34770796
-0.35718775 2.61702570 0.50395289
-0.13108514 2.61702570 0.65523525
0.09501746 2.61702570 0.60506599
0.32112006 2.61702570 0.53836114
0.54722267 2.61702570 0.59218409
0.77332527 2.61702570 0.59563480
0.99942787 2.61702570 0.61589389
1.22553048 2.61702570 0.65162867
1.45163308 2.61702570 0.77883407
1.67773568 2.61702570 1.68103561
1.90383829 2.61702570 2.11569585
2.12994089 2.61702570 2.44335937
2.35604349 2.61702570 2.36778177
2.58214610 2.61702570 1.86419824
2.80824870 2.61702570 1.26000295
3.03435130 2.61702570 0.67756883
3.26045390 2.61702570 0.06218843
3.48655651 2.61702570 -0.57170581
3.71265911 2.61702570 -1.21463522
3.93876171 2.61702570 -1.85488329
4.16486432 2.61702570 -2.48333238
4.39096692 2.61702570 -3.09512278
-4.42703460 2.83266986 1.07314424
-4.20093200 2.83266986 0.72133040
-3.97482940 2.83266986 0.40191540
-3.74872680 2.83266986 0.12087441
-3.52262419 2.83266986 -0.11748437
-3.29652159 2.83266986 -0.31121456
-3.07041899 2.83266986 -0.46111289
-2.84431638 2.83266986 -0.57055022
-2.61821378 2.83266986 -0.64447633
-2.39211118 2.83266986 -0.68752017
-2.16600857 2.83266986 -0.70219373
-1.93990597 2.83266986 -0.68950269
-1.71380337 2.83266986 -0.65166614
-1.48770076 2.83266986 -0.59050652
-1.26159816 2.83266986 -0.50060277
-1.03549556 2.83266986 -0.38072187
-0.80939295 2.83266986 -0.25227940
-0.58329035 2.83266986 -0.13048360
-0.35718775 2.83266986 -0.01329812
-0.13108514 2.83266986 0.05457255
0.09501746 2.83266986 0.02546296
0.32112006 2.83266986 -0.02019777
0.54722267 2.83266986 -0.02133091
0.77332527 2.83266986 -0.01837443
0.99942787 2.83266986 -0.02061568
1.22553048 2.83266986 -0.01460496
1.45163308 2.83266986 0.19934007
1.67773568 2.83266986 1.09851907
1.90383829 2.83266986 2.08270754
2.12994089 2.83266986 2.08181195
2.35604349 2.83266986 1.83709399
2.58214610 2.83266986 1.41723153
2.80824870 2.83266986 0.94746287
3.03435130 2.83266986 0.42624665
3.26045390 2.83266986 -0.14040969
3.48655651 2.83266986 -0.73737937
3.71265911 2.83266986 -1.34793644
3.93876171 2.83266986 -1.96095790
4.16486432 2.83266986 -2.56832163
4.39096692 2.83266986 -3.16483541
-4.42703460 3.04831402 0.90531086
-4.20093200 3.04831402 0.56466223
-3.97482940 3.04831402 0.25350845
-3.74872680 3.04831402 -0.02357338
-3.52262419 3.04831402 -0.26338685
-3.29652159 3.04831402 -0.46455100
-3.07041899 3.04831402 -0.62766758
-2.84431638 3.04831402 -0.75507254
-2.61821378 3.04831402 -0.85008616
-2.39211118 3.04831402 -0.91591943
-2.16600857 3.04831402 -0.95484986
-1.93990597 3.04831402 -0.96833987
-1.71380337 3.04831402 -0.95752911
-1.48770076 3.04831402 -0.92253203
-1.26159816 3.04831402 -0.86237841
-1.03549556 3.04831402 -0.78053873
-0.80939295 3.04831402 -0.68883505
-0.58329035 3.04831402 -0.60014158
-0.35718775 3.04831402 -0.52829418
-0.13108514 3.04831402 -0.49811882
0.09501746 3.04831402 -0.51917420
0.32112006 3.04831402 -0.55802932
0.54722267 3.04831402 -0.58502111
0.77332527 3.04831402 -0.60412274
0.99942787 3.04831402 -0.61611620
1.22553048 3.04831402 -0.57785486
1.45163308 3.04831402 -0.33814181
1.67773568 3.04831402 0.31404565
1.90383829 3.04831402 1.18810255
2.12994089 3.04831402 1.38362411
2.35604349 3.04831402 1.25809540
2.58214610 3.04831402 0.99870168
2.80824870 3.04831402 0.62289073
3.03435130 3.04831402 0.13600329
3.26045390 3.04831402 -0.39235067
3.48655651 3.04831402 -0.95004877
3.71265911 3.04831402 -1.52537074
3.93876171 3.04831402 -2.10821666
4.16486432 3.04831402 -2.69089716
4.39096692 3.04831402 -3.26804368
-4.42703460 3.26395818 0.74098001
-4.20093200 3.26395818 0.40891622
-3.97482940 3.26395818 0.10365774
-3.74872680 3.26395818 -0.17122824
-3.52262419 3.26395818 -0.41329116
-3.29652159 3.26395818 -0.62146055
-3.07041899 3.26395818 -0.79609994
-2.84431638 3.26395818 -0.93877670
-2.61821378 3.26395818 -1.05174826
-2.39211118 3.26395818 -1.13731641
-2.16600857 3.26395818 -1.19735201
-1.93990597 3.26395818 -1.23320027
-1.71380337 3.26395818 -1.24577687
-1.48770076 3.26395818 -1.23569303
-1.26159816 3.26395818 -1.20426385
-1.03549556 3.26395818 -1.15595162
-0.80939295 3.26395818 -1.09953766
-0.58329035 3.26395818 -1.04634976
-0.35718775 3.26395818 -1.00942762
-0.13108514 3.26395818 -1.00146846
0.09501746 3.26395818 -1.02372490
0.32112006 3.26395818 -1.06061152
0.54722267 3.26395818 -1.09507905
0.77332527 3.26395818 -1.11833685
0.99942787 3.26395818 -1.11481317
1.22553048 3.26395818 -1.03677247
1.45163308 3.26395818 -0.79260684
1.67773568 3.26395818 -0.31291648
1.90383829 3.26395818 0.24139080
2.12994089 3.26395818 0.59089412
2.35604349 3.26395818 0.64614350
2.58214610 3.26395818 0.48023941
2.80824870 3.26395818 0.18154916
3.03435130 3.26395818 -0.22747464
3.26045390 3.26395818 -0.70050444
3.48655651 3.26395818 -1.21192830
3.71265911 3.26395818 -1.74732011
3.93876171 3.26395818 -2.29616308
4.16486432 3.26395818 -2.85051290
4.39096692 3.26395818 -3.40459440
-4.42703460 3.47960233 0.57983972
-4.20093200 3.47960233 0.25442229
-3.97482940 3.47960233 -0.04660458
-3.74872680 3.47960233 -0.32040234
-3.52262419 3.47960233 -0.56502334
-3.29652159 3.47960233 -0.77956827
-3.07041899 3.47960233 -0.96418963
-2.84431638 3.47960233 -1.11990981
-2.61821378 3.47960233 -1.24827912
-2.39211118 3.47960233 -1.35097851
-2.16600857 3.47960233 -1.42952074
-1.93990597 3.47960233 -1.48515290
-1.71380337 3.47960233 -1.51895880
-1.48770076 3.47960233 -1.53222147
-1.26159816 3.47960233 -1.52726856
-1.03549556 3.47960233 -1.50861868
-0.80939295 3.47960233 -1.48342280
-0.58329035 3.47960233 -1.46068655
-0.35718775 3.47960233 -1.44976876
-0.13108514 3.47960233 -1.45737746
0.09501746 3.47960233 -1.48288944
0.32112006 3.47960233 -1.51722982
0.54722267 3.47960233 -1.54781230
0.77332527 3.47960233 -1.56091261
0.99942787 3.47960233 -1.53500267
1.22553048 3.47960233 -1.43199046
1.45163308 3.47960233 -1.20469911
1.67773568 3.47960233 -0.84366680
1.90383829 3.47960233 -0.43844215
2.12994089 3.47960233 -0.13241641
2.35604349 3.47960233 -0.01821892
2.58214610 3.47960233 -0.09524202
2.80824870 3.47960233 -0.31831990
3.03435130 3.47960233 -0.65152228
3.26045390 3.47960233 -1.06070161
3.48655651 3.47960233 -1.51956758
3.71265911 3.47960233 -2.01073114
3.93876171 3.47960233 -2.52214456
4.16486432 3.47960233 -3.04502906
4.39096692 3.47960233 -3.57296123
-4.42703460 3.69524649 0.42184231
-4.20093200 3.69524649 0.10163294
-3.97482940 3.69524649 -0.19631524
-3.74872680 3.69524649 -0.46969343
-3.52262419 3.69524649 -0.71690035
-3.29652159 3.69524649 -0.93713719
-3.07041899 3.69524649 -1.13039362
-2.84431638 3.69524649 -1.29731481
-2.61821378 3.69524649 -1.43897681
-2.39211118 3.69524649 -1.55663860
-2.16600857 3.69524649 -1.65155906
-1.93990597 3.69524649 -1.72494854
-1.71380337 3.69524649 -1.77809303
-1.48770076 3.69524649 -1.81268969
-1.26159816 3.69524649 -1.83139402
-1.03549556 3.69524649 -1.83835983
-0.80939295 3.69524649 -1.83932568
-0.58329035 3.69524649 -1.84096066
-0.35718775 3.69524649 -1.84945237
-0.13108514 3.69524649 -1.86833297
0.09501746 3.69524649 -1.89624863
0.32112006 3.69524649 -1.92646050
0.54722267 3.69524649 -1.94825719
0.77332527 3.69524649 -1.94740176
0.99942787 3.69524649 -1.90412154
1.22553048 3.69524649 -1.79292583
1.45163308 3.69524649 -1.59293556
1.67773568 3.69524649 -1.31242574
1.90383829 3.69524649 -1.00783777
2.12994089 3.69524649 -0.76379615
2.35604349 3.69524649 -0.64691732
2.58214610 3.69524649 -0.67731480
2.80824870 3.69524649 -0.83986278
3.03435130 3.69524649 -1.10884230
3.26045390 3.69524649 -1.45772564
3.48655651 3.69524649 -1.86362015
3.71265911 3.69524649 -2.30908316
3.93876171 3.69524649 -2.78128308
4.16486432 3.69524649 -3.27072364
4.39096692 3.69524649 -3.77035541
-4.42703460 3.91089065 0.26707656
-4.20093200 3.91089065 -0.04898301
-3.97482940 3.91089065 -0.34464139
-3.74872680 3.91089065 -0.61798075
-3.52262419 3.91089065 -0.86764656
-3.29652159 3.91089065 -1.09290681
-3.07041899 3.91089065 -1.29363589
-2.84431638 3.91089065 -1.47022239
-2.61821378 3.91089065 -1.62342388
-2.39211118 3.91089065 -1.75421367
-2.16600857 3.91089065 -1.86367491
-1.93990597 3.91089065 -1.95298905
-1.71380337 3.91089065 -2.02354753
-1.48770076 3.91089065 -2.07719018
-1.26159816 3.91089065 -2.11651463
-1.03549556 3.91089065 -2.14509493
-0.80939295 3.91089065 -2.16737594
-0.58329035 3.91089065 -2.18807908
-0.35718775 3.91089065 -2.21110550
-0.13108514 3.91089065 -2.23811312
0.09501746 3.91089065 -2.26728096
0.32112006 3.91089065 -2.29290878
0.54722267 3.91089065 -2.30580118
0.77332527 3.91089065 -2.29362006
0.99942787 3.91089065 -2.24126733
1.22553048 3.91089065 -2.13358377
1.45163308 3.91089065 -1.96335541
1.67773568 3.91089065 -1.74329764
1.90383829 3.91089065 -1.51202988
2.12994089 3.91089065 -1.32332037
2.35604349 3.91089065 -1.22361379
2.58214610 3.91089065 -1.23551473
2.80824870 3.91089065 -1.35817716
3.03435130 3.91089065 -1.57756415
3.26045390 3.91089065 -1.87504183
3.48655651 3.91089065 -2.23232791
3.71265911 3.91089065 -2.63384203
3.93876171 3.91089065 -3.06717253
4.16486432 3.91089065 -3.52268939
4.39096692 3.91089065 -3.99300991
-4.42703460 4.12653481 0.11568724
-4.20093200 4.12653481 -0.19699677
-3.97482940 4.12653481 -0.49089799
-3.74872680 4.12653481 -0.76439293
-3.52262419 4.12653481 -1.01630990
-3.29652159 4.12653481 -1.24596831
-3.07041899 4.12653481 -1.45316633
-2.84431638 4.12653481 -1.63811982
-2.61821378 4.12653481 -1.80137031
-2.39211118 4.12653481 -1.94369199
-2.16600857 4.12653481 -2.06603273
-1.93990597 4.12653481 -2.16951820
-1.71380337 4.12653481 -2.25553244
-1.48770076 4.12653481 -2.32586070
-1.26159816 4.12653481 -2.38283707
-1.03549556 4.12653481 -2.42938792
-0.80939295 4.12653481 -2.46884260
-0.58329035 4.12653481 -2.50442926
-0.35718775 4.12653481 -2.53847866
-0.13108514 4.12653481 -2.57150131
0.09501746 4.12653481 -2.60144207
0.32112006 4.12653481 -2.62340055
0.54722267 4.12653481 -2.62984833
0.77332527 4.12653481 -2.61123030
0.99942787 4.12653481 -2.55726762
1.22553048 4.12653481 -2.45994297
1.45163308 4.12653481 -2.31877268
1.67773568 4.12653481 -2.14657505
1.90383829 4.12653481 -1.97102771
2.12994089 4.12653481 -1.82829452
2.35604349 4.12653481 -1.75124553
2.58214610 4.12653481 -1.75984726
2.80824870 4.12653481 -1.85906982
3.03435130 4.12653481 -2.04281468
3.26045390 4.12653481 -2.29920006
3.48655651 4.12653481 -2.61463449
3.71265911 4.12653481 -2.97623672
3.93876171 4.12653481 -3.37288685
4.16486432 4.12653481 -3.79544145
4.39096692 4.12653481 -4.23658315
