-2.00000000 -2.00000000 4.00000000
-1.78784278 -2.00000000 3.65453193
-1.67712958 -2.00000000 3.48156687
-1.52289228 -2.00000000 3.25073541
-1.40949455 -2.00000000 3.08986303
-1.29900730 -2.00000000 2.94161234
-1.23964301 -2.00000000 2.86587372
-1.12392500 -2.00000000 2.72710947
-1.00808909 -2.00000000 2.60129595
-0.90937294 -2.00000000 2.50537927
-0.86309148 -2.00000000 2.46408596
-0.78531843 -2.00000000 2.39978477
-0.68117675 -2.00000000 2.32241384
-0.60574163 -2.00000000 2.27198731
-0.54378925 -2.00000000 2.23446063
-0.50579032 -2.00000000 2.21331399
-0.42909177 -2.00000000 2.17524455
-0.37812747 -2.00000000 2.15352032
-0.31617568 -2.00000000 2.13109209
-0.26196804 -2.00000000 2.11510143
-0.19682535 -2.00000000 2.10035826
-0.14408858 -2.00000000 2.09192399
-0.05793211 -2.00000000 2.08455934
-0.00058229 -2.00000000 2.08376759
0.07599383 -2.00000000 2.08737085
0.14512599 -2.00000000 2.09534241
0.18716252 -2.00000000 2.10256365
0.30457035 -2.00000000 2.13267495
0.38145763 -2.00000000 2.16034532
0.43897838 -2.00000000 2.18503886
0.50739675 -2.00000000 2.21866640
0.59241007 -2.00000000 2.26652274
0.67214772 -2.00000000 2.31708228
0.77436385 -2.00000000 2.38920447
0.87453013 -2.00000000 2.46705497
0.97697638 -2.00000000 2.55321977
1.18609805 -2.00000000 2.76197008
1.38980094 -2.00000000 3.03365703
1.60477697 -2.00000000 3.35849565
2.00000000 -2.00000000 4.00000000
-2.00000000 -1.57222494 3.30423555
-1.83293131 -1.67190794 3.18458372
-1.69891640 -1.52814733 2.74434768
-1.60142226 -1.53154630 2.60214651
-1.48791746 -1.50931002 2.40485079
-1.37731463 -1.67151252 2.50945905
-1.27081676 -1.67213374 2.37575481
-1.24417442 -1.45143157 2.00478378
-1.07930517 -1.58072049 2.02112929
-1.02197524 -1.60279394 1.99853757
-0.94761020 -1.59823741 1.92385721
-0.84529247 -1.46609689 1.64384157
-0.73076772 -1.56789321 1.71059184
-0.66904944 -1.46442259 1.51809592
-0.64559797 -1.39530442 1.40327916
-0.58883643 -1.43306015 1.42423904
-0.48603115 -1.61691679 1.63705908
-0.43273821 -1.39254635 1.28584307
-0.34262910 -1.55406911 1.48221131
-0.32048622 -1.35671685 1.18819109
-0.22832722 -1.48010697 1.33565321
-0.19523235 -1.36346237 1.15705666
-0.06895357 -1.46228822 1.27191339
-0.01798372 -1.45393824 1.25141837
0.03735468 -1.42107889 1.19590706
0.10843084 -1.55937476 1.40061960
0.14873146 -1.50320563 1.31617342
0.22671293 -1.44332007 1.23588750
0.33165886 -1.55114713 1.42901882
0.38991581 -1.48938703 1.36067368
0.43080148 -1.53264618 1.44557685
0.54986264 -1.51506940 1.49090942
0.63759566 -1.55712702 1.61392634
0.73028533 -1.61266337 1.76594165
0.81806979 -1.61038095 1.83436854
1.04994593 -1.61937233 2.05387120
1.25311220 -1.73305144 2.42897857
1.39244654 -1.62581477 2.44291581
1.68032682 -1.73371688 3.03159772
2.00000000 -1.57222494 3.30423555
-2.00000000 -1.36133885 2.98519073
-1.85834952 -1.39062459 2.79090751
-1.71168708 -1.32384622 2.46224349
-1.60107395 -1.29848326 2.25991727
-1.53733956 -1.35491294 2.24538277
-1.42775470 -1.38069498 2.13055702
-1.32677251 -1.29972780 1.88512893
-1.24929151 -1.33962388 1.84730545
-1.14044258 -1.21131280 1.54910993
-1.03758746 -1.22243172 1.45938917
-0.98092597 -1.21948371 1.40287511
-0.88439045 -1.21911380 1.32059678
-0.77448104 -1.26746222 1.30543555
-0.73670521 -1.14727050 1.11377327
-0.65280415 -1.24469110 1.19322384
-0.60133310 -1.25941552 1.18329094
-0.53387091 -1.15671899 1.00424362
-0.42305563 -1.25298922 1.08331874
-0.37798719 -1.18784179 0.97370234
-0.32273402 -1.17465789 0.93404429
-0.26271278 -1.17895958 0.91885714
-0.19591344 -1.16083786 0.87403393
-0.11936158 -1.24611529 0.97124125
-0.01863248 -1.21060963 0.90288644
0.05031026 -1.19406633 0.87227195
0.07793298 -1.23373460 0.92413238
0.12364487 -1.19556914 0.87299753
0.21495229 -1.18130952 0.86848193
0.29025985 -1.31472421 1.06767407
0.38030277 -1.33329769 1.13213650
0.43073540 -1.24352230 1.04205961
0.48296441 -1.37073041 1.24230204
0.59366129 -1.42063756 1.38710154
0.73176651 -1.35692303 1.41053434
0.87841249 -1.35059028 1.53151814
1.02880793 -1.44419233 1.79325813
1.28086784 -1.44965341 2.06078353
1.54293999 -1.47800176 2.43503637
1.71204712 -1.48146295 2.69054630
2.00000000 -1.36133885 2.98519073
-2.00000000 -1.17741429 2.74436479
-1.80599762 -1.18403984 2.43419021
-1.68687955 -1.20430267 2.27036164
-1.58262206 -1.21579094 2.12671777
-1.48106614 -1.12147724 1.87648243
-1.41019660 -1.17454528 1.83385410
-1.33973343 -1.13291965 1.69404980
-1.20312061 -1.14645428 1.53888420
-1.12953418 -1.09078795 1.39321035
-1.01168947 -1.06349563 1.23938726
-0.96552030 -1.10704738 1.24364585
-0.90423628 -1.04825100 1.12159919
-0.75917556 -1.05132230 1.00788083
-0.70868133 -1.01553054 0.93113524
-0.63395169 -1.02251802 0.88945168
-0.55310774 -0.98212502 0.79664111
-0.53355017 -1.04603036 0.85979059
-0.46179020 -0.99783969 0.76655178
-0.39699840 -1.02663458 0.77135987
-0.30879653 -1.03251824 0.74466747
-0.24603604 -1.03196293 0.72380329
-0.19943941 -0.93861233 0.61249796
-0.10271437 -0.96375113 0.61900661
-0.02130287 -1.04362531 0.69253028
0.01881943 -0.98441778 0.63043891
0.07065768 -0.98051743 0.62983216
0.15974250 -1.00911156 0.66993383
0.25094455 -1.12382102 0.81156157
0.32447698 -1.06047749 0.78057378
0.37195624 -1.13545768 0.88110046
0.42886074 -1.08797571 0.86794421
0.48271606 -1.19938410 1.02230410
0.61809677 -1.16314567 1.08345448
0.73648940 -1.23799645 1.26695222
0.84843979 -1.26681983 1.40095223
0.96856281 -1.21583582 1.45570873
1.32291710 -1.31002261 1.93565957
1.48535867 -1.18791520 2.00519561
1.70341546 -1.28365014 2.41314202
2.00000000 -1.17741429 2.74436479
-2.00000000 -1.04128850 2.61147575
-1.79044873 -1.02403432 2.25896321
-1.73510473 -1.03688125 2.18327257
-1.59054833 -1.03430068 1.96094475
-1.48425255 -1.00329871 1.78039486
-1.34320368 -1.03411028 1.60927967
-1.30223684 -1.03554921 1.55600689
-1.15224920 -1.00842824 1.34629991
-1.03096028 -0.97370298 1.18107788
-1.00840421 -0.99493575 1.17424245
-0.90764742 -0.97306989 1.05590478
-0.80482533 -0.94512971 0.94098583
-0.76677689 -0.93516957 0.90132226
-0.68042713 -0.93880789 0.83803884
-0.59692459 -0.92808207 0.77203086
-0.53619399 -0.91166202 0.72112967
-0.46617700 -0.92172396 0.69226947
-0.41280409 -0.90924166 0.65638155
-0.37648490 -0.87397393 0.61144345
-0.27855535 -0.88086157 0.58357069
-0.24123303 -0.90614746 0.59426782
-0.18293810 -0.88476552 0.56449813
-0.12141211 -0.89893869 0.56673789
-0.05300715 -0.90098669 0.56363756
0.04811900 -0.91517576 0.57761088
0.08162548 -0.88451911 0.56045600
0.13244474 -0.94945054 0.61654636
0.21575195 -0.91994604 0.62101127
0.29769031 -0.95160022 0.67925327
0.36363807 -0.98704508 0.74145840
0.44548196 -0.98801364 0.79265413
0.54244593 -0.99646459 0.86722736
0.59676803 -1.03134792 0.93894499
0.70937401 -1.01821257 1.01895744
0.91462714 -1.06569274 1.24898129
0.99996544 -1.05043445 1.31652918
1.19548547 -1.04858287 1.51577416
1.47487130 -1.07698296 1.88336563
1.64838066 -1.06182901 2.10767031
2.00000000 -1.04128850 2.61147575
-2.00000000 -1.01086244 2.58462249
-1.83542291 -0.99321310 2.30397381
-1.65689652 -0.95847397 1.99866471
-1.52709628 -0.97751908 1.82144879
-1.45335816 -0.95945262 1.70153405
-1.36123594 -0.95817098 1.57319511
-1.28993940 -0.96545498 1.48418389
-1.15249890 -0.95841326 1.30693240
-1.01213169 -0.91260856 1.11278230
-0.93579861 -0.92829173 1.04701059
-0.88544493 -0.91737925 0.99021203
-0.81384410 -0.89797511 0.91079547
-0.69129827 -0.87678087 0.79558587
-0.63854731 -0.86839258 0.75085626
-0.56850381 -0.85136779 0.69121892
-0.51191821 -0.86054104 0.66508337
-0.48937432 -0.85615080 0.64930162
-0.38694272 -0.82090946 0.57331142
-0.33963898 -0.83206225 0.56401500
-0.30939346 -0.82274681 0.54676591
-0.22691703 -0.81275676 0.51773043
-0.17270507 -0.80383911 0.50180604
-0.08775698 -0.83503700 0.51659022
-0.01924171 -0.82851545 0.51187641
0.03940006 -0.86000483 0.53781979
0.08157170 -0.82687646 0.52113632
0.15014853 -0.87938516 0.57170822
0.25344634 -0.87434150 0.60360127
0.31678775 -0.89437799 0.64656109
0.41419963 -0.90504299 0.70777205
0.45624445 -0.92393892 0.74841472
0.53156714 -0.91227850 0.78976134
0.67052783 -0.95498427 0.93044828
0.77967592 -0.95443695 1.02162324
0.87272141 -0.96890754 1.11806937
0.95741477 -0.95750169 1.18700832
1.22697785 -0.99948392 1.50373130
1.42458731 -0.98208788 1.72896413
1.67343292 -1.01404886 2.10010372
2.00000000 -1.01086244 2.58462249
-2.00000000 -0.91231659 2.50130254
-1.80133346 -0.88292720 2.16075341
-1.66504540 -0.85495051 1.92986025
-1.52167332 -0.90309240 1.75498380
-1.45151041 -0.88324044 1.63977822
-1.33565800 -0.87517924 1.47490903
-1.19958523 -0.84721991 1.27909553
-1.07874192 -0.83190674 1.12477923
-0.99584225 -0.87066320 1.06340624
-0.92878158 -0.81823791 0.95615487
-0.87546766 -0.83463911 0.91741850
-0.78734036 -0.83666320 0.84123677
-0.70307521 -0.82007653 0.76143659
-0.60463823 -0.78312612 0.66374305
-0.56464568 -0.81746295 0.66283388
-0.52556366 -0.76558545 0.60139644
-0.46820282 -0.75806142 0.56441127
-0.40008252 -0.76956078 0.54045478
-0.36155115 -0.79341700 0.54248555
-0.29263764 -0.73741373 0.47961428
-0.24057040 -0.74326250 0.47079858
-0.14635537 -0.73035643 0.44804465
-0.10408221 -0.71907088 0.43818164
-0.04008245 -0.70432792 0.42934101
0.02940179 -0.76585611 0.47375794
0.09454612 -0.71544698 0.45224154
0.15935721 -0.78535357 0.51150663
0.27188374 -0.77559182 0.54444420
0.34550037 -0.78223411 0.58240660
0.39749932 -0.81893813 0.63506031
0.47929444 -0.77865246 0.65459334
0.55579116 -0.81004133 0.72734169
0.64338494 -0.89536896 0.85850900
0.75881614 -0.85516789 0.91818546
0.85320144 -0.89440786 1.03350062
1.05256934 -0.92027233 1.24550482
1.28665223 -0.86796314 1.45266797
1.48380012 -0.83642003 1.67961889
1.75121978 -0.86020639 2.08161050
2.00000000 -0.91231659 2.50130254
-2.00000000 -0.78902664 2.40560855
-1.75365930 -0.74546646 1.98484644
-1.66230518 -0.74163280 1.84317668
-1.46125742 -0.72327222 1.53757004
-1.34911133 -0.73244675 1.38968840
-1.27177332 -0.73417239 1.28916587
-1.16995231 -0.74735284 1.17096719
-1.08360459 -0.76102079 1.07918915
-0.99005144 -0.70728704 0.94009671
-0.90719692 -0.76027861 0.89353347
-0.82994438 -0.73352636 0.80402908
-0.77690428 -0.74383450 0.76596544
-0.67462710 -0.73810219 0.68220164
-0.60624045 -0.72844861 0.62718569
-0.53869851 -0.71521893 0.57496803
-0.50132736 -0.67752844 0.52889010
-0.43868432 -0.63959452 0.47273754
-0.38544686 -0.63623796 0.44671678
-0.32440350 -0.65031733 0.43263481
-0.28159219 -0.64252858 0.41535392
-0.21423480 -0.61821086 0.38664548
-0.16389742 -0.63070004 0.38742682
-0.09960767 -0.64893188 0.39469482
-0.02051912 -0.61440101 0.37737175
0.05094350 -0.59829684 0.37664781
0.09640433 -0.60291527 0.38721485
0.19265355 -0.67453639 0.45276314
0.26539954 -0.67302753 0.47745416
0.32767200 -0.64427179 0.48637946
0.40802870 -0.72191777 0.57468383
0.45835242 -0.72168875 0.60281798
0.57933486 -0.68924365 0.65700164
0.67856172 -0.72181591 0.75057230
0.76737265 -0.74194318 0.83509610
0.90357888 -0.74412600 0.95335601
1.03807893 -0.73185093 1.06876735
1.23544946 -0.71848739 1.26509333
1.48404905 -0.77917353 1.63251191
1.58374355 -0.70256871 1.71265402
2.00000000 -0.78902664 2.40560855
-2.00000000 -0.69743450 2.34131953
-1.77931699 -0.68296856 1.98202786
-1.69046715 -0.67791785 1.84263852
-1.49237220 -0.69965636 1.56564416
-1.40101360 -0.67205583 1.41963030
-1.28580794 -0.65749133 1.25616378
-1.15642867 -0.64766405 1.08801189
-1.03948473 -0.65081544 0.95579630
-0.95335686 -0.66595254 0.87513154
-0.86314199 -0.67279205 0.79321899
-0.83338508 -0.66416505 0.76112042
-0.76451247 -0.63490834 0.68509182
-0.62278991 -0.62417659 0.57357003
-0.57813360 -0.62161255 0.54220972
-0.51781840 -0.60237395 0.49399177
-0.49856369 -0.60949557 0.48689972
-0.41386611 -0.57355116 0.42376460
-0.36754976 -0.58550240 0.41056747
-0.33287916 -0.58855309 0.39958091
-0.27568117 -0.58785572 0.38223268
-0.23166978 -0.55903149 0.35690356
-0.16586194 -0.56771479 0.35224836
-0.07704022 -0.57066152 0.35057612
-0.00977853 -0.56371998 0.35064957
0.03023165 -0.54705651 0.34639163
0.10949377 -0.57654723 0.37561244
0.15691279 -0.58252957 0.39023094
0.29108540 -0.55478941 0.41995363
0.35538181 -0.57664041 0.45969430
0.43064754 -0.59009093 0.50478382
0.47003725 -0.58161351 0.52130322
0.61375736 -0.59342013 0.61749289
0.66234909 -0.61272065 0.66357576
0.76827047 -0.64600185 0.76585924
0.90935439 -0.64964397 0.88661575
1.05693198 -0.61574038 0.99748541
1.18972780 -0.59517246 1.11802413
1.46678756 -0.61334164 1.48143682
1.57853969 -0.63609463 1.65634866
2.00000000 -0.69743450 2.34131953
-2.00000000 -0.66194674 2.31809424
-1.77743662 -0.61515270 1.93622151
-1.59674760 -0.62561730 1.66925535
-1.53762637 -0.64050778 1.59216536
-1.33751246 -0.60427904 1.29089016
-1.24837054 -0.60788359 1.17681541
-1.14481323 -0.59251100 1.03981392
-1.03972874 -0.59531248 0.92144311
-0.97607181 -0.59999356 0.85678939
-0.88197827 -0.58212666 0.75433891
-0.80082633 -0.60825153 0.69863949
-0.70562757 -0.59107927 0.61379493
-0.64565684 -0.58748958 0.56856256
-0.55995300 -0.58010061 0.50739835
-0.51466558 -0.56414423 0.47144377
-0.47739183 -0.53958091 0.43789717
-0.40281034 -0.55431824 0.40867536
-0.35931647 -0.54958661 0.38831131
-0.32227808 -0.53681913 0.36870225
-0.27083702 -0.51399505 0.34256053
-0.20706659 -0.49728790 0.32162788
-0.17824803 -0.48933226 0.31398459
-0.10599414 -0.49783548 0.31341571
-0.02466595 -0.46547014 0.30063462
0.02715140 -0.46523735 0.30574251
0.10792422 -0.48567797 0.32892233
0.15109377 -0.50818308 0.34997024
0.29776141 -0.50985897 0.39879039
0.35435051 -0.52229663 0.42937404
0.41085914 -0.50365738 0.44627833
0.51938717 -0.54689838 0.52956221
0.55275125 -0.56531597 0.56068665
0.67623442 -0.53980227 0.62774203
0.79047917 -0.52935329 0.70666883
0.90939568 -0.56664592 0.82865159
1.04339412 -0.55250319 0.93992985
1.15161073 -0.56220743 1.05327154
1.47868463 -0.53298973 1.44286840
1.58382274 -0.59107244 1.63266307
2.00000000 -0.66194674 2.31809424
-2.00000000 -0.55854611 2.25615937
-1.75171665 -0.52154793 1.84315082
-1.58892199 -0.54062881 1.60787164
-1.43913007 -0.50802720 1.37476576
-1.31607341 -0.49686072 1.20111996
-1.23601994 -0.55925543 1.13213019
-1.13394702 -0.54953202 1.00159031
-1.03722985 -0.49518401 0.86155782
-0.92394426 -0.51884698 0.75795073
-0.84279643 -0.52546155 0.68708045
-0.80881729 -0.47722342 0.63301506
-0.70220023 -0.50941872 0.56721259
-0.64721291 -0.51823196 0.53289984
-0.56364732 -0.46209124 0.45147148
-0.51939634 -0.49299605 0.43893308
-0.47165868 -0.47701801 0.40501516
-0.42581307 -0.42458612 0.35958608
-0.35255564 -0.45618073 0.34154953
-0.31025156 -0.43649052 0.31860180
-0.27977866 -0.40454824 0.29677130
-0.22590579 -0.44349755 0.30043283
-0.17688163 -0.43669654 0.29010457
-0.06773286 -0.42299413 0.27950392
-0.01527616 -0.37425677 0.26199263
0.05746882 -0.40284897 0.28207717
0.10155126 -0.37321089 0.27714964
0.15085886 -0.39289236 0.29614953
0.27194685 -0.42991903 0.34953002
0.34165713 -0.41786028 0.37137363
0.40842601 -0.44070366 0.41281847
0.51760860 -0.45355540 0.47742565
0.57508622 -0.46724592 0.51912377
0.65712105 -0.44229136 0.55928585
0.77126861 -0.42263593 0.63069068
0.88153962 -0.46965598 0.74420985
1.02010053 -0.45217116 0.85427019
1.19912324 -0.44721965 1.02871388
1.36131287 -0.47042359 1.24216238
1.71994861 -0.46997565 1.76251410
2.00000000 -0.55854611 2.25615937
-2.00000000 -0.46686824 2.20884865
-1.77812964 -0.45530698 1.85077666
-1.66025907 -0.44013497 1.66310158
-1.42501476 -0.47014747 1.33542962
-1.33458186 -0.44567991 1.19973142
-1.21871705 -0.44332358 1.04816502
-1.13196859 -0.43463704 0.93818398
-1.01706262 -0.43796227 0.81052279
-0.90608732 -0.42801797 0.69446723
-0.86337191 -0.42155467 0.65256641
-0.78017661 -0.43152572 0.58793631
-0.72037122 -0.41552134 0.53586609
-0.61171161 -0.40885817 0.45911919
-0.57616145 -0.41983414 0.44106848
-0.52495691 -0.40778226 0.40536473
-0.46722265 -0.38441845 0.36460973
-0.41404023 -0.35737065 0.32886389
-0.37905936 -0.38256931 0.32260909
-0.32752139 -0.35692498 0.29390488
-0.26510939 -0.36521913 0.27817011
-0.21768040 -0.32832710 0.25495431
-0.17523936 -0.34533826 0.25415066
-0.07037074 -0.30541446 0.23422993
-0.04259654 -0.32273216 0.24088051
0.05283192 -0.30371245 0.24235258
0.11890712 -0.31667757 0.25816440
0.16968779 -0.32652104 0.27346835
0.24139860 -0.32255502 0.29248758
0.36159459 -0.35476968 0.35145563
0.42647240 -0.35116259 0.37994526
0.47735932 -0.34976062 0.40537792
0.55541995 -0.37319518 0.46008756
0.68993447 -0.35457981 0.53813207
0.76054327 -0.38706416 0.60437560
0.91902139 -0.37002646 0.72102392
0.98645517 -0.34687937 0.76706182
1.22166539 -0.34996032 0.99906535
1.37222956 -0.34197521 1.18438104
1.70496096 -0.42307552 1.71424954
2.00000000 -0.46686824 2.20884865
-2.00000000 -0.43454954 2.19397021
-1.80104997 -0.40986644 1.86604446
-1.62389429 -0.41764184 1.59825823
-1.45294573 -0.41833288 1.34977068
-1.35976192 -0.38897965 1.20754672
-1.20678255 -0.38119063 1.00437345
-1.12914672 -0.40771535 0.92206006
-1.03056277 -0.37982702 0.79792384
-0.93155308 -0.39597145 0.70381259
-0.83918054 -0.36688510 0.60747683
-0.77373119 -0.36277080 0.55314922
-0.69765084 -0.36941392 0.50064107
-0.65612268 -0.36956753 0.47257225
-0.57980807 -0.35656320 0.41869310
-0.52733041 -0.35663315 0.38744403
-0.46095571 -0.33689825 0.34461151
-0.40540814 -0.30963965 0.30935220
-0.35567065 -0.30976171 0.28875263
-0.30989320 -0.31779091 0.27509023
-0.25684244 -0.28482703 0.24995990
-0.20018306 -0.29393404 0.24083450
-0.15629735 -0.27110263 0.22783558
-0.09255396 -0.28717335 0.22844231
-0.03478338 -0.26632893 0.22217934
0.07281107 -0.28381954 0.23812777
0.09680851 -0.29056147 0.24440104
0.18646797 -0.26823208 0.25597805
0.30714883 -0.27382195 0.29663904
0.37151561 -0.30408882 0.33466630
0.43517937 -0.30524374 0.36484601
0.51700317 -0.31839242 0.41351690
0.59748372 -0.31632737 0.46032719
0.69083018 -0.30946314 0.51862479
0.74620486 -0.31215034 0.55891991
0.87428674 -0.31501104 0.65817792
0.96868664 -0.28511801 0.72336613
1.15197525 -0.28342799 0.89080230
1.44859140 -0.31720869 1.27845259
1.56040176 -0.32624444 1.44632779
2.00000000 -0.43454954 2.19397021
-2.00000000 -0.36630380 2.16575853
-1.80089686 -0.36786816 1.84866584
-1.61358234 -0.34306808 1.55233555
-1.51595713 -0.34828448 1.41048708
-1.33566855 -0.34308174 1.15593141
-1.22313522 -0.35361505 1.01319093
-1.15134432 -0.35153557 0.92380060
-1.05013538 -0.34944249 0.80624141
-0.92435767 -0.34720077 0.67588730
-0.82405470 -0.31845858 0.57566968
-0.80319972 -0.33101893 0.56360609
-0.70431943 -0.31891381 0.48626655
-0.60988068 -0.31595792 0.42318958
-0.56199827 -0.30791763 0.39119163
-0.51353738 -0.30699458 0.36297209
-0.47331720 -0.26839140 0.32996656
-0.41393937 -0.28029666 0.30452069
-0.37526457 -0.23975039 0.27709262
-0.31332717 -0.23996446 0.25427770
-0.27198091 -0.22151838 0.23725378
-0.22673956 -0.22065891 0.22588964
-0.17274083 -0.20892565 0.21331423
-0.09693731 -0.22866737 0.21123804
-0.00108358 -0.22566569 0.21155066
0.05429015 -0.22858528 0.21754317
0.09789124 -0.21126567 0.21845656
0.20686159 -0.20842301 0.24129486
0.25224080 -0.22272819 0.25940011
0.36404955 -0.24046167 0.30735548
0.43941785 -0.21285504 0.33239522
0.47974823 -0.24810118 0.36544331
0.58635454 -0.23070491 0.41987730
0.70124284 -0.25390815 0.50338442
0.80456697 -0.25469856 0.57869421
0.91505281 -0.22939739 0.65649557
1.01978382 -0.25087478 0.75347065
1.17149926 -0.21106779 0.88204618
1.35220075 -0.25793720 1.11923578
1.64474924 -0.27693655 1.55506067
2.00000000 -0.36630380 2.16575853
-2.00000000 -0.30281926 2.14352889
-1.71431179 -0.27891473 1.68357405
-1.62148108 -0.28255440 1.54346878
-1.44024608 -0.26209638 1.27220578
-1.35133422 -0.29879930 1.16066417
-1.24305451 -0.26924782 1.00720715
-1.17282231 -0.24879089 0.91225116
-1.00297811 -0.24765237 0.71780184
-0.94128751 -0.27000100 0.66301465
-0.85991725 -0.25686266 0.58412175
-0.78724289 -0.23193500 0.51757969
-0.73709415 -0.25136453 0.48675202
-0.63558945 -0.23720945 0.41521282
-0.56408554 -0.21975457 0.36704837
-0.53478464 -0.21510708 0.34912574
-0.48035494 -0.21840013 0.32061623
-0.43221132 -0.19469834 0.29158376
-0.37583923 -0.20760978 0.26976295
-0.29886223 -0.19417144 0.23908027
-0.24418500 -0.15858718 0.21669529
-0.21016400 -0.17872979 0.21303949
-0.14449048 -0.18443839 0.20397111
-0.08759928 -0.16038926 0.19407891
0.00858318 -0.13565367 0.18901269
0.06690795 -0.14417539 0.19589289
0.13093448 -0.14475782 0.20561031
0.20755632 -0.15347565 0.22516259
0.28742028 -0.17624823 0.25637177
0.35200811 -0.16560549 0.27772203
0.40653985 -0.15822326 0.29930965
0.51832779 -0.15290253 0.35481290
0.61163289 -0.19340293 0.42280570
0.69353509 -0.18514632 0.47410948
0.80704909 -0.20052138 0.56121038
0.88252414 -0.16339828 0.60854260
1.01942136 -0.17681728 0.72703909
1.28707840 -0.18580697 1.00804207
1.43253259 -0.18125886 1.20328270
1.58363402 -0.20280204 1.43498403
2.00000000 -0.30281926 2.14352889
-2.00000000 -0.23111776 2.12318651
-1.70956493 -0.20230637 1.65618104
-1.61870409 -0.18143996 1.51317017
-1.40835646 -0.20950051 1.21254506
-1.31558366 -0.18560369 1.07889880
-1.20406722 -0.18917342 0.93406461
-1.15397000 -0.21060961 0.87779126
-1.06698037 -0.20611112 0.77467487
-0.97325536 -0.18585335 0.66883141
-0.86397007 -0.17884131 0.56476202
-0.81120561 -0.18859186 0.52399121
-0.75031519 -0.15663202 0.47092436
-0.62783854 -0.19451859 0.39926134
-0.58631405 -0.18896891 0.37268444
-0.54120980 -0.12022865 0.33302110
-0.47432515 -0.13920792 0.30109763
-0.42359789 -0.12951958 0.27532517
-0.38930731 -0.11112619 0.25764070
-0.33011139 -0.12926510 0.23757888
-0.24777666 -0.07640780 0.20521442
-0.20543071 -0.11782511 0.20099962
-0.14602908 -0.07924907 0.18529776
-0.06295884 -0.07133851 0.17674355
-0.03273948 -0.11103788 0.18280573
0.04093351 -0.09876720 0.18337513
0.11220157 -0.10579937 0.19311682
0.18004120 -0.08788029 0.20206745
0.28261200 -0.10896498 0.23603658
0.35172326 -0.08341442 0.25554557
0.43729727 -0.06498826 0.28971176
0.50060999 -0.06963592 0.32356038
0.59467022 -0.08406328 0.38185464
0.66243832 -0.07616914 0.42400710
0.81387995 -0.10783971 0.54023549
0.88259181 -0.11661190 0.59620357
0.96426266 -0.11347563 0.66271592
1.13064206 -0.06302630 0.80149410
1.42053928 -0.10368740 1.16656474
1.75091349 -0.14298244 1.68618641
2.00000000 -0.23111776 2.12318651
-2.00000000 -0.12860080 2.10296832
-1.77050666 -0.12042319 1.73619775
-1.64559003 -0.10737951 1.54168694
-1.48059186 -0.11841398 1.29741437
-1.37098173 -0.09958443 1.13847521
-1.24357604 -0.11413565 0.96857441
-1.17042941 -0.09244811 0.87165137
-1.08914568 -0.10166599 0.77552100
-0.95140299 -0.12227035 0.63178747
-0.85029223 -0.09381550 0.53445134
-0.82158363 -0.10207096 0.51272177
-0.76194231 -0.10379225 0.46834782
-0.66643842 -0.06436372 0.39841911
-0.57995664 -0.07557281 0.34790831
-0.53698631 -0.05977401 0.32192326
-0.48567122 -0.06542311 0.29592835
-0.41888545 -0.07559441 0.26567269
-0.38287404 -0.05709982 0.24841891
-0.30100037 -0.05700107 0.21863507
-0.28445981 -0.03476943 0.21153969
-0.19319174 0.00435169 0.18580677
-0.16399792 -0.00148698 0.18057851
-0.06126810 -0.02357580 0.17070576
0.00420455 -0.00301234 0.16730621
0.07287239 0.00529713 0.16970416
0.14413775 0.01476941 0.17739245
0.16874629 0.00169148 0.18351145
0.28383984 -0.00767526 0.21522403
0.38817523 -0.01618081 0.25705162
0.44836768 -0.01312261 0.28493573
0.51998947 0.00357336 0.32055305
0.59341785 -0.04145716 0.37218166
0.69265143 -0.02785789 0.43558748
0.74019713 -0.04170396 0.47185481
0.90047276 -0.00826378 0.59170456
0.97044577 -0.00899890 0.65049423
1.27228240 -0.00547678 0.95325381
1.42342878 -0.00882178 1.15773750
1.73011829 -0.08714759 1.64264541
2.00000000 -0.12860080 2.10296832
-2.00000000 -0.07468166 2.09647798
-1.73160884 -0.06237911 1.66947433
-1.65692932 -0.07490566 1.55546049
-1.43497378 -0.07150463 1.22555105
-1.34475512 -0.07492344 1.09879935
-1.21480710 -0.06778183 0.92415770
-1.14744373 -0.06610202 0.83925636
-1.01590604 -0.06181168 0.68700320
-0.92458351 -0.05876948 0.59437259
-0.85865623 -0.04895461 0.53410579
-0.83247246 -0.03144257 0.51024475
-0.76551221 -0.04640504 0.46176959
-0.65147604 -0.03461148 0.38526565
-0.59481246 -0.02529187 0.35039635
-0.54097683 -0.02278240 0.32014552
-0.48608739 -0.01081682 0.29090443
-0.45243432 -0.00444690 0.27440023
-0.38902784 0.00704133 0.24622341
-0.32338961 0.00291309 0.22181605
-0.25405226 0.02673000 0.19960233
-0.22524123 0.03270563 0.19201560
-0.15236915 0.03146129 0.17709927
-0.06121575 0.04920555 0.16574217
-0.00054951 0.03680524 0.16405685
0.07776184 0.05291455 0.16585641
0.13538921 0.04840052 0.17256583
0.21774024 0.05608064 0.18783278
0.32197396 0.03933500 0.22167415
0.36515477 0.04865038 0.23749832
0.41254533 0.03680917 0.25994227
0.48306529 0.04479652 0.29444985
0.61322238 0.02928114 0.37389861
0.65687092 0.04440513 0.40139311
0.76781014 0.03415664 0.48251171
0.88751495 0.03985622 0.57690702
1.04204162 0.04182324 0.70966327
1.18122962 0.05337542 0.84464618
1.38698190 0.01576803 1.10446400
1.56813485 -0.00847753 1.37529927
2.00000000 -0.07468166 2.09647798
-2.00000000 -0.04464552 2.09406930
-1.80559416 -0.05067974 1.78429165
-1.65589880 -0.02396054 1.55051334
-1.43249908 -0.02704135 1.21827065
-1.34697224 -0.01986197 1.09674214
-1.21139188 -0.00890145 0.91361205
-1.16186635 0.00083759 0.84988152
-1.03960918 -0.00135406 0.70539243
-0.97553310 -0.01629126 0.63865107
-0.89708744 0.00396125 0.56109907
-0.79941959 -0.01626932 0.48279987
-0.76204376 0.00866841 0.45318252
-0.69181376 0.01365352 0.40589511
-0.60604097 0.00934767 0.35385804
-0.53670934 0.04133916 0.31372966
-0.50383743 0.01690156 0.29796979
-0.43827229 0.05418622 0.26574065
-0.38635880 0.06505918 0.24386979
-0.30802036 0.06508412 0.21550191
-0.28203951 0.06139274 0.20731886
-0.22108273 0.05024944 0.19076638
-0.11763839 0.07909197 0.17129702
-0.07231280 0.06696235 0.16622427
-0.01209056 0.06524708 0.16294096
0.04469539 0.07435539 0.16296842
0.14977946 0.09118618 0.17193875
0.22109905 0.07670055 0.18689342
0.31966518 0.09650980 0.21527674
0.36419110 0.08475717 0.23344849
0.43126396 0.08930944 0.26337606
0.53304396 0.09477439 0.31795405
0.61398747 0.06626450 0.37063515
0.66415261 0.05870373 0.40511218
0.81313569 0.06962315 0.51524288
0.90460803 0.08445913 0.58956618
1.01900994 0.08780579 0.68886649
1.15383103 0.07323122 0.81577833
1.40380697 0.07866606 1.12792986
1.59636802 0.03963903 1.41794084
2.00000000 -0.04464552 2.09406930
-2.00000000 0.04732359 2.09182385
-1.81244066 0.05885715 1.79358117
-1.63061423 0.01640484 1.51100689
-1.48604926 0.02860456 1.29441080
-1.30914164 0.02391010 1.04239298
-1.22218613 0.04335121 0.92506254
-1.18671471 0.05257678 0.87885138
-1.07915152 0.06451496 0.74642193
-0.97087363 0.06782111 0.62747183
-0.90257131 0.05132845 0.56236827
-0.84163638 0.04605012 0.51031700
-0.74342087 0.07249298 0.43647968
-0.65817559 0.06224664 0.38201147
-0.59287140 0.07939397 0.34323961
-0.56566489 0.08162593 0.32822037
-0.48870105 0.08494948 0.28892725
-0.46492857 0.11163713 0.27831481
-0.37790632 0.10711289 0.24146283
-0.32185838 0.11360686 0.22152938
-0.28210716 0.12145031 0.20931339
-0.22419214 0.10708549 0.19268137
-0.14676487 0.11108714 0.17666614
-0.07877572 0.13022574 0.16819019
0.01141114 0.14059021 0.16316616
0.09296165 0.13831457 0.16520038
0.13342752 0.15493285 0.16948456
0.19786311 0.15307855 0.17948938
0.29320636 0.14148682 0.20430963
0.40476676 0.15017745 0.24780924
0.42152302 0.12147522 0.25661071
0.50846120 0.13427877 0.30167343
0.60949050 0.13979482 0.36387607
0.70103364 0.14394031 0.42785211
0.75216381 0.13788077 0.46628663
0.91408508 0.13311636 0.59820740
1.05605258 0.14254195 0.72503156
1.29304568 0.13849120 0.98141768
1.49735966 0.12391228 1.26773054
1.57901010 0.12179499 1.39338674
2.00000000 0.04732359 2.09182385
-2.00000000 0.08131106 2.09284638
-1.82056702 0.10345182 1.80878378
-1.57127785 0.09449540 1.42339589
-1.44899380 0.08253525 1.24124690
-1.31289889 0.09460223 1.04788661
-1.25742148 0.10389179 0.97234723
-1.14366017 0.08420818 0.82409322
-1.03451064 0.08719735 0.69492618
-0.96293692 0.08686394 0.61884237
-0.90755504 0.11601234 0.56512774
-0.83493034 0.10961802 0.50282791
-0.76509039 0.11052273 0.45072932
-0.71336247 0.11027348 0.41594885
-0.60353366 0.12022555 0.34937315
-0.56899381 0.14399251 0.33122644
-0.51430604 0.12414809 0.30224092
-0.42222634 0.14976247 0.26169166
-0.38749582 0.14455065 0.24729567
-0.34221463 0.16048726 0.23190030
-0.24321802 0.17132787 0.20258598
-0.20382811 0.17233635 0.19296959
-0.12399136 0.17485180 0.17784417
-0.06639097 0.17832029 0.17080247
0.02746541 0.18372219 0.16612151
0.10138824 0.17449321 0.16753552
0.16658521 0.17273709 0.17469837
0.22393727 0.18472792 0.18611327
0.30600159 0.17811158 0.20869779
0.38993122 0.17904474 0.24111328
0.43939417 0.17145908 0.26416356
0.52452678 0.17499467 0.31036668
0.57272787 0.17219186 0.33977506
0.71696141 0.15983574 0.43972591
0.78108733 0.18665882 0.49001946
0.91854362 0.18597032 0.60487713
1.01824167 0.16728997 0.69240451
1.19268914 0.16870379 0.86421808
1.46410216 0.16930962 1.22207069
1.67941793 0.15176018 1.55638942
2.00000000 0.08131106 2.09284638
-2.00000000 0.14861668 2.09793280
-1.78193273 0.17735076 1.75631895
-1.57654885 0.15615648 1.43707636
-1.41526763 0.13977548 1.19614612
-1.32811776 0.13221877 1.07125375
-1.22540222 0.15566385 0.93269789
-1.17633708 0.15168207 0.86805505
-1.10750080 0.15719202 0.78212958
-0.95208099 0.18161392 0.61067882
-0.89703565 0.17683020 0.55790834
-0.82274408 0.15072754 0.49399002
-0.75581124 0.15112888 0.44515883
-0.70488775 0.18119627 0.41338630
-0.61787637 0.19912141 0.36269368
-0.54781385 0.16421515 0.32138267
-0.50795918 0.20784638 0.30633884
-0.45908326 0.18100753 0.28041063
-0.40006117 0.18907615 0.25662522
-0.34346438 0.19618553 0.23653982
-0.24609858 0.21108908 0.20890836
-0.21010456 0.20087301 0.19821972
-0.14718543 0.22828529 0.18989751
-0.05217389 0.21284267 0.17405879
0.02951886 0.20149029 0.16813565
0.11276884 0.22513878 0.17397186
0.17533906 0.21307305 0.17937669
0.24066931 0.22797327 0.19388332
0.32923957 0.22143505 0.21928556
0.39261754 0.22073993 0.24427995
0.45774832 0.24155686 0.27713863
0.51114301 0.21168860 0.30366108
0.59556313 0.20252613 0.35517938
0.68801855 0.24157144 0.42242523
0.81501942 0.23922920 0.52163574
0.89819050 0.21950803 0.59008945
1.02592174 0.23373956 0.70701620
1.24950044 0.25626327 0.94314455
1.38315785 0.20524116 1.10979740
1.58031554 0.22871914 1.40796053
2.00000000 0.14861668 2.09793280
-2.00000000 0.23297889 2.11086916
-1.78199818 0.20671333 1.76121434
-1.63116197 0.24741650 1.53597348
-1.43774924 0.21882036 1.23990043
-1.32098461 0.23313532 1.07471178
-1.26164916 0.21646681 0.98938080
-1.18479538 0.24158201 0.89098537
-1.05088575 0.23738065 0.72461793
-0.97315870 0.21924092 0.63643377
-0.89506066 0.21827377 0.56059179
-0.85266483 0.21199581 0.52315223
-0.77329272 0.23667099 0.46635133
-0.69683011 0.23923996 0.41594762
-0.65099158 0.24176913 0.38842383
-0.55194521 0.25455658 0.33658938
-0.50042707 0.25369775 0.31122041
-0.46567731 0.26419370 0.29794377
-0.36952451 0.24386040 0.25441134
-0.32905761 0.23603730 0.23856853
-0.26236796 0.24903111 0.22100117
-0.19529496 0.25513536 0.20561569
-0.10931332 0.27531366 0.19495835
-0.01610674 0.27473145 0.18468992
0.01134341 0.27066091 0.18212840
0.11910044 0.27222816 0.18405335
0.16163474 0.25493869 0.18420788
0.24535259 0.28485616 0.20588707
0.31664026 0.26314129 0.22083104
0.43356838 0.27428689 0.27005313
0.47323480 0.25820650 0.28730081
0.52415979 0.26412547 0.31642467
0.62497508 0.25898723 0.37966664
0.73845200 0.27480049 0.46502929
0.78541803 0.26464363 0.50073363
0.91876863 0.27342115 0.61572864
1.05617787 0.28520211 0.74499213
1.29417516 0.30535598 1.00981058
1.47448733 0.29068273 1.25818529
1.69057237 0.27993686 1.59573761
2.00000000 0.23297889 2.11086916
-2.00000000 0.28777872 2.12358558
-1.75356050 0.29733641 1.73760330
-1.61717449 0.29717168 1.52708188
-1.43080574 0.27255827 1.24125563
-1.35494897 0.27732436 1.13260426
-1.23947446 0.28079185 0.97240120
-1.15777382 0.27847111 0.86386392
-1.05234709 0.27661504 0.73426488
-1.00076382 0.26989404 0.67488569
-0.91356181 0.29061704 0.59188476
-0.85486038 0.27201396 0.53573001
-0.80628912 0.26549030 0.49602466
-0.67658408 0.27549332 0.41122284
-0.63040905 0.28291143 0.38590983
-0.57208980 0.27332230 0.35149417
-0.51632254 0.28823449 0.32770050
-0.43262132 0.28006661 0.28810720
-0.37252843 0.29576932 0.26954793
-0.30864735 0.28810168 0.24542970
-0.27381696 0.28675140 0.23453054
-0.21169291 0.29809107 0.22193433
-0.13193738 0.30634464 0.20855017
-0.02359777 0.30829402 0.19587307
0.02916555 0.31500422 0.19559185
0.12165234 0.31825596 0.19850130
0.20154626 0.29904260 0.20127051
0.27417153 0.31240667 0.22083514
0.36203377 0.31379874 0.24911417
0.44687370 0.31325431 0.28545657
0.49468103 0.32097689 0.31210640
0.54628220 0.31831820 0.34075574
0.66615430 0.31212178 0.41832707
0.70789761 0.31541775 0.44982684
0.81335003 0.31833983 0.53424443
0.94318922 0.33612571 0.65226358
1.10925407 0.34105443 0.81144190
1.26051255 0.34332506 0.97840039
1.43778228 0.33764568 1.21677627
1.66513955 0.33228059 1.56862036
2.00000000 0.28777872 2.12358558
-2.00000000 0.32563869 2.13444892
-1.71370390 0.33544407 1.68717603
-1.60326963 0.33314508 1.51662863
-1.50742714 0.32773313 1.37012958
-1.31135374 0.31711114 1.08155888
-1.24162497 0.33344318 0.99005449
-1.16284356 0.31549722 0.88016429
-1.06969752 0.30746278 0.76246061
-0.95491387 0.32971497 0.64323300
-0.92136551 0.32615353 0.60948740
-0.86609020 0.31519922 0.55674765
-0.77675678 0.32623994 0.49171878
-0.71988344 0.32789211 0.45414264
-0.61645988 0.31505100 0.38781962
-0.58273954 0.31829680 0.37068344
-0.54080698 0.30826315 0.34585667
-0.46851766 0.30813421 0.31212633
-0.38237643 0.31819759 0.28090956
-0.34240825 0.33420122 0.27294980
-0.27947714 0.31478108 0.24568120
-0.17509821 0.33388628 0.22724501
-0.11223456 0.32752071 0.21334360
-0.04650330 0.33977815 0.21013456
0.03106920 0.34286566 0.20660973
0.14887252 0.34283846 0.21029435
0.18099819 0.32826654 0.20815746
0.28257142 0.33620737 0.23130645
0.38237488 0.33408226 0.26350690
0.41666637 0.34351489 0.28114754
0.49163466 0.35181487 0.32043013
0.57676645 0.33676752 0.36474731
0.67732271 0.35006697 0.43698153
0.76581687 0.36568185 0.50948793
0.82540677 0.34607417 0.55193598
0.95377261 0.37449174 0.67427287
1.06944532 0.36986988 0.78206622
1.31946476 0.39086589 1.06998208
1.52457902 0.36865857 1.35755241
1.76478270 0.35457427 1.74063358
2.00000000 0.32563869 2.13444892
-2.00000000 0.38024876 2.15314672
-1.71380322 0.38507670 1.70475027
-1.57029290 0.39215375 1.48729301
-1.47536313 0.38066173 1.34042958
-1.37558114 0.38097228 1.19439880
-1.28033338 0.39735201 1.06585298
-1.20215170 0.37195046 0.95010825
-1.09412330 0.38401418 0.81733012
-1.00423433 0.36508133 0.70693383
-0.89750674 0.37475208 0.60537224
-0.85219552 0.37932806 0.56889018
-0.77222095 0.34776752 0.49635530
-0.73537844 0.35058899 0.47265285
-0.65704207 0.34779136 0.42300284
-0.58754083 0.35045950 0.38543192
-0.52297127 0.35012332 0.35291952
-0.47345767 0.34918566 0.32992597
-0.38063638 0.36820287 0.30121157
-0.30484898 0.34816580 0.26668884
-0.23260754 0.35364476 0.24892065
-0.17360728 0.37729315 0.24671764
-0.13802010 0.36899292 0.23591728
-0.04526384 0.35984749 0.21894873
0.05064284 0.37716542 0.22212757
0.15725976 0.37753756 0.22688562
0.20482998 0.35889981 0.22427638
0.28009452 0.37341750 0.24630727
0.38521724 0.39281131 0.28898160
0.43589062 0.38976852 0.30873479
0.50819674 0.37489900 0.33820592
0.57282040 0.39548708 0.38428607
0.68663332 0.40097688 0.46284954
0.77782258 0.41163073 0.53705426
0.85577645 0.38351682 0.59041081
0.97069870 0.41033822 0.70381027
1.03951659 0.41665687 0.77148947
1.23201445 0.44231679 0.98263101
1.41217233 0.44281027 1.21999870
1.71801632 0.41920203 1.68777475
2.00000000 0.38024876 2.15314672
-2.00000000 0.45498440 2.18447430
-1.76082659 0.42631912 1.79443620
-1.65261238 0.43426312 1.63021726
-1.47379412 0.43755646 1.36107483
-1.36124096 0.44728332 1.20103523
-1.23373365 0.44294200 1.02143439
-1.18158317 0.43959355 0.95082150
-1.05964466 0.42012128 0.79164122
-1.02197999 0.43464412 0.75591761
-0.91051490 0.43208367 0.64323236
-0.85291772 0.42395801 0.59031668
-0.78416251 0.39461527 0.52466677
-0.72835947 0.41111422 0.49542773
-0.65616981 0.39060090 0.44131519
-0.58960007 0.39654133 0.40753841
-0.51733570 0.39902126 0.37305296
-0.47237734 0.42060066 0.36440734
-0.39311052 0.40148102 0.32236698
-0.32663406 0.41016750 0.30405324
-0.25495700 0.40219527 0.27872074
-0.17761955 0.40449189 0.26171277
-0.10606781 0.42481272 0.26047740
-0.01265954 0.41541298 0.24498801
0.03556721 0.41309432 0.24142828
0.12473143 0.41940612 0.24653478
0.19633524 0.41215807 0.24966695
0.27900383 0.42465934 0.27243821
0.41043384 0.43313635 0.31990375
0.46912746 0.43454604 0.34680163
0.54421975 0.43236572 0.38517888
0.58145555 0.42972803 0.40585746
0.70388777 0.45211554 0.49988113
0.78546474 0.44054344 0.55659637
0.84669096 0.45481743 0.61420033
0.99618831 0.46313350 0.75211196
1.07808009 0.45962434 0.82889489
1.31624382 0.48745840 1.10974741
1.46871867 0.47579381 1.31907079
1.70906564 0.48129226 1.70233022
2.00000000 0.45498440 2.18447430
-2.00000000 0.50205300 2.20750296
-1.78598125 0.52172586 1.87916506
-1.64294356 0.49058226 1.64136225
-1.46982672 0.48624900 1.37767072
-1.39280154 0.47699950 1.26031839
-1.24443850 0.48110903 1.05404194
-1.19738337 0.49801648 1.00008472
-1.09746501 0.50166572 0.87691945
-1.01541346 0.47638034 0.77004292
-0.93511405 0.46564474 0.68346264
-0.88731700 0.47714742 0.64748519
-0.81676682 0.46666746 0.58601192
-0.75012394 0.45517482 0.53342240
-0.66689252 0.46602735 0.48857661
-0.59534787 0.45143288 0.44048474
-0.51793138 0.46289464 0.40932405
-0.47090110 0.44450020 0.37741380
-0.38228962 0.44939806 0.34549883
-0.31690169 0.46155575 0.33101954
-0.23562638 0.45270746 0.30283709
-0.16075601 0.43861887 0.27784278
-0.08893694 0.45645370 0.27705395
0.01236929 0.44664114 0.26191086
0.08183805 0.44262810 0.25848197
0.13443967 0.47104563 0.27846476
0.19921674 0.46873881 0.28378792
0.31453368 0.47560422 0.31230584
0.35054964 0.45779946 0.31219306
0.48959931 0.48078424 0.38367133
0.51869097 0.47991544 0.39808997
0.63023902 0.49033804 0.47051298
0.69905901 0.47512376 0.50893073
0.77053961 0.48442495 0.56802957
0.85523299 0.49086183 0.64078448
0.99131797 0.50601921 0.77071344
1.09701304 0.52519854 0.88322095
1.25388649 0.52262532 1.05045366
1.52513386 0.54698910 1.44461557
1.72025607 0.52210645 1.74283214
2.00000000 0.50205300 2.20750296
-2.00000000 0.58493497 2.25388940
-1.80034038 0.60170125 1.94691830
-1.62817400 0.55343334 1.65153254
-1.53705980 0.60507776 1.54292545
-1.37867208 0.57674068 1.29317652
-1.26634623 0.57667065 1.13628565
-1.19083962 0.54878506 1.01977954
-1.09449100 0.54244498 0.89695274
-1.02534842 0.57974494 0.84347034
-0.93808287 0.51616832 0.71581441
-0.89262199 0.55317477 0.70012576
-0.78559280 0.52106360 0.59809678
-0.73942406 0.53932515 0.58018868
-0.63168732 0.52136226 0.50432270
-0.58712994 0.53403152 0.48945489
-0.53195773 0.53445039 0.46271520
-0.43940985 0.53214338 0.42092090
-0.36389430 0.50273238 0.37287079
-0.30755661 0.53061024 0.37358431
-0.25802861 0.50949595 0.34515547
-0.18641985 0.48556041 0.31230614
-0.09026602 0.52037042 0.31906413
-0.01864813 0.49012687 0.29138011
0.09559438 0.53447360 0.31907559
0.15805761 0.51183149 0.30737272
0.20562753 0.53360883 0.32813905
0.26615365 0.52228357 0.33127959
0.40761643 0.53723714 0.38450122
0.48294600 0.53402497 0.41506470
0.55449168 0.51278710 0.43838937
0.61480153 0.53505514 0.48902829
0.66727505 0.54169298 0.52776949
0.80355780 0.59006007 0.66144704
0.85722776 0.57456575 0.69460240
0.97262401 0.56126163 0.78710164
1.12619187 0.59347078 0.95497015
1.31187398 0.63737198 1.19733965
1.47163223 0.63148408 1.41874702
1.72057560 0.62387736 1.80687370
2.00000000 0.58493497 2.25388940
-2.00000000 0.69027875 2.32263987
-1.83998658 0.67828708 2.05844068
-1.61142370 0.65658337 1.68778695
-1.52041202 0.68851198 1.57118007
-1.39607610 0.66446388 1.37293945
-1.28838838 0.64302788 1.20812020
-1.24539916 0.65708738 1.15995236
-1.10019095 0.64554518 0.97181959
-1.04887274 0.62101452 0.89710202
-0.93625507 0.62561518 0.78968306
-0.88289347 0.59171528 0.71944717
-0.82120257 0.58947077 0.67105178
-0.73113252 0.59311618 0.61374122
-0.67469103 0.60953062 0.59211936
-0.59609932 0.56989465 0.51953379
-0.51037794 0.56916385 0.47740534
-0.43558335 0.57426156 0.44928852
-0.40441187 0.59442714 0.45200020
-0.33992422 0.56673631 0.40921304
-0.23637840 0.56366960 0.37724379
-0.18577048 0.56428821 0.36611530
-0.07631734 0.58167011 0.36053682
0.01769773 0.59413768 0.36208143
0.09021705 0.57283174 0.34618107
0.14815217 0.57750892 0.35283221
0.21597097 0.57871849 0.36197660
0.31486914 0.60477267 0.40259718
0.43112823 0.60750508 0.44465376
0.50228040 0.60475663 0.47500509
0.54985684 0.63267211 0.52079716
0.64139289 0.61596524 0.56296737
0.69525397 0.61535904 0.59869098
0.78673139 0.64396829 0.68728175
0.90252131 0.64677908 0.78417914
0.96138550 0.66067960 0.84622812
1.10574543 0.68001965 0.99590931
1.24731617 0.67694443 1.14509283
1.39195192 0.70160032 1.35446588
1.60711733 0.69736008 1.67670254
2.00000000 0.69027875 2.32263987
-2.00000000 0.71910487 2.34318004
-1.79487636 0.72343833 2.01816401
-1.68940664 0.75333916 1.87411416
-1.46696071 0.70698081 1.50458471
-1.38917514 0.73528620 1.41221051
-1.31546377 0.70100913 1.28482478
-1.24690631 0.69476745 1.18836825
-1.16571647 0.69262193 1.08386057
-1.06115515 0.67035257 0.94653828
-0.96342183 0.68518681 0.86046425
-0.87884825 0.65598774 0.76529784
-0.81916872 0.67896862 0.73939389
-0.75362404 0.65309900 0.67434430
-0.67030406 0.62112001 0.59844361
-0.60469588 0.62221293 0.56310708
-0.52402954 0.63164351 0.53031083
-0.47211754 0.64992120 0.52112148
-0.39004398 0.61246809 0.46007250
-0.31644791 0.61930396 0.44027720
-0.26906464 0.62831894 0.43312814
-0.19756634 0.60951720 0.40149469
-0.09308201 0.60758121 0.38158051
0.00830343 0.63546187 0.39303694
0.05362212 0.60804991 0.37150332
0.18492482 0.62179486 0.38941758
0.23874081 0.63581436 0.40839200
0.31321312 0.64299007 0.43098479
0.37849796 0.64838968 0.45551879
0.48068392 0.63846994 0.48994436
0.52782473 0.68072140 0.54607072
0.63817174 0.69756901 0.62350400
0.66564713 0.65689680 0.60970911
0.80156576 0.68611489 0.73096099
0.87119468 0.72526462 0.81796326
0.95968445 0.70332089 0.87706827
1.03208300 0.72116235 0.95698312
1.25131890 0.76721641 1.22033075
1.37842352 0.77780568 1.39690550
1.62772992 0.73069834 1.73541996
2.00000000 0.71910487 2.34318004
-2.00000000 0.83724377 2.43417140
-1.84988784 0.81374107 2.17250510
-1.63228441 0.79225805 1.81437325
-1.55477163 0.83960228 1.73262684
-1.38951524 0.80936305 1.46828820
-1.30833936 0.79071366 1.34200191
-1.23645780 0.80010833 1.25538554
-1.11112673 0.76361719 1.07524249
-1.08446230 0.76166741 1.04417676
-0.97155160 0.79308209 0.95864716
-0.92529685 0.77699435 0.90418839
-0.82645559 0.71922930 0.77793619
-0.72040425 0.74446529 0.72823096
-0.68405280 0.71085199 0.67804067
-0.61587011 0.69416978 0.62572499
-0.51994045 0.68308712 0.56847536
-0.47046107 0.68745159 0.54965337
-0.38441445 0.73257331 0.55064551
-0.32317803 0.69782997 0.50223681
-0.27191184 0.73452490 0.51522022
-0.17197511 0.71064410 0.47244444
-0.06972817 0.68026160 0.43306231
-0.00657714 0.70176838 0.44395290
0.08137545 0.73621679 0.46893213
0.17282897 0.70537026 0.45163540
0.21915363 0.70184689 0.45555716
0.30801097 0.76415235 0.52428264
0.42340158 0.75889884 0.55968448
0.49096128 0.73907542 0.57392717
0.52405960 0.75141206 0.60053562
0.58439925 0.75645191 0.63800162
0.71411464 0.78929813 0.74899078
0.75158960 0.75189397 0.74532969
0.85102809 0.78778856 0.85210954
0.94188196 0.83418703 0.96749175
1.04064285 0.86109185 1.07900372
1.20566871 0.84928749 1.23506193
1.44999176 0.84970253 1.56256687
1.56303135 0.84696166 1.73156696
2.00000000 0.83724377 2.43417140
-2.00000000 0.92420933 2.50796006
-1.77506734 0.88942677 2.11335166
-1.66814899 0.89239012 1.94785901
-1.55935346 0.89673793 1.78534595
-1.45093900 0.88464503 1.61595965
-1.33915734 0.90937245 1.48169216
-1.25728064 0.90328520 1.36964431
-1.17803902 0.87303358 1.24571806
-1.08477670 0.86398712 1.13334497
-0.98946349 0.83347535 1.01108898
-0.91813235 0.82772903 0.94341448
-0.85840313 0.84425254 0.91138030
-0.79147254 0.82284250 0.84331474
-0.69074538 0.81358523 0.76918950
-0.61803798 0.78862777 0.70499238
-0.54101911 0.80291266 0.67657891
-0.49311796 0.81939525 0.66771864
-0.38471996 0.81170738 0.61534963
-0.33621122 0.77897561 0.57065600
-0.26035194 0.79195741 0.55781918
-0.16822379 0.77943700 0.52545568
-0.09679473 0.77421121 0.50904980
0.01330075 0.79513515 0.51595225
0.04230900 0.77868540 0.50194634
0.15908027 0.78213654 0.51019317
0.22912153 0.81247415 0.54523603
0.27167763 0.83392946 0.57225232
0.38479042 0.84158722 0.61298413
0.46278899 0.85298735 0.65505247
0.51818116 0.85931526 0.68758259
0.59939863 0.88030634 0.75153289
0.69587783 0.84459387 0.78277895
0.75566653 0.85866573 0.83771160
0.88012551 0.86820759 0.94391228
0.93156136 0.89730341 1.01282085
1.01825079 0.92767365 1.11643466
1.16425044 0.94998817 1.27797316
1.42827318 0.91736253 1.59255833
1.65095608 0.94718815 1.96156953
2.00000000 0.92420933 2.50796006
-2.00000000 0.98014154 2.55973272
-1.77488966 0.97604759 2.18863995
-1.70520025 0.96298103 2.06651511
-1.58403547 0.97898921 1.89500077
-1.45497836 0.95035676 1.67911135
-1.38649688 0.95564678 1.58821977
-1.31931217 0.97036266 1.51248927
-1.20613232 0.92864148 1.33056733
-1.09744845 0.94066773 1.22038628
-1.01205215 0.93395088 1.12863243
-0.94880552 0.90207315 1.03979170
-0.88018133 0.90025099 0.98169319
-0.78638197 0.87319176 0.88643560
-0.68678079 0.88674793 0.83400909
-0.61378724 0.89648854 0.80024595
-0.56565823 0.89758718 0.77508975
-0.49086193 0.88746675 0.72828170
-0.38136730 0.89275324 0.68669830
-0.34063424 0.82898297 0.61417578
-0.25596699 0.82690797 0.58595910
-0.17004037 0.84761587 0.58312877
-0.07641017 0.83189976 0.55399948
-0.00326312 0.86024110 0.57209863
0.05783760 0.87557265 0.58412375
0.11629876 0.84674962 0.56040128
0.21386382 0.89661641 0.61609912
0.25071937 0.89183471 0.61863988
0.36203771 0.91553292 0.67110031
0.44443697 0.92506448 0.71192509
0.53603455 0.93590090 0.76650994
0.58785108 0.95908397 0.81764144
0.69061353 0.93051354 0.85576357
0.73903092 0.95727482 0.91490150
0.84037753 0.97957932 1.01309856
0.90738555 0.95881543 1.04812373
1.02301720 1.00783751 1.19542595
1.15799061 0.97505995 1.29461501
1.41703263 1.02043663 1.67836191
1.69413460 0.99602636 2.07818633
2.00000000 0.98014154 2.55973272
-2.00000000 1.10739470 2.69250556
-1.82439961 1.06095498 2.35196729
-1.70149410 1.10326976 2.20192139
-1.59145053 1.12212524 2.05487073
-1.44464376 1.06361734 1.77782640
-1.38828475 1.06233973 1.69921541
-1.29762202 1.07104564 1.59085429
-1.21820532 1.03707150 1.45650323
-1.09881007 1.02947487 1.31595993
-0.99494174 1.03967688 1.22649393
-0.94591166 0.98981324 1.12807070
-0.90537124 1.04184142 1.15197951
-0.79674036 0.97194717 0.99293195
-0.71393149 0.99204881 0.95811925
-0.63037082 0.97316187 0.88678807
-0.53432865 0.96255781 0.82355979
-0.48416601 0.96161249 0.79818064
-0.43029565 0.94768981 0.76002786
-0.34843073 0.94238110 0.72268005
-0.26544954 0.94312114 0.69649338
-0.18509028 0.95270655 0.68544562
-0.11430549 0.96975513 0.68909858
-0.04031892 0.95382762 0.66344589
0.07339581 0.98671167 0.69211432
0.13336758 0.99250475 0.70055485
0.21942783 0.96517375 0.68295086
0.26805224 0.96254717 0.68989469
0.38878590 1.04533121 0.81086138
0.45559239 0.98981004 0.77989179
0.50410513 1.07132289 0.88793824
0.58779617 1.09100288 0.95388905
0.66393566 1.02789946 0.93330339
0.70956609 1.03994770 0.97629840
0.79374585 1.11125417 1.11296468
0.92093771 1.08053903 1.18059942
1.04636003 1.12311874 1.33481075
1.16641870 1.12756051 1.46152220
1.39315826 1.09839691 1.72839571
1.70161561 1.08087440 2.18002949
2.00000000 1.10739470 2.69250556
-2.00000000 1.19404219 2.79431544
-1.83858491 1.22934200 2.56933313
-1.75243306 1.15935568 2.34593151
-1.59580402 1.18551980 2.13592831
-1.47671152 1.24101276 2.03329680
-1.38770780 1.21825337 1.88332564
-1.29353234 1.14589774 1.67309799
-1.18489827 1.13538577 1.53202067
-1.15029284 1.18847909 1.55957889
-1.04166676 1.19356270 1.45509920
-0.94909715 1.15007512 1.31652198
-0.87322859 1.08907744 1.18087220
-0.76618550 1.14165259 1.16435854
-0.70942796 1.13641320 1.11964574
-0.59984141 1.17717101 1.10200403
-0.55496650 1.17335460 1.07258698
-0.49438444 1.09089752 0.94406863
-0.42855445 1.09871404 0.92315640
-0.33494016 1.06630527 0.84973867
-0.25213542 1.04866788 0.80386678
-0.17163612 1.09491273 0.83608177
-0.13533105 1.04566477 0.77345280
-0.04786532 1.15740424 0.88972694
0.03451129 1.14218724 0.86588471
0.13981991 1.12328504 0.84548313
0.20635591 1.05770104 0.77820998
0.23697975 1.15841949 0.89869916
0.33927180 1.08978517 0.84333769
0.40953504 1.18745070 0.98060106
0.49669479 1.14006038 0.96151725
0.53600102 1.15546956 0.99881619
0.61961841 1.24479779 1.15252233
0.73113774 1.19652960 1.16549633
0.79873112 1.25111544 1.27995160
0.85683594 1.23904291 1.30931244
1.01374128 1.20241800 1.39554683
1.19084253 1.19190542 1.56490780
1.36688394 1.21016256 1.82285168
1.51146396 1.25367037 2.09175771
2.00000000 1.19404219 2.79431544
-2.00000000 1.43890540 3.12121547
-1.80987301 1.43905067 2.80574956
-1.74489482 1.49334197 2.78114709
-1.62754690 1.46200775 2.55498920
-1.48173374 1.44069528 2.31318346
-1.37915520 1.46606345 2.21135810
-1.29536315 1.48106664 2.12672118
-1.23738214 1.42503730 1.97628508
-1.08936310 1.41237267 1.79557489
-1.00322725 1.41492647 1.71474799
-0.93960926 1.34039058 1.55485710
-0.84441632 1.41603660 1.57992778
-0.75630432 1.38870214 1.47649634
-0.69400664 1.31052688 1.32922645
-0.59043385 1.37789452 1.35514454
-0.55565949 1.33813463 1.28272224
-0.49992529 1.31523708 1.22371539
-0.39497720 1.28339210 1.13524270
-0.34388254 1.35314353 1.20663347
-0.27709637 1.32979781 1.15370931
-0.20453533 1.40076273 1.22848048
-0.11702168 1.37422516 1.17541806
-0.02276595 1.35659625 1.14054360
0.01908614 1.23079168 0.97481225
0.08668604 1.41789569 1.21996960
0.18657226 1.27495277 1.03603340
0.22173301 1.36227826 1.15544508
0.30374160 1.29855663 1.08739394
0.39566034 1.31446356 1.13541612
0.48337112 1.37207486 1.24679879
0.54617796 1.38315232 1.29181625
0.59400914 1.45553260 1.41725011
0.70168527 1.33713372 1.32166553
0.77468014 1.38688272 1.43808436
0.83992565 1.39038523 1.49104539
0.98752686 1.46777356 1.71759850
1.15843404 1.47258290 1.89632409
1.27662407 1.50119585 2.08994427
1.57740984 1.39565107 2.38324501
2.00000000 1.43890540 3.12121547
-2.00000000 1.63415971 3.41162915
-1.84130758 1.61617045 3.12023994
-1.66720558 1.60952231 2.83565810
-1.60611436 1.62831880 2.77262521
-1.44630026 1.59876472 2.49878891
-1.38387107 1.59379679 2.40729858
-1.28625947 1.59575378 2.28560823
-1.17731560 1.56153953 2.10571814
-1.07870516 1.55119483 1.98418397
-1.02555902 1.53096115 1.90153498
-0.93334281 1.55760929 1.85481836
-0.85633851 1.52264578 1.73947170
-0.76531446 1.53250932 1.68365988
-0.65366622 1.54610494 1.62639847
-0.61440503 1.57828412 1.64775756
-0.53031724 1.49706954 1.48517222
-0.46894903 1.50149557 1.46047782
-0.41417716 1.50915716 1.44645515
-0.31522575 1.48644027 1.37723101
-0.27917333 1.52011211 1.41260639
-0.22680481 1.55690873 1.44988305
-0.11420868 1.48100835 1.32075753
-0.06343927 1.57617123 1.44866127
-0.00401669 1.48675620 1.31729677
0.09479270 1.56065166 1.42101110
0.14679883 1.57931290 1.45103199
0.21793249 1.50466019 1.35196970
0.33186934 1.57251364 1.47473303
0.40437432 1.52736742 1.43231087
0.46672812 1.62163012 1.59610398
0.49710615 1.57970409 1.54718460
0.62054308 1.63323612 1.69249165
0.69745303 1.63771851 1.74714700
0.75843320 1.61873525 1.75975108
0.82845906 1.60981821 1.79741050
0.98446248 1.62537587 1.94721635
1.11877445 1.60188612 2.04099710
1.29900571 1.66406931 2.36498230
1.69012433 1.63767958 2.91486667
2.00000000 1.63415971 3.41162915
-2.00000000 1.68754086 3.49437480
-1.87600458 1.73324467 3.35986831
-1.67218963 1.75170663 3.06633453
-1.60194783 1.70470970 2.88572976
-1.41801503 1.78405579 2.74949904
-1.37025345 1.73276378 2.60412346
-1.29464581 1.76440355 2.55627585
-1.15551653 1.66203913 2.23215346
-1.04438964 1.64870519 2.09398429
-0.95199609 1.74811155 2.15483031
-0.91963180 1.75598866 2.13737016
-0.84547711 1.64337166 1.90604853
-0.73616763 1.70000929 1.90612895
-0.67483930 1.66198866 1.80750002
-0.58628147 1.71515847 1.82962503
-0.53558906 1.68770800 1.76044044
-0.46266471 1.65643152 1.67769080
-0.38065495 1.61612965 1.58389718
-0.32605480 1.62195071 1.57202553
-0.28794628 1.74370387 1.73669904
-0.18215709 1.65073729 1.57411249
-0.14194208 1.66888788 1.59311262
-0.08440140 1.70120538 1.63270748
-0.01458035 1.75169788 1.70269080
0.10400987 1.74771024 1.69802414
0.16770048 1.65749742 1.56811379
0.24018738 1.64557574 1.56127600
0.31526449 1.69050249 1.64641825
0.37027222 1.65423807 1.60820649
0.44124722 1.69488742 1.69668303
0.49738259 1.69245252 1.71781304
0.58354821 1.75294692 1.85686630
0.68013335 1.74070802 1.89595862
0.76214221 1.75918196 1.98119753
0.86847028 1.73962194 2.03003441
1.00984225 1.70077730 2.08635267
1.20843938 1.70056443 2.30064624
1.42541307 1.71025778 2.61852095
1.63720143 1.70438608 2.93413676
2.00000000 1.68754086 3.49437480
-2.00000000 2.00000000 4.00000000
-1.78784278 2.00000000 3.65453193
-1.67712958 2.00000000 3.48156687
-1.52289228 2.00000000 3.25073541
-1.40949455 2.00000000 3.08986303
-1.29900730 2.00000000 2.94161234
-1.23964301 2.00000000 2.86587372
-1.12392500 2.00000000 2.72710947
-1.00808909 2.00000000 2.60129595
-0.90937294 2.00000000 2.50537927
-0.86309148 2.00000000 2.46408596
-0.78531843 2.00000000 2.39978477
-0.68117675 2.00000000 2.32241384
-0.60574163 2.00000000 2.27198731
-0.54378925 2.00000000 2.23446063
-0.50579032 2.00000000 2.21331399
-0.42909177 2.00000000 2.17524455
-0.37812747 2.00000000 2.15352032
-0.31617568 2.00000000 2.13109209
-0.26196804 2.00000000 2.11510143
-0.19682535 2.00000000 2.10035826
-0.14408858 2.00000000 2.09192399
-0.05793211 2.00000000 2.08455934
-0.00058229 2.00000000 2.08376759
0.07599383 2.00000000 2.08737085
0.14512599 2.00000000 2.09534241
0.18716252 2.00000000 2.10256365
0.30457035 2.00000000 2.13267495
0.38145763 2.00000000 2.16034532
0.43897838 2.00000000 2.18503886
0.50739675 2.00000000 2.21866640
0.59241007 2.00000000 2.26652274
0.67214772 2.00000000 2.31708228
0.77436385 2.00000000 2.38920447
0.87453013 2.00000000 2.46705497
0.97697638 2.00000000 2.55321977
1.18609805 2.00000000 2.76197008
1.38980094 2.00000000 3.03365703
1.60477697 2.00000000 3.35849565
2.00000000 2.00000000 4.00000000
