-2.00000000 -2.00000000 4.00000000
-1.60572868 -2.00000000 3.37312828
-1.45450045 -2.00000000 3.15272537
-1.19522384 -2.00000000 2.81116285
-0.93228961 -2.00000000 2.52669304
-0.78856224 -2.00000000 2.40234570
-0.69767482 -2.00000000 2.33408503
-0.57514854 -2.00000000 2.25299663
-0.42061968 -2.00000000 2.17143168
-0.32930588 -2.00000000 2.13547668
-0.17630044 -2.00000000 2.09670933
0.00997168 -2.00000000 2.08395559
0.06024946 -2.00000000 2.08620124
0.26774457 -2.00000000 2.12164133
0.42493402 -2.00000000 2.17870183
0.52700819 -2.00000000 2.22912510
0.75719251 -2.00000000 2.37654878
0.91044919 -2.00000000 2.49655108
1.44976922 -2.00000000 3.12153384
2.00000000 -2.00000000 4.00000000
-2.00000000 -1.30081868 2.90014674
-1.71131645 -1.42997201 2.61423889
-1.48584307 -1.22477863 1.99820278
-1.30871679 -1.21103698 1.74508770
-1.06376590 -1.15356307 1.39525291
-0.91552879 -1.35629817 1.53957650
-0.75680944 -1.34716802 1.40653835
-0.67776741 -1.05585429 0.95701912
-0.48192728 -1.21044716 1.05156903
-0.41115707 -1.24894512 1.07240894
-0.23584606 -1.25612594 1.01677453
-0.02086856 -1.12587228 0.79131074
0.08444266 -1.29093314 1.00341226
0.23761840 -1.21493200 0.91719468
0.29884477 -1.16279892 0.87507510
0.42018489 -1.24024172 1.03162311
0.66521809 -1.50802169 1.56386141
0.97323255 -1.31105554 1.57097440
1.60168972 -1.49106920 2.53795984
2.00000000 -1.30081868 2.90014674
-2.00000000 -1.09180561 2.65720042
-1.71750086 -1.00624401 2.13033777
-1.45880802 -1.05509888 1.78616225
-1.30111869 -0.97806796 1.50873046
-0.94464450 -0.98027307 1.09749077
-0.83810597 -0.95798199 0.98018786
-0.73856800 -0.92456353 0.87012263
-0.62395316 -0.95932742 0.81708578
-0.49719380 -0.91533813 0.70268696
-0.36696167 -0.86325950 0.59894205
-0.17629450 -0.89999920 0.57538494
-0.02407018 -0.86699075 0.53877389
0.02082102 -0.89580006 0.56137554
0.25701975 -0.91877299 0.63661067
0.37984333 -0.96786829 0.73583031
0.48943864 -1.02462830 0.85307248
0.64314756 -1.04084719 0.98457925
1.06997440 -1.06858616 1.40385207
1.56117691 -1.17428837 2.09312086
2.00000000 -1.09180561 2.65720042
-2.00000000 -0.88284183 2.47752476
-1.71502476 -0.82279733 1.98151744
-1.42481395 -0.91847157 1.62950685
-1.22974730 -0.87661307 1.33867028
-0.91400514 -0.79034160 0.92147243
-0.77596796 -0.75916481 0.77579824
-0.73545439 -0.81431998 0.78242638
-0.61865880 -0.82830250 0.70631787
-0.42371718 -0.73801624 0.52869886
-0.35036670 -0.77321951 0.52351291
-0.20583191 -0.64652525 0.40204863
-0.04191540 -0.67600057 0.41190057
0.04914868 -0.69166647 0.43007646
0.24179741 -0.74077588 0.51017795
0.39931885 -0.84114992 0.65191663
0.46745080 -0.71659766 0.60475468
0.68183891 -0.87487499 0.87175895
0.88755454 -0.91431831 1.08226131
1.26679657 -0.79770395 1.36784421
2.00000000 -0.88284183 2.47752476
-2.00000000 -0.65667288 2.31472620
-1.52843263 -0.70658403 1.62195764
-1.37769920 -0.66486106 1.38310640
-1.16455137 -0.64941613 1.09890635
-0.94488119 -0.64319887 0.85206000
-0.77145610 -0.62124006 0.68236335
-0.68034968 -0.65387533 0.63227868
-0.50202156 -0.60125077 0.48423853
-0.38198372 -0.56082497 0.40314853
-0.34058550 -0.57168979 0.39306854
-0.22489119 -0.52272690 0.33701326
-0.05642126 -0.47996151 0.30554377
0.03395429 -0.55532191 0.35118779
0.28720163 -0.57967756 0.43206313
0.39717754 -0.51705331 0.44669521
0.47006257 -0.61035882 0.53851009
0.70805521 -0.64852102 0.72102413
1.01449039 -0.58214582 0.93345014
1.55264790 -0.57218820 1.57457887
2.00000000 -0.65667288 2.31472620
-2.00000000 -0.60464195 2.28268698
-1.56738227 -0.56844871 1.59196063
-1.32968760 -0.55130153 1.24918343
-1.02352859 -0.56306499 0.88470136
-0.86957970 -0.57055780 0.73624069
-0.71587298 -0.53442438 0.59018851
-0.61579818 -0.53959451 0.52240556
-0.51362172 -0.53413788 0.45545402
-0.41458105 -0.46000341 0.36917056
-0.32595526 -0.48401002 0.34448241
-0.21969353 -0.44396339 0.29950161
-0.01621053 -0.45096641 0.29465618
0.03762264 -0.41974123 0.28656593
0.24642978 -0.42908214 0.34017743
0.40109085 -0.48786920 0.43315935
0.48966787 -0.45535730 0.46253259
0.80679906 -0.49585306 0.69920653
0.92036089 -0.46839717 0.77612543
1.37510283 -0.47973753 1.26630831
2.00000000 -0.60464195 2.28268698
-2.00000000 -0.43971095 2.19628177
-1.51370889 -0.37836029 1.41924836
-1.43936569 -0.46157992 1.35121430
-1.20562357 -0.40479093 1.01350411
-0.93289052 -0.43699834 0.72432487
-0.72382408 -0.43539104 0.54722425
-0.63328958 -0.42504879 0.48004480
-0.56715256 -0.29458203 0.39002579
-0.40804610 -0.29452678 0.30598042
-0.27662744 -0.35028874 0.27593617
-0.19663139 -0.26009682 0.23033054
-0.07377964 -0.22678399 0.21003506
0.09861838 -0.23128769 0.22474907
0.29179699 -0.34530765 0.31925324
0.44102605 -0.25860076 0.34952486
0.57498186 -0.33993855 0.45675028
0.72077781 -0.26946484 0.52306400
0.87326598 -0.38296964 0.68989228
1.40683303 -0.30718396 1.21511048
2.00000000 -0.43971095 2.19628177
-2.00000000 -0.23937524 2.12526935
-1.56006775 -0.28182696 1.45176186
-1.35382728 -0.28480537 1.15926467
-1.16205107 -0.22002018 0.89032285
-0.82046516 -0.26623281 0.55432944
-0.74193546 -0.15433360 0.46454022
-0.64252538 -0.25266878 0.42401719
-0.52249901 -0.11244808 0.32155646
-0.46231859 -0.13803705 0.29496045
-0.33963675 -0.13181705 0.24139260
-0.23999357 -0.06717699 0.20219193
-0.00218139 -0.13866416 0.18916467
0.04990044 -0.15082907 0.19568352
0.29150091 -0.13530223 0.24599752
0.44438063 -0.09283787 0.29967577
0.48884136 -0.16017975 0.34087360
0.78564530 -0.14558091 0.52847671
1.07767442 -0.10038799 0.75851209
1.22761827 -0.08636008 0.91007146
2.00000000 -0.23937524 2.12526935
-2.00000000 -0.09283564 2.09834954
-1.65614854 -0.11704357 1.55904340
-1.32367172 -0.11242522 1.07517570
-1.05898384 -0.09061868 0.73909603
-0.83465499 -0.10957813 0.52460952
-0.73834327 -0.09028713 0.44950545
-0.70347146 -0.03616835 0.41841955
-0.51067273 -0.03417117 0.30526663
-0.42858254 -0.06126377 0.26837658
-0.33097012 -0.01772240 0.22557868
-0.21850866 -0.01961336 0.19278464
-0.05302931 -0.00033320 0.16811879
0.11806750 0.00547941 0.17463401
0.21278469 0.04692539 0.18755138
0.37748000 -0.02021206 0.25310895
0.50394443 0.03284800 0.30737148
0.67856023 0.01674653 0.41940885
0.90004893 -0.00352908 0.59083893
1.33297043 0.01461676 1.03048142
2.00000000 -0.09283564 2.09834954
-2.00000000 -0.03609989 2.09353859
-1.58520874 0.01375432 1.44219043
-1.43770315 -0.01435430 1.22506969
-1.20999648 0.02653446 0.90971659
-0.84159325 0.01759176 0.51236731
-0.78751557 0.04531460 0.46871810
-0.70239464 0.06401853 0.40972014
-0.56091699 0.05199530 0.32625332
-0.45901241 0.07397344 0.27496741
-0.33927012 0.06337635 0.22613895
-0.13996776 0.11756943 0.17583191
0.00539129 0.08609871 0.16223984
0.06652496 0.10656862 0.16326301
0.19670853 0.09855507 0.18005720
0.36576799 0.07466360 0.23499527
0.56160069 0.06058335 0.33794001
0.80152973 0.11445574 0.50491263
1.08417797 0.07538144 0.74768373
1.47982237 0.06334078 1.23861045
2.00000000 -0.03609989 2.09353859
-2.00000000 0.13095203 2.09617672
-1.59538872 0.14040525 1.46379134
-1.29787590 0.15372867 1.03101513
-1.12356894 0.15731134 0.80185035
-0.89117181 0.18291814 0.55313854
-0.75292608 0.13869701 0.44271840
-0.72909702 0.14352990 0.42685953
-0.53856929 0.21265633 0.32206985
-0.42162943 0.18048079 0.26431183
-0.36412646 0.19936819 0.24436870
-0.14500046 0.22100814 0.18811962
0.00223155 0.24106971 0.17549928
0.13071651 0.18539553 0.17093611
0.32742253 0.20967401 0.21764356
0.43883224 0.16199054 0.26390739
0.53790718 0.24135264 0.32167933
0.75283700 0.16556328 0.46713271
1.02567753 0.22593267 0.70566914
1.33739708 0.21368177 1.04826982
2.00000000 0.13095203 2.09617672
-2.00000000 0.28578528 2.12306103
-1.48984051 0.28002121 1.33032710
-1.37950475 0.26309998 1.16443897
-1.19473757 0.29783244 0.91689019
-0.88742965 0.26685784 0.56245635
-0.78545531 0.28345159 0.48507666
-0.71275238 0.27765235 0.43440166
-0.64510199 0.29717893 0.39842215
-0.45402318 0.27096355 0.29461866
-0.34347754 0.29216649 0.25814035
-0.16516152 0.27104940 0.20347318
0.01915912 0.30052305 0.19082780
0.13281931 0.31583889 0.19844451
0.31479383 0.28290627 0.22441079
0.40881798 0.29410306 0.26291166
0.54554472 0.29696271 0.33511722
0.85314732 0.31987889 0.56824958
1.12336445 0.33817295 0.82461282
1.57248864 0.28631899 1.40755364
2.00000000 0.28578528 2.12306103
-2.00000000 0.34337631 2.14012968
-1.65206286 0.37297313 1.60494697
-1.42027251 0.34978339 1.24828138
-1.13148239 0.33352257 0.84565315
-0.94965299 0.33442114 0.63952551
-0.79685434 0.34998777 0.51466387
-0.70704144 0.31643607 0.44204864
-0.64576923 0.35208747 0.41819141
-0.50006505 0.35133634 0.34274046
-0.33206551 0.33898371 0.27145795
-0.21543220 0.32339088 0.23200593
0.00366325 0.35932923 0.21504461
0.11015765 0.35524082 0.21289584
0.38214529 0.36666880 0.27595697
0.46651402 0.37597862 0.31707276
0.60203203 0.39166090 0.40095069
0.79020337 0.36527475 0.52898365
1.00828519 0.41605571 0.74144164
1.43827106 0.38796834 1.23478700
2.00000000 0.34337631 2.14012968
-2.00000000 0.47278093 2.19288855
-1.54611416 0.48041875 1.48896320
-1.34980696 0.48194410 1.20095525
-1.15736038 0.44504429 0.92212678
-0.95230080 0.48397747 0.71001528
-0.83108672 0.45522763 0.59008684
-0.72658234 0.38935499 0.48367267
-0.61036193 0.42561979 0.43376510
-0.48684080 0.40079008 0.36011350
-0.29504720 0.39098005 0.28411131
-0.09196387 0.42714831 0.25983403
0.06799191 0.45481243 0.26578267
0.20607891 0.45449787 0.27587167
0.38844638 0.47153125 0.33389274
0.48716135 0.47571925 0.37936445
0.69132503 0.49767277 0.51656210
0.88046753 0.49734006 0.66606349
1.05973967 0.50692912 0.83626544
1.63219426 0.49834547 1.58585171
2.00000000 0.47278093 2.19288855
-2.00000000 0.60579281 2.26667083
-1.57849372 0.58060785 1.59110704
-1.43607639 0.64950054 1.42096078
-1.19444972 0.54868580 1.02438746
-0.96075989 0.55796129 0.76402706
-0.84800870 0.52570067 0.64610906
-0.73075764 0.50759292 0.55333643
-0.62024948 0.50060343 0.48429422
-0.43894166 0.49706065 0.39704286
-0.34723289 0.53497883 0.38917638
-0.17123891 0.56900900 0.36653949
0.02658164 0.56393508 0.33991454
0.18133941 0.53871342 0.32847816
0.32589299 0.54836859 0.36461938
0.52670955 0.58415809 0.47238949
0.64814589 0.57227152 0.53586973
0.82101659 0.56111846 0.65573800
1.09147723 0.63596719 0.95004375
1.51677683 0.68677905 1.52770996
2.00000000 0.60579281 2.26667083
-2.00000000 0.77569515 2.38546189
-1.68415986 0.87576029 1.95921974
-1.34283923 0.73399995 1.34627758
-1.18316897 0.74437675 1.14458452
-1.05815058 0.80374285 1.05193047
-0.84737236 0.65505703 0.74052433
-0.77894430 0.65914757 0.69577990
-0.61434124 0.72328584 0.64854490
-0.44554344 0.67111472 0.52636985
-0.33130696 0.64453981 0.46397906
-0.11414126 0.64710068 0.41396564
0.05610542 0.66992142 0.41783754
0.17973888 0.69104774 0.44142679
0.39526608 0.63331593 0.45005173
0.46525682 0.78208465 0.59666929
0.65419386 0.77693205 0.69800166
0.75855644 0.79062492 0.78234074
1.05298269 0.70432404 0.96359884
1.26108749 0.81386121 1.27114423
2.00000000 0.77569515 2.38546189
-2.00000000 1.07658369 2.65845110
-1.75896686 1.09687645 2.28543800
-1.45242816 1.10608531 1.83578447
-1.20308753 1.04634644 1.44911656
-1.01747170 0.93618129 1.13600696
-0.85541602 0.86489370 0.92848023
-0.80927693 0.88811256 0.91689452
-0.69405259 0.99491465 0.94847721
-0.42481529 0.94564457 0.75565819
-0.32827766 0.91854460 0.69216437
-0.11682985 0.96419041 0.68383611
-0.01750489 0.91019755 0.61893574
0.16576998 1.03827745 0.75194125
0.35167281 0.94607617 0.69673235
0.46509757 0.91604871 0.71271172
0.61731623 0.89715073 0.77752956
0.73354488 1.02916549 0.98195068
0.97835163 0.97816984 1.12733358
1.51857974 0.96512264 1.77354530
2.00000000 1.07658369 2.65845110
-2.00000000 1.29881844 2.92794976
-1.62723670 1.21553679 2.21995444
-1.53518846 1.26933407 2.15284527
-1.25813670 1.17722045 1.66840436
-1.08196917 1.15824594 1.45049392
-0.86540618 1.28385476 1.41797045
-0.77288325 1.22596831 1.27369453
-0.60952275 1.19563557 1.13029719
-0.52436696 1.23245328 1.12981723
-0.28745548 1.22300123 1.02023251
-0.19108412 1.16802670 0.92659636
0.00029678 1.09039156 0.80711783
0.15444301 1.10285153 0.82297035
0.33027273 1.21850771 0.99275948
0.42878586 1.28237338 1.10606253
0.60487539 1.29159085 1.20293061
0.69460932 1.27374127 1.23544131
0.95399790 1.35107319 1.52981589
1.50360424 1.29226125 2.12994171
2.00000000 1.29881844 2.92794976
-2.00000000 1.45507170 3.14442222
-1.78275218 1.41414394 2.72674825
-1.46824842 1.53575902 2.43394088
-1.26469007 1.49055160 2.10315618
-0.98508158 1.53994357 1.87607543
-0.85743988 1.49661826 1.70326022
-0.79647435 1.45358877 1.59534172
-0.67572101 1.52813582 1.61520945
-0.46862781 1.33892260 1.23970592
-0.29728394 1.38392858 1.23171456
-0.17137833 1.36414975 1.17201413
0.03583321 1.34283241 1.11901658
0.13608423 1.39851138 1.19539628
0.26641400 1.52019677 1.38285046
0.48227121 1.38696593 1.26645546
0.60630749 1.38690176 1.32942874
0.73004829 1.43139840 1.46790537
0.92000263 1.51585590 1.73010721
1.39585411 1.55248419 2.33467153
2.00000000 1.45507170 3.14442222
-2.00000000 2.00000000 4.00000000
-1.60572868 2.00000000 3.37312828
-1.45450045 2.00000000 3.15272537
-1.19522384 2.00000000 2.81116285
-0.93228961 2.00000000 2.52669304
-0.78856224 2.00000000 2.40234570
-0.69767482 2.00000000 2.33408503
-0.57514854 2.00000000 2.25299663
-0.42061968 2.00000000 2.17143168
-0.32930588 2.00000000 2.13547668
-0.17630044 2.00000000 2.09670933
0.00997168 2.00000000 2.08395559
0.06024946 2.00000000 2.08620124
0.26774457 2.00000000 2.12164133
0.42493402 2.00000000 2.17870183
0.52700819 2.00000000 2.22912510
0.75719251 2.00000000 2.37654878
0.91044919 2.00000000 2.49655108
1.44976922 2.00000000 3.12153384
2.00000000 2.00000000 4.00000000
