-5.00000000 -5.00000000 2.50000000
-4.58308482 -5.00000000 2.33233584
-4.07437310 -5.00000000 2.29008290
-3.76336420 -5.00000000 2.35701380
-3.41684756 -5.00000000 2.51817157
-3.14363340 -5.00000000 2.71069464
-2.85383647 -5.00000000 2.97622286
-2.65030221 -5.00000000 3.19602078
-2.36094358 -5.00000000 3.54262535
-2.18039621 -5.00000000 3.76394252
-1.94417319 -5.00000000 4.04578416
-1.73676902 -5.00000000 4.28416252
-1.61385414 -5.00000000 4.42073873
-1.28484311 -5.00000000 4.76618115
-1.08135999 -5.00000000 4.96301334
-0.93537852 -5.00000000 5.09525841
-0.76838009 -5.00000000 5.23628057
-0.56978243 -5.00000000 5.38760214
-0.39127031 -5.00000000 5.50656039
-0.17172127 -5.00000000 5.62863848
0.03495360 -5.00000000 5.71767930
0.23916928 -5.00000000 5.78021285
0.60741683 -5.00000000 5.82847466
0.84101122 -5.00000000 5.81619283
1.01352006 -5.00000000 5.78703822
1.28531925 -5.00000000 5.71389827
1.45401737 -5.00000000 5.65532447
1.64809693 -5.00000000 5.57822676
1.95010289 -5.00000000 5.44294795
2.17617865 -5.00000000 5.33447790
2.31586877 -5.00000000 5.26725346
2.59692608 -5.00000000 5.14021400
2.89117586 -5.00000000 5.03147435
3.00915496 -5.00000000 4.99721091
3.23723420 -5.00000000 4.95465104
3.60712521 -5.00000000 4.97978470
3.90202264 -5.00000000 5.09117015
4.12183781 -5.00000000 5.22387707
4.60512748 -5.00000000 5.64522224
5.00000000 -5.00000000 6.10000000
-5.00000000 -4.56817806 1.97772251
-4.60168094 -4.65050581 1.84964467
-4.12355069 -4.37232610 1.38244634
-3.85239379 -4.39429206 1.41148769
-3.50409341 -4.37212628 1.46861412
-3.18887151 -4.70368194 2.13553554
-2.80957210 -4.72653849 2.48289540
-2.66826996 -4.33791557 1.96960307
-2.29400143 -4.62174121 2.82114585
-2.17004113 -4.66586616 3.04376939
-1.91401181 -4.66275485 3.32267003
-1.61259980 -4.44791476 3.21905383
-1.44046244 -4.62176660 3.74472727
-1.17195606 -4.44461340 3.63635827
-1.07559311 -4.32066384 3.47576965
-0.92720222 -4.39863938 3.74479102
-0.75358307 -4.71475553 4.55266411
-0.52454857 -4.37671534 3.95416983
-0.29960084 -4.65862857 4.67943165
-0.16550201 -4.36293543 4.06513324
0.11500613 -4.57880997 4.60999555
0.27214253 -4.40051433 4.21501931
0.79713288 -4.51448650 4.47291353
0.97242411 -4.46986121 4.34532088
1.13809781 -4.37325682 4.08653595
1.32347095 -4.56152433 4.51611109
1.46368833 -4.42864369 4.14427444
1.63290453 -4.25384247 3.66387098
1.93657496 -4.41755259 3.91839603
2.15046869 -4.27504973 3.44671470
2.25474309 -4.36121377 3.59600383
2.67896931 -4.32779428 3.26559435
2.90570893 -4.40397073 3.34626779
3.04073032 -4.49498361 3.53197275
3.19663399 -4.46319632 3.40536836
3.67336745 -4.39758994 3.26391179
3.92059582 -4.62663051 3.99695318
4.05608607 -4.36746462 3.38134218
4.59724008 -4.68084770 4.69181328
5.00000000 -4.56817806 4.81584151
-5.00000000 -3.83956694 1.41330507
-4.66161612 -4.00228753 1.22976102
-4.13347660 -3.83757241 0.87735013
-3.81306699 -3.78415033 0.79976696
-3.62854765 -3.95503674 0.96020929
-3.28036028 -4.05654721 1.18122411
-2.86281284 -3.89659575 1.26295438
-2.65320210 -4.04410044 1.59018749
-2.34024592 -3.76536452 1.54794482
-2.04899571 -3.85899672 1.89898991
-1.83366529 -3.86682601 2.09084326
-1.60596550 -3.88643685 2.30777072
-1.41284374 -4.01677826 2.66179762
-1.28943675 -3.71812853 2.33337965
-1.04643326 -3.96872091 2.88043080
-0.90765668 -4.01358547 3.05281565
-0.75651399 -3.80027396 2.81542149
-0.46955979 -4.07832323 3.41267574
-0.33973917 -3.96361474 3.26684666
-0.16078770 -3.96469586 3.31739862
0.03755241 -3.99780409 3.40349878
0.28812828 -3.96479684 3.35019866
0.63978964 -4.12224182 3.61069246
1.04298828 -3.96096770 3.21657399
1.23436663 -3.84999797 2.94942656
1.32280683 -3.90529356 3.02331928
1.47064304 -3.75612552 2.67904399
1.64601353 -3.62655374 2.35483400
1.83433293 -3.87972339 2.73548465
2.15322510 -3.89099959 2.57239660
2.31915697 -3.66779093 2.03453510
2.46703255 -3.96720367 2.54795817
2.84581484 -4.07663202 2.58517142
3.09767765 -3.87208020 2.04670242
3.37654630 -3.77711078 1.80482952
3.63981711 -3.93865419 2.16162340
3.91702740 -3.88104165 2.16073447
4.26518806 -3.97626092 2.60782604
4.59398419 -4.05216384 3.07560343
5.00000000 -3.83956694 3.05587153
-5.00000000 -3.52284123 1.32766767
-4.47944113 -3.54897823 0.89239979
-4.04024979 -3.56857420 0.70207714
-3.75404980 -3.58707722 0.67367861
-3.46854111 -3.44615927 0.62619898
-3.20871676 -3.54941794 0.76900315
-2.94687298 -3.50199054 0.87249868
-2.54438076 -3.59088729 1.22060019
-2.36805388 -3.53177210 1.30982661
-2.05164618 -3.53303043 1.55436686
-1.81671605 -3.61383263 1.81081584
-1.67726410 -3.51822114 1.81509271
-1.39141809 -3.53497879 2.03785494
-1.25360195 -3.46910737 2.06183775
-1.01055396 -3.48477538 2.24188394
-0.82762702 -3.43455969 2.30084569
-0.76688750 -3.55198460 2.47417845
-0.60760871 -3.51145722 2.51188234
-0.42383111 -3.59772715 2.69826001
-0.14625696 -3.65880551 2.85111046
0.06180963 -3.68265875 2.90204051
0.20323321 -3.53345794 2.68820252
0.70134596 -3.55274120 2.62786680
1.03977936 -3.61713958 2.62302829
1.14540873 -3.49974443 2.40780499
1.30494205 -3.44781078 2.26013724
1.54123670 -3.42074118 2.08932566
1.72569815 -3.51654803 2.12282956
1.97125806 -3.41622884 1.81605577
2.14515731 -3.51181848 1.86351705
2.29934828 -3.45599615 1.68750523
2.49347397 -3.60286633 1.82268748
2.92977608 -3.57245704 1.56377264
3.11695522 -3.63677957 1.60219180
3.31570445 -3.63450051 1.55214088
3.55155915 -3.52718283 1.37728950
3.95384758 -3.57049558 1.60506126
4.17048256 -3.42390742 1.52936551
4.56048859 -3.58016754 2.11892477
5.00000000 -3.52284123 2.49903220
-5.00000000 -3.36312909 1.32691292
-4.44564980 -3.15380013 0.84935039
-4.23458865 -3.19884678 0.70566695
-3.81463024 -3.19264371 0.54143786
-3.52667500 -3.06999648 0.49464191
-3.07408782 -3.26014772 0.66787624
-2.91459704 -3.29448420 0.76789973
-2.53151353 -3.27719019 1.00925581
-2.24115164 -3.21024961 1.17274942
-2.15293650 -3.34975194 1.32868436
-1.79530807 -3.30748808 1.54149084
-1.58516730 -3.22352565 1.61279962
-1.52628267 -3.19594466 1.62918335
-1.25772286 -3.26287992 1.85711435
-0.98649047 -3.25705036 2.02349544
-0.84089162 -3.21874938 2.07741140
-0.67339628 -3.34310967 2.29129888
-0.53330427 -3.33020353 2.34484889
-0.47243922 -3.17787258 2.22101906
-0.14575100 -3.30145434 2.40987783
0.01439631 -3.45550904 2.59548092
0.23045312 -3.35786720 2.46184045
0.56523692 -3.40925573 2.46662353
0.90255029 -3.36190377 2.31441173
1.21174151 -3.31784911 2.13455997
1.31564331 -3.15754760 1.89680664
1.48497928 -3.34493262 2.01934360
1.63471382 -3.15612165 1.69989017
1.84045669 -3.19377970 1.60604511
2.08693490 -3.27318786 1.55014830
2.32613131 -3.24771677 1.38512451
2.65763952 -3.25221724 1.22418707
2.85916925 -3.34577779 1.25499993
3.06948314 -3.24977683 1.05298062
3.43449285 -3.28547059 1.02639690
3.59295849 -3.19461242 0.93485224
3.84817850 -3.13382745 0.96160454
4.16822558 -3.20275589 1.24636543
4.48202075 -3.18368097 1.50601849
5.00000000 -3.36312909 2.27476126
-5.00000000 -2.93242563 1.45386471
-4.58272552 -2.96763167 1.01097376
-3.96943563 -2.79448901 0.61605829
-3.63946140 -2.87962588 0.49106409
-3.43762306 -2.79677443 0.47310410
-3.18856339 -2.80447228 0.50394124
-2.92577142 -2.86988387 0.61090822
-2.57988710 -2.93782571 0.82328626
-2.26670348 -2.82700904 0.97347730
-2.01822294 -2.98717795 1.18867891
-1.82080346 -2.96705282 1.29624057
-1.64907063 -2.91103084 1.36807270
-1.39355713 -2.87896798 1.50260360
-1.20136557 -2.86403162 1.60850667
-0.97997022 -2.82371173 1.71496359
-0.82751066 -2.91508092 1.85562860
-0.78530266 -2.91224718 1.87672889
-0.55375308 -2.83282417 1.92749333
-0.41612919 -2.93267094 2.03467633
-0.32888902 -2.91199723 2.03359296
-0.05966483 -2.91576953 2.04337103
0.17070164 -2.88777279 1.99691492
0.67385678 -3.02040735 2.01303017
0.96060698 -2.94581555 1.85781219
1.15809986 -3.04418012 1.86403462
1.29055420 -2.86457778 1.64530750
1.51128711 -3.01836873 1.64625337
1.71851662 -2.91579773 1.42859369
1.90805141 -2.94735584 1.33060756
2.23879408 -2.94417855 1.12815120
2.35412731 -2.99057482 1.10345457
2.58473131 -2.92496035 0.92531798
3.00045653 -3.00056901 0.81217131
3.14718077 -2.93921302 0.70928207
3.32047614 -2.93332839 0.66985420
3.50235008 -2.84082832 0.59786027
3.87404221 -2.91070352 0.77758194
4.09164711 -2.83879459 0.86970298
4.53211406 -2.97465971 1.36451096
5.00000000 -2.93242563 1.84951932
-5.00000000 -2.79002845 1.52465178
-4.48860105 -2.69975904 1.03068381
-4.03338960 -2.61214985 0.70121164
-3.64690863 -2.65981392 0.51054400
-3.47225900 -2.60904325 0.48345017
-3.17426969 -2.57711618 0.49899568
-2.77214286 -2.54194922 0.64636441
-2.51131650 -2.57725581 0.78344553
-2.26533031 -2.72547948 0.94316324
-2.13470845 -2.66088321 0.99801276
-1.90899448 -2.72685526 1.13826583
-1.63850890 -2.75538663 1.29985556
-1.47340519 -2.74034752 1.38797465
-1.16513350 -2.68395520 1.54103713
-0.99841427 -2.74791816 1.66437637
-0.91450680 -2.66542221 1.67208540
-0.79227772 -2.67063738 1.73740286
-0.61728369 -2.72228648 1.83912332
-0.50589437 -2.78881501 1.91339849
-0.32440246 -2.71850000 1.90042808
-0.14727679 -2.75096599 1.92474181
0.27547589 -2.74202907 1.87206881
0.51545501 -2.71469151 1.80790496
0.84528163 -2.67405586 1.69621499
1.09357247 -2.76656231 1.66561067
1.31504288 -2.66896675 1.49889920
1.51813255 -2.76857077 1.44826471
1.74590135 -2.73433308 1.28383988
1.98168131 -2.74286778 1.13738536
2.16483517 -2.79641624 1.05921551
2.36968823 -2.73902166 0.90020883
2.61792296 -2.77739589 0.79306628
2.91913967 -2.87623122 0.73362010
3.08621761 -2.78176293 0.60186193
3.24847540 -2.80108004 0.57631572
3.64768011 -2.75470600 0.57179647
3.91586594 -2.65065263 0.64021641
4.18616677 -2.59613724 0.81230602
4.68211469 -2.65830023 1.32205122
5.00000000 -2.79002845 1.75303614
-5.00000000 -2.52848392 1.68368391
-4.37349513 -2.38758032 1.07888752
-4.06654787 -2.35490787 0.82587518
-3.58852814 -2.26468460 0.58667595
-3.30291101 -2.25975599 0.53519530
-3.09289925 -2.25364252 0.55787455
-2.77489164 -2.30929244 0.66081186
-2.57352031 -2.39644899 0.74947343
-2.36476826 -2.32946596 0.86467151
-2.11449876 -2.54127229 0.98980357
-1.83041574 -2.52824165 1.13751123
-1.65861188 -2.57415979 1.23496493
-1.44787709 -2.58834012 1.35221986
-1.21888034 -2.57890805 1.47550819
-0.98724758 -2.56137020 1.59551554
-0.89296886 -2.48627294 1.62405900
-0.76281785 -2.42497182 1.67085102
-0.62633537 -2.44209052 1.72463307
-0.45624428 -2.50693226 1.78417855
-0.31907026 -2.50970550 1.80006104
-0.08503677 -2.47532371 1.78441598
0.14679901 -2.51546899 1.77157140
0.51893991 -2.55685615 1.71964414
0.89897869 -2.45618858 1.57270447
1.13108637 -2.40753109 1.46533012
1.29994156 -2.41384733 1.38799540
1.57108263 -2.56401133 1.29945825
1.71783674 -2.54683652 1.20072347
1.87832126 -2.47963497 1.06897588
2.16604592 -2.64168372 0.96242850
2.29068623 -2.63523082 0.88341565
2.62485886 -2.54426425 0.65057364
2.90333952 -2.57312726 0.53851393
3.04511236 -2.58159451 0.49144419
3.29104688 -2.51981381 0.40946897
3.56469364 -2.43467019 0.40068146
3.83267911 -2.38206392 0.49459643
4.18313756 -2.49339781 0.77084479
4.37016974 -2.31674797 0.89262640
5.00000000 -2.52848392 1.62667748
-5.00000000 -2.23038541 1.90318840
-4.46592781 -2.18497749 1.29768393
-4.17333919 -2.15681645 1.01916242
-3.66926969 -2.20224064 0.64180749
-3.46867136 -2.08344835 0.61531887
-3.20300857 -2.01092324 0.61557921
-2.81568902 -1.98953664 0.72406535
-2.53332960 -2.07824068 0.83028463
-2.28706569 -2.22543860 0.92290307
-2.01529590 -2.33781763 1.04593355
-1.89137179 -2.33380293 1.11015457
-1.64529906 -2.26983797 1.24240050
-1.33850037 -2.29638214 1.39151110
-1.16262496 -2.30595366 1.47656800
-0.96060037 -2.26251375 1.57069363
-0.89956279 -2.29845088 1.59841212
-0.70709309 -2.22038433 1.67067026
-0.58032288 -2.29762566 1.71383425
-0.48672190 -2.33283237 1.73820240
-0.30315697 -2.36751998 1.76283100
-0.14587301 -2.28384925 1.74796461
0.13246398 -2.33745472 1.72419103
0.63787152 -2.34461542 1.61783423
0.93069626 -2.30987245 1.51804174
1.05638611 -2.24216678 1.45436869
1.34568845 -2.33616080 1.34033918
1.48937109 -2.34778248 1.26471714
1.75242576 -2.21986586 1.07059759
1.95377736 -2.28470382 0.95555007
2.17635625 -2.31506557 0.82093182
2.25714546 -2.27600607 0.75964601
2.65525070 -2.25601460 0.53151541
2.78740120 -2.29445303 0.47985875
2.98065499 -2.35643373 0.42051000
3.24104171 -2.29376519 0.33961469
3.53276641 -2.12156074 0.33307824
3.72282752 -2.04675343 0.39727712
4.11824393 -2.06377206 0.64979095
4.34824086 -2.11761246 0.85035356
5.00000000 -2.23038541 1.55945801
-5.00000000 -2.04831579 2.04758475
-4.47421328 -2.00415994 1.42716300
-3.92667109 -1.98744820 0.90085799
-3.79518368 -2.00388663 0.79872526
-3.35130800 -1.87509663 0.67230055
-3.12005732 -1.86289471 0.67587736
-2.81426971 -1.84028757 0.76983967
-2.56044832 -1.90437341 0.86311354
-2.37660401 -1.97340704 0.93469306
-2.12524167 -2.01216908 1.04958217
-1.77898417 -2.15072715 1.19339341
-1.53484745 -2.15041255 1.31084684
-1.40411770 -2.16196750 1.37144690
-1.10308305 -2.16791400 1.50946808
-0.95618108 -2.14269053 1.57374810
-0.85224177 -2.09795462 1.61573800
-0.67868646 -2.16077794 1.67729327
-0.55146712 -2.16815337 1.71083666
-0.44554690 -2.15513676 1.72834348
-0.27027218 -2.12300160 1.73840012
-0.03776838 -2.10132453 1.72442462
0.08525434 -2.08655453 1.70701925
0.47018283 -2.09780598 1.62722752
0.86893994 -2.01590741 1.49747394
1.03670915 -2.01515581 1.42973760
1.32284549 -2.06317178 1.29709674
1.46683614 -2.11248269 1.22471948
1.75879539 -2.11342185 1.04430766
1.93506492 -2.14129285 0.93421659
2.10060359 -2.10518034 0.81900884
2.35883890 -2.17008160 0.67227590
2.45150472 -2.19609232 0.62470306
2.76610090 -2.08801400 0.44250968
2.92873569 -2.01956568 0.36350484
3.17408069 -2.03145907 0.30163148
3.47063855 -1.94828448 0.30653534
3.65861730 -1.95339651 0.36638495
4.12260008 -1.87003661 0.65495851
4.34955672 -1.97370417 0.84948284
5.00000000 -2.04831579 1.54881520
-5.00000000 -1.92605277 2.14519520
-4.41556950 -1.86432827 1.45373536
-3.92760818 -1.85056311 0.97500533
-3.61772659 -1.76382954 0.80989520
-3.33178097 -1.70661225 0.73564180
-3.10520795 -1.77484103 0.70811030
-2.80166163 -1.76889406 0.79528558
-2.58710549 -1.72689617 0.89506160
-2.26067108 -1.86078225 1.01494355
-2.00461223 -1.94048760 1.12036677
-1.87241691 -1.88327932 1.19086408
-1.54038282 -1.98991928 1.32724806
-1.42209757 -2.02035536 1.37737628
-1.14088344 -1.94307812 1.50558219
-0.98127442 -2.00413623 1.56729574
-0.83937920 -1.98793095 1.62125405
-0.72873521 -1.91287528 1.65807158
-0.52399620 -1.99015401 1.70924895
-0.39595892 -1.97120165 1.72602817
-0.28564837 -1.92714155 1.73076390
-0.10141020 -2.00097220 1.72643811
0.09686782 -1.99331239 1.70115948
0.68140190 -1.95338527 1.55702830
0.89388648 -1.87565989 1.47665017
1.12603173 -1.92493970 1.37966065
1.28078898 -1.88903127 1.29777173
1.45356348 -1.92995009 1.20548036
1.69557842 -1.99277034 1.06475915
1.87481603 -1.98612263 0.94658445
2.08496681 -2.02091032 0.81411938
2.33318116 -2.02330096 0.65933704
2.48807685 -2.02377425 0.57040691
2.70453458 -1.94710411 0.44808113
2.87909787 -1.87235324 0.36217551
3.07701745 -1.89003503 0.30191429
3.40119675 -1.80263334 0.28670824
3.69687483 -1.77671967 0.38263942
3.90223295 -1.79466381 0.49775650
4.61418263 -1.79766260 1.12092366
5.00000000 -1.92605277 1.55028779
-5.00000000 -1.75425957 2.28174936
-4.49750251 -1.69691088 1.66402585
-4.13675614 -1.63511878 1.29511882
-3.59376822 -1.68809714 0.83365010
-3.38057856 -1.58093743 0.79842818
-3.08390631 -1.54497826 0.78849865
-2.82272516 -1.51717477 0.85642858
-2.54488074 -1.58187167 0.94611882
-2.23074570 -1.63319216 1.07206112
-2.11176836 -1.64011252 1.12315813
-1.75832191 -1.75719050 1.25998027
-1.58727583 -1.72269646 1.33786528
-1.33409628 -1.75659103 1.44011078
-1.19264301 -1.82606126 1.49216786
-0.99917163 -1.80837227 1.56805642
-0.81592227 -1.75366443 1.63269583
-0.67779386 -1.68563037 1.67269363
-0.58859048 -1.81882400 1.69361845
-0.42631160 -1.75912230 1.71900663
-0.22253563 -1.83782031 1.72899522
-0.03771351 -1.72195135 1.71560207
0.11995494 -1.80590917 1.69324133
0.66030163 -1.66331351 1.55236408
0.79351453 -1.73104030 1.50745064
1.09578840 -1.67438785 1.37505794
1.33439028 -1.73548539 1.25411901
1.48186286 -1.77663533 1.17188925
1.61501359 -1.76361834 1.08835538
1.93269485 -1.86804508 0.89254399
2.11758479 -1.84565615 0.76940810
2.22602569 -1.82542881 0.69864171
2.41307945 -1.86926190 0.59115630
2.74705533 -1.72418572 0.40429944
2.85742910 -1.80658067 0.36371726
3.14856613 -1.68322548 0.27366972
3.31206336 -1.58658981 0.26930519
3.70834677 -1.59751053 0.39349782
3.90851281 -1.55018932 0.51572468
4.58336481 -1.70413203 1.09655492
5.00000000 -1.75425957 1.56274293
-5.00000000 -1.52693919 2.45879350
-4.56751321 -1.51178595 1.87790767
-4.03914904 -1.52861258 1.26133123
-3.65307345 -1.50032809 0.96168001
-3.43662173 -1.36534339 0.91543092
-3.04236372 -1.29500103 0.87629616
-2.81302580 -1.39758910 0.89075279
-2.57824626 -1.31583963 0.98853993
-2.30734018 -1.45180571 1.07102052
-2.03361785 -1.38181051 1.19538873
-1.74557742 -1.41159376 1.30814293
-1.54796312 -1.48961594 1.37875158
-1.46253052 -1.51657978 1.40997116
-1.20349066 -1.50946886 1.50914841
-0.99657549 -1.55425698 1.57969565
-0.78149843 -1.52011790 1.64706195
-0.62927723 -1.44517403 1.68493183
-0.47635847 -1.50008984 1.71133491
-0.34431350 -1.58431517 1.72436960
-0.14026335 -1.47930273 1.72402714
0.04914927 -1.56222467 1.70436908
0.24311247 -1.47956387 1.66871327
0.54778745 -1.56367001 1.58717139
0.81443819 -1.48110045 1.49210765
1.15014267 -1.57900091 1.34251125
1.24191082 -1.61327554 1.29621104
1.50132113 -1.54421010 1.14136573
1.74778037 -1.56951057 0.98731772
1.95838986 -1.68120582 0.85778679
2.13440985 -1.66732637 0.74308671
2.31369984 -1.68057379 0.63275486
2.52869879 -1.62014094 0.50627739
2.74424645 -1.53186089 0.39444972
2.82486753 -1.52000855 0.35807867
3.02909706 -1.48825198 0.28651416
3.26994114 -1.34808966 0.26470789
3.60663829 -1.35889280 0.35597648
4.04693026 -1.43061667 0.62861524
4.28455318 -1.42410952 0.83467860
5.00000000 -1.52693919 1.59528937
-5.00000000 -1.38777703 2.56366360
-4.57211563 -1.39128374 1.96434008
-4.02022032 -1.29807566 1.37908240
-3.78971280 -1.29419662 1.17268859
-3.37744894 -1.23143861 0.95555201
-3.09008705 -1.22705029 0.89913509
-2.86584592 -1.20713046 0.92756227
-2.62284012 -1.21600078 0.99303072
-2.29096227 -1.26985072 1.10747610
-1.98100673 -1.22472014 1.23657195
-1.87954351 -1.28548417 1.26929042
-1.56676497 -1.28911318 1.39001187
-1.32913910 -1.32891204 1.47517575
-1.11855447 -1.33049056 1.54863425
-0.93335265 -1.36199927 1.60657963
-0.79050216 -1.24918074 1.64862720
-0.64128177 -1.34371370 1.68272435
-0.50342142 -1.22909201 1.70625523
-0.31208276 -1.28524302 1.72428402
-0.16094844 -1.25208913 1.72431742
-0.00910119 -1.28026060 1.71286347
0.18989797 -1.26559125 1.68121530
0.52839745 -1.34877003 1.59247256
0.91611975 -1.35552845 1.44587440
1.07936658 -1.38112426 1.36907470
1.22000347 -1.34198577 1.29307620
1.52918560 -1.37129989 1.11336789
1.62005380 -1.42143421 1.05966051
1.92915547 -1.48597491 0.86491489
2.14874529 -1.38461451 0.72191901
2.23138807 -1.47229247 0.67312983
2.50785015 -1.35126690 0.51008553
2.76996649 -1.34805263 0.37884761
2.90645574 -1.31805265 0.32154263
3.13784551 -1.20871467 0.26643295
3.37394395 -1.26158912 0.28095040
3.63500424 -1.16638316 0.37958254
3.86155975 -1.28229804 0.50667421
4.45634836 -1.26785665 1.02812286
5.00000000 -1.38777703 1.62247246
-5.00000000 -1.14895346 2.73479515
-4.35177678 -1.07684072 1.87637552
-4.05574170 -1.08205144 1.53884129
-3.63316228 -0.97734326 1.22775018
-3.41219881 -1.09747516 1.03546109
-3.13511252 -0.95796207 1.00919094
-2.89090790 -0.86064761 1.02456146
-2.48434298 -0.85538258 1.09847847
-2.32999181 -0.96650404 1.13537251
-2.11128981 -0.93739554 1.21896113
-1.80379248 -0.84921646 1.33730952
-1.64172900 -0.96907983 1.38708671
-1.40001470 -0.95918841 1.47140874
-1.10117267 -0.93189507 1.56699442
-0.98228622 -0.93717687 1.60077502
-0.78958564 -1.01140737 1.64985989
-0.65142951 -0.94604953 1.67809606
-0.48596250 -1.07655862 1.70658063
-0.23676184 -1.09793318 1.72355686
-0.02699539 -0.97816375 1.71132755
0.07002953 -1.10524415 1.70175643
0.31859372 -1.17121538 1.65221693
0.56836818 -1.07008468 1.57761782
0.91144126 -0.98236858 1.43467476
1.08186681 -1.04863708 1.35225396
1.31577962 -1.08924752 1.22443589
1.51477332 -1.15416911 1.10958962
1.69154307 -1.26382198 1.00601051
1.88368705 -1.22569348 0.88344019
2.07299379 -1.18273009 0.76492206
2.35103424 -1.09873451 0.59966548
2.59589962 -1.19209762 0.46427557
2.78139365 -1.10348971 0.37672754
2.92580692 -1.13480732 0.31647586
3.09163587 -0.96065534 0.27672571
3.39159630 -1.01587647 0.29059110
3.77663125 -1.07532530 0.46675125
4.02185142 -1.01688933 0.65410590
4.33489455 -1.03724525 0.94209256
5.00000000 -1.14895346 1.67808776
-5.00000000 -0.85468257 2.92634321
-4.36397665 -0.85747930 2.00812312
-4.08134255 -0.80421614 1.71156417
-3.56958925 -0.82985879 1.26234754
-3.31968525 -0.76331053 1.15864859
-2.98829457 -0.73763512 1.07233816
-2.82573095 -0.75905485 1.05621821
-2.61507305 -0.73716515 1.08433718
-2.38434391 -0.69260859 1.14771529
-2.10587542 -0.67953971 1.24213307
-1.89703667 -0.70486184 1.31295070
-1.66202267 -0.64053999 1.39489183
-1.37043156 -0.76494861 1.48715012
-1.19128816 -0.77076165 1.54200657
-0.97016908 -0.63256060 1.59999989
-0.74411595 -0.72013860 1.65364736
-0.60196242 -0.73060880 1.67914666
-0.48581004 -0.71189589 1.69348721
-0.30394542 -0.79906183 1.71189435
-0.01307679 -0.72397723 1.69972655
0.11127004 -0.84594281 1.68986115
0.32600983 -0.76774318 1.64304018
0.64706227 -0.75096018 1.53866198
0.77569969 -0.85658956 1.49062326
0.98000467 -0.85266543 1.39305069
1.22039890 -0.91253148 1.26703018
1.43432967 -0.91206505 1.14198596
1.66753003 -0.99588880 1.00660998
1.87981323 -0.95809264 0.87587943
2.17629253 -0.90352757 0.70029608
2.33607715 -0.88451686 0.61040196
2.60580259 -0.84515575 0.46914102
2.78906141 -0.77762497 0.38621608
2.99274324 -0.79842293 0.30625212
3.12324689 -0.80047493 0.27628997
3.32259232 -0.78448255 0.27877113
3.63371017 -0.69093468 0.39250478
4.01841148 -0.77339605 0.67073876
4.67305061 -0.80505902 1.35704357
5.00000000 -0.85468257 1.75501713
-5.00000000 -0.77599041 2.97345775
-4.54765568 -0.69514044 2.32428584
-4.18002216 -0.65973249 1.88403896
-3.75547115 -0.67456479 1.47438263
-3.47473524 -0.62082583 1.30609601
-3.11054803 -0.62853370 1.14158140
-2.83664748 -0.56327351 1.11112332
-2.62909452 -0.56279877 1.11144760
-2.31243813 -0.58277959 1.17858402
-2.02304351 -0.50796871 1.27739203
-1.90146722 -0.52621509 1.31754280
-1.67508926 -0.53574830 1.39198859
-1.44621271 -0.45733406 1.46292421
-1.10679729 -0.52358677 1.56133330
-0.92701250 -0.50721860 1.60462083
-0.75360857 -0.55602642 1.64357419
-0.57249475 -0.62917556 1.67776430
-0.44796742 -0.60694297 1.69050742
-0.18952354 -0.66714907 1.70541747
-0.12537849 -0.61692555 1.70016071
0.16343765 -0.55265529 1.66540252
0.25789622 -0.57843706 1.64902283
0.63680814 -0.64946894 1.53688998
0.83771787 -0.60530007 1.44509215
1.02418437 -0.61227387 1.35008416
1.28501829 -0.63846407 1.20645763
1.37856522 -0.69596349 1.15733465
1.65113268 -0.76930861 1.00210250
2.02072281 -0.82020617 0.78788148
2.21466060 -0.79509757 0.67750712
2.40735173 -0.71607324 0.57330626
2.61608062 -0.77360063 0.46644172
2.86782760 -0.67279823 0.35810050
2.92787001 -0.69177732 0.33389405
3.21744524 -0.56817556 0.27308539
3.37993057 -0.56380145 0.28910677
3.81529199 -0.57210585 0.51144213
4.04279870 -0.56112391 0.70386811
4.63519596 -0.70244706 1.33122290
5.00000000 -0.77599041 1.77639521
-5.00000000 -0.46326266 3.14162904
-4.48863628 -0.39632391 2.35896571
-4.24054259 -0.48958222 2.01953981
-3.66901163 -0.48754144 1.49036174
-3.40792912 -0.51120845 1.31588693
-2.99309562 -0.46777514 1.16633190
-2.75189838 -0.44858510 1.13096155
-2.43894551 -0.40913708 1.15406921
-2.21882874 -0.38142287 1.21475678
-2.02731602 -0.32196821 1.27591593
-1.90359322 -0.21133787 1.31095526
-1.66859455 -0.32560214 1.39043616
-1.39180619 -0.32133323 1.47329128
-1.14911315 -0.30910326 1.53828379
-0.92744674 -0.35143898 1.59379680
-0.73904804 -0.33397937 1.62852971
-0.64839925 -0.32974388 1.64223405
-0.44774776 -0.32969590 1.66485057
-0.24383075 -0.44418985 1.68674385
-0.01279418 -0.34930952 1.66847347
0.07222026 -0.33275546 1.65810576
0.29700420 -0.39683665 1.62589218
0.59576243 -0.28926926 1.52234483
0.79617178 -0.41259139 1.44706536
0.99625164 -0.32684947 1.33472355
1.21603316 -0.40738422 1.22228796
1.46127475 -0.39172958 1.08061698
1.73800815 -0.55353780 0.93606748
1.91770065 -0.49429451 0.83050255
2.11654440 -0.57945282 0.72582701
2.32730215 -0.49126020 0.61205371
2.72911268 -0.50133048 0.42179891
2.86906442 -0.36485791 0.36773418
3.03400602 -0.39096118 0.31067723
3.24349129 -0.32338378 0.27452941
3.55748504 -0.31262024 0.34619138
3.76355667 -0.24735388 0.47096307
3.98963638 -0.45789521 0.65843146
4.33121444 -0.49048756 1.00650773
5.00000000 -0.46326266 1.86332255
-5.00000000 -0.24507350 3.23926448
-4.67987704 -0.32192358 2.65750927
-4.27663826 -0.25763693 2.13312668
-3.68986850 -0.28906853 1.57384942
-3.43274631 -0.27891646 1.40917852
-2.96343984 -0.25680665 1.20993619
-2.76544526 -0.22741649 1.16710835
-2.45445261 -0.19623308 1.15551587
-2.30808787 -0.19993203 1.18417164
-2.12043122 -0.11855721 1.23570616
-1.74944951 -0.13151751 1.35334019
-1.64421977 -0.06722852 1.37897584
-1.49392841 -0.06446269 1.42250496
-1.18468134 -0.10067180 1.50924683
-0.89157785 -0.05019366 1.56682029
-0.78659346 -0.13783298 1.59789501
-0.60100857 -0.07471819 1.61541548
-0.43406768 -0.08031794 1.63192996
-0.18928792 -0.13309971 1.64766142
-0.10194649 -0.16040247 1.64945365
0.08392523 -0.22440357 1.64346444
0.39886034 -0.15783161 1.57293152
0.54865905 -0.19022249 1.52860464
0.74217084 -0.20039203 1.44819281
0.88464363 -0.19055296 1.37653162
1.24211853 -0.20513319 1.18406911
1.45947577 -0.29533576 1.07162089
1.71022942 -0.27200347 0.92798772
1.89742248 -0.33193295 0.82997679
2.17436325 -0.32326620 0.68248778
2.47964099 -0.27460976 0.53075189
2.76029855 -0.29992537 0.41007583
2.89576754 -0.28731047 0.35879591
3.12538281 -0.20523370 0.29106219
3.31096378 -0.13196372 0.27557346
3.54587102 -0.10257375 0.33662719
3.74419507 -0.15299161 0.45589426
4.05132065 -0.10503797 0.72947822
4.40269549 -0.18464262 1.12420067
5.00000000 -0.24507350 1.92487195
-5.00000000 -0.11319345 3.28967946
-4.72578002 -0.01009686 2.80925121
-4.22017165 -0.16714834 2.09043501
-3.84600188 -0.15021843 1.73097945
-3.31716834 -0.19224311 1.36726206
-2.99656225 -0.14833893 1.23713758
-2.83476954 -0.12311432 1.19130460
-2.52109189 -0.06936380 1.14855884
-2.25981248 -0.00507725 1.18177230
-2.11162770 -0.01700749 1.22854130
-1.88922845 0.00094763 1.29630731
-1.58498374 0.08753527 1.37600690
-1.37769121 0.04115726 1.44075689
-1.09260616 0.06911574 1.50662389
-0.98998198 0.06192199 1.52978210
-0.73440348 0.02562081 1.58130637
-0.67591997 0.09585861 1.57679358
-0.40787777 0.02141535 1.61631051
-0.23808263 0.00468151 1.62482983
-0.11111664 0.00518974 1.62256328
0.06629378 -0.07153547 1.62282626
0.29638601 -0.07987546 1.58680023
0.50355082 -0.01137720 1.51814235
0.77374363 0.02084686 1.40078263
0.99361202 -0.01830558 1.29508814
1.12909837 0.01715772 1.21680443
1.36865005 -0.03526186 1.09179254
1.61216434 -0.12085587 0.96665036
2.03534382 -0.13410965 0.73932419
2.12752083 -0.24060252 0.70083511
2.39163952 -0.17828808 0.56641082
2.73243849 -0.10678776 0.41608430
2.97731853 -0.03962995 0.32990947
3.05698569 -0.04037593 0.30770319
3.33744875 0.00120713 0.27764884
3.61861361 0.06016658 0.37417359
3.90367834 0.05757011 0.59120481
4.20757955 0.05386412 0.91285469
4.37315382 0.06689277 1.11773362
5.00000000 -0.11319345 1.96205180
-5.00000000 0.15691313 3.37093089
-4.75918626 0.21501163 2.90070725
-4.09101735 0.14059052 1.99762870
-3.77511458 0.05634316 1.70457821
-3.34338148 0.06506173 1.41311053
-3.14816512 0.08571703 1.31349745
-2.67769716 -0.00324596 1.16021379
-2.40426539 0.03983251 1.14736535
-2.23093966 0.07887861 1.17931770
-2.08689217 0.21926560 1.20047878
-1.81587151 0.23553283 1.28127819
-1.61644495 0.24314568 1.33906035
-1.51672448 0.23222953 1.36959037
-1.12636636 0.23586339 1.46763416
-0.99653046 0.31588534 1.47697637
-0.80886870 0.19457176 1.53771422
-0.57075913 0.23912998 1.55910832
-0.45243806 0.18814097 1.58035828
-0.32636671 0.22235081 1.57876005
-0.02008416 0.20127911 1.57591522
0.09256560 0.18664924 1.56771824
0.34129468 0.17699349 1.52502820
0.52842544 0.19546714 1.46676967
0.81384957 0.21418528 1.34545566
1.00876967 0.14876968 1.26030218
1.25643688 0.09905100 1.13498680
1.41937722 0.12911626 1.04084804
1.62374963 0.06496301 0.93725170
1.92969424 0.03457161 0.77603392
2.14568384 -0.01190340 0.67064189
2.40399492 0.01695727 0.54465164
2.56240987 0.02038067 0.47574608
3.00290622 0.04721754 0.32016293
3.07172203 0.18343809 0.29840835
3.32644150 0.23792485 0.27967807
3.54952082 0.18168139 0.34158802
3.80292566 0.19470096 0.50962676
4.15246158 0.27265675 0.87176774
4.55568100 0.27222905 1.39680299
5.00000000 0.15691313 2.03737228
-5.00000000 0.31783264 3.40415815
-4.68999983 0.48761207 2.79648470
-4.12793047 0.37869634 2.04058120
-3.70170268 0.26583253 1.65374213
-3.40225003 0.20181602 1.44856614
-3.00388298 0.24435441 1.24222661
-2.78225802 0.21783354 1.16802634
-2.56814585 0.24103791 1.12265465
-2.16596917 0.40625773 1.13737443
-2.02018683 0.42445756 1.17659588
-1.73789645 0.37962390 1.27288959
-1.58508068 0.38312507 1.31647150
-1.47010790 0.48187603 1.32221297
-1.17139798 0.52316067 1.38459290
-0.92012429 0.36463510 1.47944458
-0.81916203 0.49266459 1.46162923
-0.68515330 0.36982588 1.51446484
-0.51675535 0.35662180 1.53548297
-0.35471135 0.34137324 1.54854726
-0.06104629 0.32926820 1.54482697
0.05370201 0.27895798 1.54797881
0.22808528 0.34673755 1.49795295
0.57110418 0.30269363 1.42173958
0.82127253 0.26715280 1.33006454
1.04725716 0.32590553 1.20615177
1.27192958 0.25511494 1.10141571
1.44439763 0.28646040 1.00205783
1.65299059 0.23350605 0.89642358
1.87519806 0.20663323 0.78061146
2.08836582 0.27914487 0.65816337
2.30518872 0.15731445 0.57305930
2.60133735 0.14393286 0.44805695
2.82223936 0.32976728 0.35208550
3.04821667 0.36865059 0.29481892
3.24090489 0.33929701 0.27737544
3.51102177 0.45207503 0.34634027
3.81617897 0.57260039 0.57154981
4.00784142 0.39364284 0.72620916
4.35186798 0.54281608 1.16974903
5.00000000 0.31783264 2.08128175
-5.00000000 0.69238300 3.43498924
-4.69204233 0.62710077 2.79879112
-4.29028884 0.82874198 2.18556127
-3.78148325 0.63091578 1.68085713
-3.39633446 0.64204467 1.38284646
-3.17748582 0.52528765 1.27957440
-2.82616589 0.60292511 1.10433687
-2.42124318 0.59396218 1.04533470
-2.20931669 0.55489072 1.08963088
-1.99481223 0.59836869 1.13774928
-1.82650747 0.59647333 1.18731602
-1.59880702 0.72159734 1.21129825
-1.43952379 0.72518853 1.25277830
-1.29763595 0.72473967 1.28867643
-0.96561545 0.72771299 1.35922172
-0.83407234 0.68931792 1.39572340
-0.76619214 0.71520784 1.39652066
-0.47927494 0.54380749 1.48357971
-0.35373108 0.47780760 1.50902248
-0.16054516 0.48309822 1.50171943
0.03959801 0.46896673 1.48462175
0.32777268 0.52327816 1.40217736
0.71831573 0.51694229 1.28532296
0.81867707 0.50126695 1.25461172
1.09841101 0.50261742 1.13364064
1.22087860 0.42057973 1.09541007
1.44897651 0.55246650 0.94318748
1.59008290 0.42603063 0.89562231
1.92305417 0.46199474 0.70714402
2.09427966 0.36396102 0.63936346
2.21712402 0.39247917 0.57419805
2.56244867 0.37747750 0.43132287
2.83790741 0.49860082 0.32935987
2.94215719 0.46486864 0.30891567
3.17612796 0.56659745 0.28119491
3.47997237 0.69224971 0.36762927
3.80360891 0.82878279 0.61581869
4.09741054 0.80978125 0.91384215
4.53839816 0.81948439 1.49576709
5.00000000 0.69238300 2.18165610
-5.00000000 0.92861452 3.42409530
-4.61099741 1.00937903 2.63411362
-4.23546428 1.00957965 2.07981317
-3.75987295 0.87630462 1.59967050
-3.51386111 0.85235203 1.40078713
-3.08901626 0.79369368 1.14941600
-2.74063878 0.74910051 1.03037696
-2.44310579 0.76083249 0.99514870
-2.29303664 0.76709100 1.01133841
-2.06248319 0.89388455 1.02387241
-1.82425281 0.86370991 1.09774701
-1.66467014 0.85323890 1.14511481
-1.39431367 0.87989557 1.20571590
-1.22717462 0.88856715 1.24249706
-1.03698307 0.82485346 1.30874995
-0.89080593 0.84117598 1.32941636
-0.69967671 0.76056964 1.38819495
-0.54348551 0.76889842 1.39874759
-0.36138883 0.69330302 1.43186668
-0.24997296 0.66182625 1.43996734
-0.06993024 0.66431868 1.42143750
0.19620017 0.65872273 1.37588383
0.66155395 0.65285223 1.24774699
0.85716406 0.68260826 1.16793826
1.09700513 0.70269916 1.06668752
1.34785626 0.63167894 0.97392744
1.48599114 0.69052539 0.88743931
1.64237367 0.69555433 0.80390467
1.89133186 0.68467787 0.67376368
2.01979233 0.71328774 0.60112412
2.15152792 0.69034328 0.54204208
2.54589292 0.66054999 0.38883549
2.66327216 0.68608210 0.34906773
2.85538703 0.72771149 0.29899930
3.10135209 0.85973833 0.27518587
3.50383194 0.96076496 0.41609651
3.72597724 0.98957002 0.57946805
3.99336581 1.00594208 0.84143006
4.46948186 1.02250061 1.44888318
5.00000000 0.92861452 2.24968960
-5.00000000 0.98611804 3.41840552
-4.49913132 1.15857395 2.42920383
-4.17750808 1.14365371 1.97022408
-3.94309714 1.09895380 1.70597989
-3.36941968 0.96589412 1.24705382
-3.11173084 1.00823231 1.06632509
-2.77613337 0.88559656 0.98675739
-2.50496479 0.85849803 0.96087068
-2.20650297 1.04934525 0.93329903
-2.10893093 1.05021051 0.95493290
-1.87839425 1.02424066 1.02156081
-1.62942867 1.09890746 1.05455983
-1.51736746 1.10594621 1.08007424
-1.18371287 1.00312969 1.20487228
-1.08263957 1.00150908 1.22747978
-0.95254633 0.92022026 1.28681361
-0.79716945 0.87544039 1.33071956
-0.58695537 0.86568636 1.35788972
-0.50028835 0.92958572 1.33684003
-0.29370276 0.76463552 1.40148612
0.00188968 0.81474140 1.34880113
0.24870267 0.74547568 1.32738461
0.51372853 0.80932602 1.22996759
0.83072780 0.82995905 1.12092640
1.14197472 0.84001507 1.00130667
1.25884470 0.74694707 0.98145478
1.48431368 0.80985525 0.85562667
1.66425445 0.79040468 0.76857364
1.74733577 0.86107714 0.70780026
1.96851708 0.90962949 0.58312002
2.20581927 0.76445219 0.50130140
2.50621535 0.84198407 0.37020950
2.70646842 0.95180611 0.30035429
2.83496735 0.83165756 0.29062314
3.06734277 1.04774215 0.26620212
3.37838555 1.06856411 0.35918795
3.76030174 1.20331013 0.64582175
4.13864197 1.14018688 1.03927509
4.66828247 1.11624759 1.76990291
5.00000000 0.98611804 2.26730277
-5.00000000 1.34442767 3.36170290
-4.46062208 1.37505089 2.32597639
-4.03865226 1.39068928 1.70768926
-3.83209299 1.32987226 1.48751011
-3.56063794 1.29939013 1.23188691
-3.28122800 1.33323090 0.99496896
-2.95836639 1.19148649 0.90423075
-2.65226724 1.25937857 0.80666159
-2.38068086 1.21711840 0.83713959
-2.06193485 1.32801038 0.85217606
-1.85616961 1.36742318 0.88127520
-1.63737505 1.22567960 0.99738501
-1.57167551 1.23899833 1.00796326
-1.34338401 1.20868160 1.07810121
-1.11116030 1.18663595 1.14195980
-0.93568456 1.14837747 1.19462217
-0.83458275 1.11840018 1.22522294
-0.61931205 1.16277390 1.23491633
-0.41237789 1.00229063 1.30886806
-0.20175244 0.98760226 1.30484463
-0.05440957 1.10364978 1.24174307
0.07343273 1.03715026 1.24680300
0.47700344 0.95542174 1.18299185
0.82288696 1.06849064 1.03729586
1.10627249 1.09220403 0.93248306
1.29040366 0.98752866 0.89283039
1.44286951 1.10418657 0.79332826
1.61684557 1.25308889 0.67704371
1.75517125 1.23483504 0.61682941
1.98598679 1.10658480 0.53266057
2.12384989 1.22791196 0.44649981
2.45784772 1.20750958 0.32768658
2.67925144 1.25672751 0.27053691
2.82367899 1.08787658 0.26523830
3.06790117 1.27108082 0.26120743
3.25724437 1.33014930 0.31897827
3.61759491 1.46330168 0.56098012
3.88266913 1.48079449 0.81937358
4.56009473 1.41948407 1.69596582
5.00000000 1.34442767 2.38904364
-5.00000000 1.50220353 3.32792876
-4.55222340 1.49203654 2.45841454
-4.23652536 1.51833693 1.93867453
-3.79846314 1.50354374 1.36779891
-3.49924637 1.50670074 1.06469488
-3.10395398 1.45926899 0.82503505
-2.91623863 1.44222188 0.76494928
-2.58152479 1.40438539 0.74335412
-2.47715334 1.48391419 0.71594985
-2.13579413 1.53661955 0.74625398
-1.86920304 1.52418126 0.80831761
-1.68486384 1.41824091 0.89972477
-1.57699122 1.48310149 0.89742503
-1.34986671 1.38586540 0.99785422
-1.12584256 1.37931310 1.05522273
-0.93433326 1.35664918 1.10719918
-0.84720662 1.43296354 1.09315550
-0.66001859 1.31299842 1.17020894
-0.50236988 1.32277761 1.17955841
-0.30460448 1.25025638 1.20839350
-0.08931721 1.23131727 1.19752780
0.12965723 1.31510416 1.13192877
0.52093249 1.25278653 1.06223805
0.71941514 1.24632619 1.00857238
0.95244288 1.29910730 0.92021428
1.17723414 1.29224457 0.84592656
1.39093646 1.39990272 0.73637950
1.64177883 1.47340053 0.61626231
1.83155715 1.48866440 0.53020275
2.04486919 1.44871861 0.44309391
2.12848528 1.41397251 0.41361523
2.47871884 1.46389004 0.29181951
2.67987689 1.38268696 0.25955116
2.76780942 1.44324139 0.24487633
3.10724691 1.50206957 0.27212058
3.32315136 1.50775115 0.36150875
3.72262929 1.61671267 0.68121236
3.99556908 1.59131601 0.97200175
4.53879435 1.61938107 1.72955964
5.00000000 1.50220353 2.45068177
-5.00000000 1.73588034 3.27248047
-4.56547835 1.78925889 2.41869094
-4.16934595 1.69626065 1.78225316
-3.76072774 1.66630016 1.24806793
-3.57135826 1.62405186 1.06842564
-3.14174614 1.61421431 0.76134852
-2.97616244 1.67666406 0.66739828
-2.71814832 1.72173347 0.60607226
-2.48197338 1.66949406 0.63557303
-2.24488618 1.67234631 0.66670052
-2.03832858 1.73740166 0.67646619
-1.78156010 1.71034112 0.74618513
-1.64951911 1.67314819 0.79518708
-1.39796660 1.70767954 0.84661173
-1.14673210 1.62412422 0.94752958
-0.93763862 1.65100651 0.98820124
-0.84494315 1.55686966 1.04449711
-0.63932064 1.55119265 1.08046544
-0.48700526 1.59122141 1.08021385
-0.27377396 1.52043600 1.10762728
-0.06722163 1.42312386 1.12476941
0.15875801 1.50003868 1.06262340
0.56958540 1.43651750 0.98834880
0.79855333 1.42722873 0.92791655
0.89417540 1.59073930 0.85295747
1.09615267 1.61294397 0.78595482
1.41448447 1.71036428 0.65597377
1.49423776 1.62084916 0.64488568
1.88261332 1.77332108 0.46377312
1.97195261 1.75852360 0.42982974
2.24307068 1.74698902 0.33266694
2.45646448 1.60930855 0.28482130
2.63895003 1.62229255 0.25189707
2.77826697 1.63025608 0.23902131
3.08349422 1.69639066 0.27420523
3.36096573 1.78123495 0.41220860
3.64217910 1.75941857 0.63060326
4.11628568 1.85155033 1.19344724
4.56617995 1.76835041 1.82681309
5.00000000 1.73588034 2.55351766
-5.00000000 1.91896384 3.22775163
-4.58025849 1.95784255 2.40528496
-4.09291964 1.86378182 1.61414258
-3.85444856 1.95672307 1.24934780
-3.48968887 1.88894228 0.86908799
-3.17970817 1.88111753 0.65329273
-2.94623087 1.82278086 0.59292623
-2.70652689 1.83409297 0.55654309
-2.49956758 1.94833776 0.51334055
-2.25668955 1.83921366 0.59127435
-2.03990186 1.93531442 0.59039459
-1.71977816 1.87271632 0.69245277
-1.61715765 1.91673982 0.70196287
-1.25298387 1.85502807 0.82828364
-1.10760609 1.87658100 0.86094961
-0.95754970 1.86691219 0.90400376
-0.76774261 1.84764711 0.95357931
-0.59150311 1.74628970 1.01641971
-0.46007463 1.81747469 1.00519027
-0.33655400 1.74241499 1.03374302
-0.15543584 1.65005252 1.05674411
0.12131486 1.73693688 0.99466923
0.39392546 1.62993704 0.97155710
0.74009333 1.77774546 0.84525482
0.92193000 1.74011143 0.80604728
1.06011732 1.83402840 0.74486062
1.28751010 1.85607293 0.67076855
1.59338621 1.95974872 0.55053996
1.84506658 1.97916353 0.45651150
2.06490886 1.89501086 0.38195865
2.20779048 1.93523277 0.33291765
2.35108907 1.91899364 0.29529790
2.72346625 1.97443283 0.25413385
2.79732286 1.92092534 0.24990747
3.03554343 1.88077359 0.27700457
3.44741253 1.96934878 0.50334756
3.75402480 2.05096982 0.80712644
4.03625177 2.03960842 1.14409149
4.58464790 2.00979797 1.95582838
5.00000000 1.91896384 2.64570827
-5.00000000 2.10844650 3.18391351
-4.67532144 2.10900274 2.54538974
-4.00229649 2.06364881 1.42061110
-3.78160426 2.13347147 1.10328270
-3.48852501 2.07772846 0.80099918
-3.21033899 2.02775121 0.61246919
-3.04630892 2.06391034 0.52547129
-2.67927696 2.07337704 0.45697109
-2.54673198 2.03456875 0.47431286
-2.20071032 2.09050005 0.49529761
-1.97350351 2.02212993 0.56939018
-1.78473110 2.02688804 0.61404115
-1.58255015 2.04786029 0.66198837
-1.38977471 2.09082951 0.70424664
-1.12656721 1.97338521 0.82173708
-0.90425578 1.96265794 0.88490249
-0.75102468 1.97318933 0.91595265
-0.66866837 2.03265491 0.91335331
-0.52999563 1.93613990 0.96195584
-0.27745373 1.90660729 0.98308613
-0.15621124 1.89810754 0.98102792
0.15614410 1.92406122 0.93643016
0.47773100 1.93843715 0.86790032
0.70379977 1.88577118 0.82765374
0.85409443 1.92059341 0.78227378
1.07486629 1.96991753 0.71364679
1.36851215 2.11544890 0.60694167
1.64292943 2.17220268 0.51479431
1.91463468 2.18995909 0.42294639
2.06811202 2.26033892 0.37649321
2.28965235 2.15790497 0.31400495
2.45435170 2.10943244 0.28220967
2.70906258 2.12798245 0.27140359
2.89254802 2.09603756 0.27976789
3.04075817 2.12164425 0.31604688
3.44042437 2.15895423 0.53978849
3.68774025 2.13685754 0.75953104
3.90774213 2.18258842 1.02462948
4.36879951 2.16556471 1.67293490
5.00000000 2.10844650 2.75546546
-5.00000000 2.21616643 3.16155528
-4.53626566 2.22202880 2.25974685
-4.18883316 2.29685040 1.64567428
-3.65070588 2.18972044 0.93443222
-3.42621369 2.26331508 0.69726400
-3.25368483 2.17999591 0.59035495
-3.02134822 2.16940881 0.48205826
-2.81043557 2.18208987 0.42873747
-2.55053571 2.16172045 0.42481156
-2.26117041 2.23825969 0.42995254
-1.91141544 2.19117757 0.52128086
-1.75363942 2.26666546 0.53945363
-1.62423070 2.21457632 0.59343698
-1.36776635 2.13392519 0.69696573
-1.13713027 2.13744636 0.76614507
-0.91684465 2.16898579 0.81944827
-0.80724390 2.23004310 0.83060198
-0.62904843 2.10413276 0.89965822
-0.46081170 2.12067776 0.91663207
-0.34214525 2.14401264 0.91829567
-0.17759251 2.06459236 0.93756737
0.10233744 2.02617229 0.91945459
0.43487310 2.07843717 0.84568101
0.59032804 1.99322097 0.82980100
0.94159442 2.07918442 0.72993952
1.14677582 2.16817986 0.66455018
1.36074471 2.23771203 0.59879434
1.50942561 2.28109610 0.55271033
1.83777717 2.29869118 0.44924540
2.02484862 2.42257292 0.40164559
2.32064202 2.41094488 0.33621115
2.37711685 2.27001648 0.30798327
2.76562203 2.24902295 0.29538139
2.89425537 2.32503828 0.33036380
3.06684352 2.24123542 0.35188386
3.30076513 2.27562504 0.47348846
3.75297421 2.34644326 0.89680235
3.93595901 2.35979626 1.12487521
4.42829864 2.24420098 1.80487167
5.00000000 2.21616643 2.82641743
-5.00000000 2.44192354 3.12435492
-4.68302439 2.42186713 2.48995494
-4.00560826 2.38536540 1.34735186
-3.79776072 2.51008126 1.04668309
-3.37418047 2.44600291 0.62258640
-3.14247879 2.40425022 0.47781946
-2.89023980 2.43775457 0.37695402
-2.61605420 2.37406901 0.35562408
-2.53941300 2.37773982 0.35532455
-2.19090685 2.49378284 0.36936203
-2.01081433 2.47227401 0.41437049
-1.75259901 2.36096165 0.51277679
-1.49886236 2.46216051 0.56789584
-1.37990640 2.37914442 0.62503608
-1.14676542 2.34353019 0.70809416
-0.89410996 2.32193692 0.78672980
-0.79353662 2.34125570 0.80752489
-0.57993431 2.48886674 0.82190205
-0.45283492 2.37428508 0.85948579
-0.31600199 2.48313550 0.85106986
-0.08967785 2.38107246 0.86696421
0.18362357 2.23813139 0.86199298
0.38726653 2.26967205 0.82056905
0.65579217 2.35142518 0.75758721
0.89856655 2.29821623 0.71168252
1.06810236 2.32432482 0.67040722
1.36406829 2.54858140 0.59719580
1.65451380 2.58965102 0.52461131
1.91885785 2.57477025 0.45065125
2.04724006 2.60592129 0.42469308
2.21121435 2.59555971 0.39012365
2.62927521 2.57286638 0.36769073
2.70284602 2.44622395 0.33679037
2.90656549 2.48421945 0.38248615
3.13285409 2.55836917 0.48588929
3.44341749 2.58803329 0.69341943
3.75148671 2.52603140 0.96913840
4.12799496 2.50636157 1.46254556
4.35909907 2.49491237 1.82488207
5.00000000 2.44192354 2.99997034
-5.00000000 2.69580752 3.10363258
-4.44540415 2.62373777 2.01203395
-4.07858198 2.65327564 1.40947808
-3.78705597 2.68933291 1.01461515
-3.49107791 2.66244978 0.70337669
-3.11377022 2.78638305 0.43645803
-2.82785191 2.77899942 0.32958207
-2.66690700 2.68169918 0.30530460
-2.43405447 2.67877224 0.30384653
-2.20943071 2.60704755 0.34432546
-1.92452893 2.62789573 0.40773058
-1.74935823 2.72942459 0.44719964
-1.64136396 2.68628906 0.48560653
-1.35115652 2.71262993 0.57987210
-1.11752885 2.64636025 0.66390089
-0.90779359 2.74455488 0.71772413
-0.81007331 2.83427779 0.73865768
-0.55904887 2.82040866 0.79074332
-0.45753379 2.67199383 0.81519734
-0.26719225 2.72002991 0.82703105
-0.05525643 2.63150789 0.83431598
0.13405270 2.56481387 0.82547526
0.48360032 2.56793508 0.77531374
0.56615042 2.49316123 0.76411719
0.87376801 2.51233012 0.70604560
1.14908723 2.66642887 0.65653504
1.30524499 2.76694903 0.63634169
1.58921514 2.82884108 0.58494599
1.88169136 2.90233219 0.54094582
2.10465880 2.92525345 0.51118147
2.35056483 2.95319654 0.50809644
2.62176319 2.73803462 0.42867984
2.80157913 2.72968336 0.45871579
3.01771005 2.67699904 0.49508073
3.17905391 2.74760333 0.60055254
3.47037988 2.80242451 0.83103627
3.78502955 2.81645884 1.17130585
4.14113984 2.67280775 1.58078900
4.57752036 2.77128267 2.42968719
5.00000000 2.69580752 3.24137483
-5.00000000 2.94223014 3.10943319
-4.43900477 2.91653871 1.96573428
-4.18501416 2.90077462 1.54615669
-3.82924790 2.95494643 1.05788245
-3.46170571 2.90827209 0.67979032
-3.25132061 2.92939897 0.52460330
-2.95971893 2.96757711 0.38165837
-2.67573115 2.87695664 0.30388423
-2.38878840 2.90990111 0.30130371
-2.17597211 2.90951155 0.33180941
-1.96838338 2.86339394 0.37795696
-1.75888647 2.89313132 0.43751023
-1.60049022 2.87362289 0.48806482
-1.30713881 2.96049344 0.58825408
-1.07916772 3.02182198 0.66602343
-0.95096003 3.04294033 0.70563827
-0.80111342 3.03695436 0.74429278
-0.54361590 3.05501854 0.79690282
-0.45654250 2.89533474 0.80392220
-0.24621404 2.86857554 0.82252337
-0.03587570 2.88029442 0.82574157
0.22112813 2.77226129 0.80892153
0.46160799 2.77290012 0.78107227
0.64874015 2.78172693 0.75607595
0.78311511 2.72350768 0.73030357
1.13988738 2.87276642 0.68889300
1.28171342 2.89522996 0.66686210
1.56430133 2.99107424 0.63730359
1.85590011 3.06206572 0.60864809
2.21513097 3.10432400 0.59051213
2.37543337 3.13185920 0.61143516
2.70283603 3.01729208 0.59281522
2.86109796 3.03545712 0.65295608
3.05799299 3.02734452 0.72292224
3.18470955 2.95461470 0.73207798
3.55689769 2.99824244 1.04461889
3.79796383 2.89793574 1.24409899
4.19290297 2.96065800 1.88863054
4.66531319 2.90939896 2.74487774
5.00000000 2.94223014 3.52582971
-5.00000000 3.06969802 3.12310827
-4.58093161 3.05503499 2.22213793
-4.13977319 3.14622722 1.47582682
-3.81497298 3.19501271 1.05695129
-3.36925918 3.12250172 0.63027494
-3.17527313 3.12664969 0.50589684
-2.81999822 3.14280825 0.36629820
-2.63248911 3.08009496 0.32100415
-2.33698111 3.05822325 0.32026724
-2.05464270 3.08486983 0.37130406
-1.89354501 3.02165064 0.40409238
-1.75606574 3.12486242 0.45493709
-1.59242017 3.05286533 0.49826898
-1.37568323 3.13074159 0.57964055
-1.11994286 3.14495169 0.66583960
-0.88570093 3.15769337 0.73547227
-0.78724753 3.16415144 0.76055472
-0.66127020 3.14271769 0.78463959
-0.46711942 3.12523325 0.81454537
-0.25410277 3.09947439 0.83320413
-0.05277274 3.07406642 0.83817833
0.15122904 3.04538439 0.83176905
0.37904531 2.94958409 0.80539375
0.73850437 2.94622111 0.76558296
0.90111910 2.96168372 0.74618051
1.20458310 2.97544241 0.70091951
1.35311639 3.00370919 0.68221514
1.70116349 3.17829386 0.68851298
1.95366255 3.15794975 0.64115441
2.19076342 3.28078361 0.70485126
2.45359133 3.30034631 0.74525378
2.68753692 3.18408989 0.70698136
2.84626802 3.17435075 0.75182806
3.05146965 3.24058180 0.89327088
3.32543546 3.14088855 0.96212433
3.68474223 3.15610972 1.31485798
3.87788592 3.13909979 1.55355601
4.18368156 3.07805150 1.98529005
4.69323508 3.04869902 2.96395769
5.00000000 3.06969802 3.69213390
-5.00000000 3.30426749 3.16716937
-4.62048283 3.35239041 2.32016401
-4.30999411 3.24408110 1.74488528
-3.82772606 3.32591355 1.08944584
-3.45104673 3.45888186 0.76699753
-3.12609550 3.43958246 0.55955016
-2.77702629 3.30095751 0.39510537
-2.51038056 3.27151454 0.35615269
-2.40324763 3.36877470 0.38748282
-2.14105026 3.36991144 0.41829872
-1.84031054 3.31476600 0.46763571
-1.69308062 3.23536250 0.49264226
-1.50571057 3.37953364 0.58742172
-1.35802631 3.40560559 0.64469881
-1.06631153 3.53554386 0.78685102
-0.96732434 3.54200282 0.81755897
-0.82944701 3.40990941 0.80324770
-0.67901389 3.42565486 0.84039971
-0.44262066 3.35188708 0.85850886
-0.21652512 3.28479885 0.86552961
-0.00210148 3.31254184 0.88229210
0.10354311 3.20046391 0.85781459
0.43772467 3.28791735 0.87579648
0.71289216 3.21224059 0.83295781
0.99403858 3.18023845 0.79172951
1.21082440 3.11274045 0.74041911
1.36866090 3.28281339 0.78574139
1.58366946 3.22595675 0.72930620
1.87290221 3.40941121 0.80626113
2.20353722 3.38978578 0.78953382
2.32700939 3.41437403 0.82329797
2.66930534 3.54063427 1.03875579
2.98840492 3.42350019 1.04117904
3.11995387 3.49027223 1.17743510
3.23557144 3.44524200 1.19301505
3.64539790 3.30970652 1.41612230
3.92359380 3.25347749 1.73693218
4.16839159 3.27478680 2.17542245
4.41476216 3.35150376 2.76113594
5.00000000 3.30426749 4.03025412
-5.00000000 3.68853711 3.35139909
-4.54214119 3.68222845 2.31984840
-4.31128634 3.77880974 1.99093594
-3.95594889 3.75751058 1.44708767
-3.50777757 3.77797638 0.99568325
-3.14852412 3.86164002 0.83416602
-2.83154763 3.90338750 0.76412964
-2.66070887 3.80091882 0.64573915
-2.26318031 3.73852285 0.61924191
-2.03781216 3.73292018 0.65714486
-1.80751026 3.62526953 0.62079044
-1.65229369 3.77451132 0.78798813
-1.51186054 3.76372908 0.81561527
-1.34339792 3.68159440 0.79324884
-1.09418836 3.82729837 0.99819459
-1.00927470 3.77731286 0.97230764
-0.89897203 3.75038587 0.97782483
-0.63853495 3.69480040 0.99582613
-0.51882209 3.77703028 1.10645806
-0.31460574 3.71072168 1.08742813
-0.09335407 3.76710014 1.20674313
0.22663396 3.65535546 1.14350616
0.61397144 3.54513346 1.07355585
0.70879149 3.34073604 0.89717594
0.97139182 3.60854118 1.15023023
1.26166374 3.41335273 0.89282589
1.40991008 3.55003028 1.01484570
1.57322972 3.48570475 0.91094923
1.87521947 3.55806891 0.95233259
2.24989507 3.68732552 1.13612591
2.44935240 3.71969450 1.22197958
2.65055185 3.83580459 1.47994291
2.97192045 3.65145975 1.31009503
3.11162446 3.70619124 1.46301098
3.23848534 3.68979710 1.51381661
3.62833820 3.75236827 2.01377726
3.88852183 3.72769919 2.37570703
4.01901909 3.77031042 2.70658120
4.51476336 3.58851883 3.37607864
5.00000000 3.68853711 4.74339848
-5.00000000 4.09007559 3.78576995
-4.64626478 4.09837628 3.00711924
-4.07182045 4.09841235 2.00291979
-3.91960000 4.18257873 1.91161780
-3.44319426 4.14963205 1.35762587
-3.22690682 4.16350078 1.22292037
-2.85436779 4.20150958 1.12312099
-2.55140556 4.08580331 0.95462407
-2.28149153 4.03078758 0.92960961
-2.14591439 3.96149614 0.87542587
-1.86186472 4.05412454 1.06403383
-1.68819430 3.97264319 1.00286927
-1.56061186 4.03490875 1.11953872
-1.29757901 4.13086709 1.33418254
-1.20397203 4.24215688 1.54164672
-0.99234689 4.03584548 1.29062554
-0.86902675 4.05281115 1.35751511
-0.72862660 4.06907300 1.43248024
-0.44838089 3.98044243 1.39601231
-0.32764722 4.05555021 1.55659951
-0.15159272 4.13888174 1.76105535
0.25931797 3.83482223 1.38833043
0.51099872 4.09659194 1.87920842
0.73107878 3.76543433 1.36770122
1.04704683 3.97406698 1.72245340
1.23487304 4.03069265 1.82296111
1.44187429 3.78544622 1.36165519
1.72472043 3.99353598 1.71378289
1.99294863 3.88254264 1.47430380
2.23921042 4.19157175 2.14844222
2.32331016 4.06110235 1.86548059
2.77570735 4.25167539 2.43126468
2.98683738 4.25588862 2.54457964
3.08990240 4.17677497 2.41074527
3.22101656 4.12524132 2.37995497
3.61255757 4.11453202 2.81325055
3.83166713 4.00560207 2.90614210
4.04214996 4.22647584 3.91887340
4.67494981 4.15607401 5.18757004
5.00000000 4.09007559 5.80714691
-5.00000000 4.55482100 4.49667877
-4.74637286 4.51052330 3.85765280
-4.08516189 4.56522183 2.75427106
-3.90303993 4.45271669 2.30897751
-3.38415337 4.70074114 2.18032465
-3.22238250 4.58800805 1.87082927
-2.94836661 4.68058120 1.90357386
-2.54378131 4.44180498 1.47075372
-2.25232309 4.39010534 1.45495569
-2.07313530 4.62705370 1.91232101
-1.96349327 4.64787746 1.98766671
-1.71539215 4.39069296 1.62174362
-1.56257261 4.54211212 1.94238773
-1.39605957 4.47467091 1.88122085
-1.14655259 4.61188392 2.24278008
-1.00765080 4.55986138 2.19986764
-0.84836198 4.49735598 2.14672717
-0.62267340 4.40515200 2.06633612
-0.46216242 4.40493009 2.13420263
-0.30509802 4.66539407 2.72648011
0.02936876 4.41751830 2.34940314
0.19532889 4.44266537 2.45440453
0.45138503 4.49876917 2.64147403
0.75998071 4.61340689 2.95040432
1.10805153 4.58138143 2.93883957
1.33751834 4.32461381 2.41117401
1.52237131 4.28851899 2.33844208
1.70139308 4.40302091 2.59597453
1.87420176 4.31474601 2.40329258
2.15918272 4.43637342 2.71815149
2.32476449 4.43927067 2.75677195
2.61266353 4.60431452 3.27241579
2.92149137 4.57675194 3.36003971
3.06293808 4.61297662 3.56477204
3.30598804 4.54465197 3.59911548
3.66117340 4.41114455 3.71515266
3.92701655 4.39383927 4.16618213
4.23968288 4.41982123 4.93126063
4.59731093 4.41616747 5.79078622
5.00000000 4.55482100 7.30694436
-5.00000000 5.00000000 5.30000000
-4.58308482 5.00000000 4.39953666
-4.07437310 5.00000000 3.51480370
-3.76336420 5.00000000 3.09808942
-3.41684756 5.00000000 2.75240812
-3.14363340 5.00000000 2.57238774
-2.85383647 5.00000000 2.47330434
-2.65030221 5.00000000 2.45936374
-2.36094358 5.00000000 2.51265616
-2.18039621 5.00000000 2.57335656
-1.94417319 5.00000000 2.66673293
-1.73676902 5.00000000 2.75880601
-1.61385414 5.00000000 2.81672316
-1.28484311 5.00000000 2.97935114
-1.08135999 5.00000000 3.08208762
-0.93537852 5.00000000 3.15515992
-0.76838009 5.00000000 3.23696706
-0.56978243 5.00000000 3.33069094
-0.39127031 5.00000000 3.41069026
-0.17172127 5.00000000 3.50240952
0.03495360 5.00000000 3.58107733
0.23916928 5.00000000 3.65080655
0.60741683 5.00000000 3.75636233
0.84101122 5.00000000 3.81295243
1.01352006 5.00000000 3.85146964
1.28531925 5.00000000 3.91010599
1.45401737 5.00000000 3.94714411
1.64809693 5.00000000 3.99227247
1.95010289 5.00000000 4.07303875
2.17617865 5.00000000 4.14873381
2.31586877 5.00000000 4.20661802
2.59692608 5.00000000 4.35988075
2.89117586 5.00000000 4.58324986
3.00915496 5.00000000 4.69140863
3.23723420 5.00000000 4.93870895
3.60712521 5.00000000 5.47715042
3.90202264 5.00000000 6.03335901
4.12183781 5.00000000 6.51527429
4.60512748 5.00000000 7.74757331
5.00000000 5.00000000 8.90000000
