-2.00000000 -2.00000000 4.00000000
-1.73514359 -2.00000000 3.57150823
-1.66195083 -2.00000000 3.45829966
-1.40510968 -2.00000000 3.08381143
-1.25291231 -2.00000000 2.88254921
-1.16971710 -2.00000000 2.78054575
-1.01628942 -2.00000000 2.60974118
-0.93376520 -2.00000000 2.52808521
-0.75971094 -2.00000000 2.37991239
-0.65762428 -2.00000000 2.30614119
-0.63328786 -2.00000000 2.28982391
-0.48465309 -2.00000000 2.20219505
-0.42008340 -2.00000000 2.17119301
-0.32420205 -2.00000000 2.13374868
-0.24796749 -2.00000000 2.11152299
-0.16752994 -2.00000000 2.09529325
-0.12120672 -2.00000000 2.08920995
-0.02313059 -2.00000000 2.08370738
0.08798070 -2.00000000 2.08841749
0.19603862 -2.00000000 2.10432559
0.25193565 -2.00000000 2.11735045
0.35470348 -2.00000000 2.15001373
0.51205693 -2.00000000 2.22111928
0.64232491 -2.00000000 2.29755905
0.76130807 -2.00000000 2.37956285
0.84023436 -2.00000000 2.43965030
1.01464059 -2.00000000 2.58641503
1.15195580 -2.00000000 2.72245498
1.42069218 -2.00000000 3.07860214
2.00000000 -2.00000000 4.00000000
-2.00000000 -1.46631724 3.14064157
-1.80715263 -1.58390485 3.00248108
-1.66157011 -1.41222310 2.51159223
-1.51844413 -1.41073576 2.29929221
-1.36871513 -1.37807645 2.04928267
-1.24795601 -1.56931174 2.18815064
-1.08527078 -1.56087613 1.99702069
-1.05342543 -1.29343585 1.57271093
-0.84519474 -1.43608853 1.59979542
-0.77975433 -1.46401463 1.59222028
-0.70290383 -1.46097540 1.53494501
-0.54215487 -1.30358989 1.21287166
-0.44431013 -1.43485431 1.35207021
-0.35699723 -1.31707536 1.14577453
-0.32114158 -1.24210252 1.02640639
-0.23635630 -1.29120632 1.06626350
-0.14529392 -1.51881539 1.37074663
-0.05486267 -1.27277036 0.99522365
0.07740822 -1.47494055 1.27317711
0.11378141 -1.27197161 0.97626373
0.21022517 -1.42115131 1.19985351
0.25526062 -1.31354505 1.05485916
0.48383056 -1.45613572 1.36325440
0.59234777 -1.46423577 1.44730816
0.69769296 -1.44434934 1.49998776
0.83877367 -1.58591662 1.81673387
0.98948769 -1.54467649 1.89288422
1.20182265 -1.49145796 2.02859817
1.58851215 -1.55997048 2.61907656
2.00000000 -1.46631724 3.14064157
-2.00000000 -1.24508459 2.82618332
-1.76569575 -1.18303585 2.36904057
-1.70766511 -1.20135215 2.29903781
-1.44503528 -1.15325066 1.85814953
-1.34141117 -1.15716076 1.72259744
-1.26437737 -1.17318785 1.64372947
-1.17266334 -1.14865307 1.50627811
-0.98942403 -1.10366842 1.26197860
-0.86142949 -1.15508074 1.21591866
-0.79140388 -1.06423423 1.04710567
-0.70375268 -1.15075269 1.09636388
-0.60604370 -1.10754778 0.97852814
-0.47553496 -1.03335837 0.81489736
-0.38378647 -1.01072952 0.74704748
-0.33345398 -1.06906207 0.79874760
-0.23806093 -1.10974722 0.81877742
-0.14399095 -1.04491939 0.71320051
-0.07364204 -1.10616153 0.77457145
0.02798474 -1.01526516 0.65976939
0.13030863 -1.07080112 0.72342857
0.19016333 -1.09595077 0.76224437
0.30416105 -1.14711426 0.85936676
0.45555267 -1.25350029 1.06998454
0.52398025 -1.15638200 1.00344348
0.67423572 -1.29473416 1.28306067
0.78410996 -1.33331250 1.42511226
0.96521302 -1.26525716 1.50871881
1.31235239 -1.39309396 2.02449310
1.54062151 -1.32133562 2.22723457
2.00000000 -1.24508459 2.82618332
-2.00000000 -1.07161805 2.63874627
-1.80873082 -1.06095718 2.31948345
-1.69176623 -1.05696828 2.13321170
-1.50031812 -1.02860370 1.82396256
-1.35945745 -1.06769234 1.65875352
-1.17969580 -1.01647643 1.38572159
-1.04459767 -0.98008502 1.20094009
-1.00460446 -0.99445622 1.16987470
-0.85566197 -0.94308823 0.98357452
-0.71535408 -0.89587468 0.82893099
-0.68790496 -0.95696063 0.85899606
-0.52038351 -0.92956604 0.72767807
-0.44480526 -0.85560854 0.62637591
-0.40987560 -0.92406540 0.66805525
-0.30598454 -0.93293521 0.63643318
-0.20673680 -0.87106732 0.55822002
-0.13154550 -0.84933516 0.53022652
-0.04987486 -0.91094746 0.57100222
0.05698531 -0.91765120 0.58036861
0.15579904 -0.97290469 0.63984587
0.20295744 -1.00727604 0.68143166
0.32872338 -0.99560580 0.72871173
0.48302510 -1.06131893 0.88042156
0.60382047 -1.10740632 1.01493315
0.72559991 -1.02156383 1.03584665
0.82876759 -1.11533613 1.21747755
0.98923047 -1.08817388 1.34306193
1.29277402 -1.15157985 1.72812795
1.45524348 -1.08375785 1.86395427
2.00000000 -1.07161805 2.63874627
-2.00000000 -0.90765151 2.49750290
-1.75650214 -0.90816983 2.11090587
-1.62126789 -0.93724609 1.92811987
-1.48668242 -0.89531132 1.69878688
-1.24792002 -0.90048031 1.37976032
-1.18650468 -0.87623158 1.28473858
-1.04529882 -0.87801134 1.12203889
-0.88423730 -0.84233266 0.93132476
-0.84214974 -0.87696581 0.91921575
-0.71004006 -0.83778905 0.77994751
-0.65598203 -0.84702589 0.74665402
-0.51570397 -0.82883798 0.64230240
-0.43583628 -0.81628766 0.59124194
-0.37010921 -0.75241458 0.51601450
-0.26803444 -0.75290819 0.48384312
-0.18586543 -0.78667945 0.49138343
-0.14942366 -0.74685422 0.45932965
-0.08696787 -0.73624387 0.44890679
0.07363804 -0.75400482 0.47238472
0.16351643 -0.82417904 0.53809184
0.24067642 -0.78678399 0.53933424
0.34071992 -0.84661823 0.62440863
0.45016532 -0.82492430 0.66994383
0.55682117 -0.90585689 0.80249033
0.74473200 -0.88658325 0.93275869
0.87509760 -0.93236251 1.08700777
1.03349279 -0.94730056 1.25150252
1.18024456 -0.90375861 1.36264555
1.62784749 -0.95608557 1.98354998
2.00000000 -0.90765151 2.49750290
-2.00000000 -0.86920355 2.46670903
-1.75131653 -0.81478496 2.03121958
-1.61411486 -0.85693758 1.85511545
-1.36092134 -0.78689647 1.44380172
-1.28850407 -0.79932354 1.35678366
-1.16189040 -0.79896627 1.19782371
-1.04874623 -0.76947690 1.04614455
-0.86763046 -0.79860129 0.88372093
-0.78816859 -0.79615559 0.81218183
-0.65261918 -0.76924882 0.68746367
-0.57539092 -0.73746240 0.61277689
-0.53856453 -0.75688483 0.60304435
-0.40893585 -0.72716244 0.51461086
-0.31624856 -0.69818571 0.46027644
-0.28973183 -0.68948646 0.44683310
-0.21371426 -0.70277268 0.43856459
-0.13282174 -0.70080329 0.42786487
-0.03615327 -0.69144516 0.42158403
0.08013515 -0.72839291 0.45749106
0.15839798 -0.73125387 0.47704265
0.19486301 -0.69431463 0.46528347
0.37579349 -0.74334500 0.57178089
0.47118185 -0.79448251 0.66085120
0.60862129 -0.78313253 0.74435680
0.72094513 -0.81044096 0.85084749
0.83852442 -0.81298661 0.95141976
1.09493957 -0.81545517 1.19467679
1.18411901 -0.76312702 1.24387495
1.43560425 -0.83966895 1.61740563
2.00000000 -0.86920355 2.46670903
-2.00000000 -0.74574056 2.37446488
-1.79342102 -0.68737096 2.00679912
-1.64979506 -0.69938670 1.79558588
-1.44118097 -0.72139709 1.50815537
-1.23276215 -0.68494107 1.20620061
-1.10259610 -0.66403564 1.03523200
-1.02934380 -0.69838607 0.97594014
-0.90982611 -0.64972877 0.82196755
-0.68949308 -0.66564077 0.64629634
-0.64539079 -0.63263368 0.59429506
-0.59276445 -0.61202990 0.54630898
-0.48112955 -0.62533811 0.48628795
-0.41885014 -0.60043466 0.44074734
-0.34418941 -0.61730539 0.41975409
-0.24608185 -0.55091900 0.35551636
-0.18384473 -0.60016980 0.37202074
-0.14882774 -0.56926116 0.35166268
-0.08252878 -0.57776513 0.35431823
0.01633885 -0.60970811 0.37831777
0.15492353 -0.63858034 0.42091224
0.24893121 -0.56830711 0.41132411
0.37958522 -0.65502247 0.51746467
0.50649046 -0.65715736 0.58914907
0.62950427 -0.63742165 0.65659191
0.79106051 -0.63458901 0.77613601
0.87729298 -0.63539247 0.84846341
1.07182655 -0.61066354 1.00808133
1.29070219 -0.66966335 1.29235129
1.36906677 -0.66868006 1.39088217
2.00000000 -0.74574056 2.37446488
-2.00000000 -0.59339794 2.27605253
-1.68134767 -0.53536122 1.74308092
-1.54464856 -0.57054669 1.56003798
-1.42796995 -0.54990401 1.38223939
-1.18467253 -0.53209459 1.05271200
-1.08189927 -0.51303678 0.92085251
-0.94085472 -0.57469025 0.80617966
-0.81368568 -0.54264340 0.67161714
-0.70451120 -0.58314123 0.60846275
-0.63776430 -0.49392235 0.51443836
-0.57340980 -0.56161205 0.50606191
-0.46588544 -0.48961414 0.40770172
-0.40847512 -0.48982392 0.37970983
-0.29758935 -0.45107424 0.32092962
-0.26035854 -0.46373606 0.31658031
-0.20257884 -0.41103120 0.28288720
-0.11581594 -0.43979037 0.28695015
-0.02939258 -0.41352088 0.27720139
0.05165610 -0.42531302 0.29097618
0.12473656 -0.40147610 0.29386124
0.22927942 -0.46580478 0.35188473
0.31969780 -0.44444654 0.37488485
0.48443827 -0.51635319 0.49212670
0.64097492 -0.47868734 0.56806273
0.76071989 -0.45618616 0.64095523
0.89272704 -0.53244133 0.79203776
0.97917979 -0.50872715 0.85224381
1.15494583 -0.49825287 1.01326674
1.60010499 -0.50423850 1.60056180
2.00000000 -0.59339794 2.27605253
-2.00000000 -0.48152522 2.21591074
-1.67508009 -0.46402056 1.69682509
-1.52570447 -0.49019893 1.48863246
-1.39436029 -0.45088096 1.28343678
-1.21796504 -0.46122503 1.05613571
-1.07310904 -0.46632747 0.88614810
-0.96037337 -0.45877836 0.76220573
-0.82345766 -0.43576040 0.62494617
-0.70489384 -0.46045554 0.54518159
-0.64143827 -0.41733470 0.48217619
-0.59333043 -0.41254145 0.44885824
-0.48094851 -0.41096667 0.38205764
-0.42008085 -0.42144508 0.35562398
-0.33645217 -0.36920312 0.30135504
-0.27002760 -0.36490988 0.27932213
-0.16924023 -0.34409175 0.25298394
-0.13640006 -0.33281455 0.24589425
-0.05668331 -0.31530928 0.23782177
0.05150126 -0.35165319 0.26020884
0.15122943 -0.31677298 0.26521066
0.23793175 -0.36288775 0.30795321
0.37118210 -0.35390318 0.35529445
0.51485490 -0.35984998 0.43043904
0.63276453 -0.38379469 0.51349062
0.76210325 -0.35182486 0.58846554
0.86288368 -0.36466318 0.67234374
1.02272481 -0.40596636 0.83007894
1.18849984 -0.36458449 0.96948421
1.38344681 -0.39275231 1.22619266
2.00000000 -0.48152522 2.21591074
-2.00000000 -0.43842093 2.19570171
-1.70720031 -0.43485911 1.73197935
-1.52225899 -0.39732723 1.43965051
-1.30543838 -0.36954040 1.12634860
-1.14751504 -0.36921014 0.92666894
-1.04106626 -0.35897082 0.80029862
-0.95978477 -0.35753328 0.71473282
-0.80337048 -0.34449196 0.56897668
-0.67914616 -0.34593916 0.47899639
-0.62061321 -0.34310380 0.43947003
-0.54172583 -0.34545013 0.39184285
-0.46304714 -0.34575719 0.34866492
-0.41076556 -0.29576362 0.30756758
-0.33388860 -0.32857981 0.28663444
-0.25145114 -0.29606193 0.25196707
-0.19768006 -0.30037298 0.24241244
-0.13042957 -0.29728398 0.23353518
-0.05579129 -0.29161710 0.22977270
0.07096912 -0.28835758 0.23944286
0.14305308 -0.26332577 0.24387939
0.22537190 -0.24457876 0.25853025
0.32511894 -0.25708609 0.29738387
0.50527204 -0.29080182 0.39562975
0.62238022 -0.29474919 0.46700119
0.77125215 -0.28295829 0.56495819
0.87386022 -0.29713981 0.65000102
1.02220845 -0.30998447 0.78088670
1.23033503 -0.27116772 0.97154129
1.53675552 -0.28649632 1.39378383
2.00000000 -0.43842093 2.19570171
-2.00000000 -0.31336762 2.14695006
-1.75481733 -0.26234276 1.74137005
-1.49406059 -0.31506876 1.36656577
-1.33056704 -0.29700120 1.13192104
-1.21432482 -0.25578002 0.96619904
-1.07176085 -0.31600470 0.81691450
-0.98447708 -0.30608523 0.71915804
-0.83777412 -0.25476244 0.56474734
-0.70247490 -0.26709562 0.46771795
-0.63155514 -0.27236555 0.42290138
-0.56242010 -0.25983956 0.37684209
-0.47219529 -0.23373271 0.32020148
-0.39761562 -0.21233838 0.27994938
-0.30781421 -0.24003992 0.25249635
-0.27504950 -0.16052459 0.22528076
-0.18152258 -0.16094537 0.20419514
-0.14960994 -0.15728636 0.19881029
-0.03842482 -0.20774606 0.20493704
0.03271678 -0.16145859 0.19672444
0.13949959 -0.14429508 0.20710179
0.25939352 -0.13972179 0.23649535
0.38410140 -0.16087998 0.28997782
0.50770108 -0.20552099 0.36549059
0.66347177 -0.23557493 0.47091302
0.72484608 -0.22143277 0.50804770
0.82867723 -0.16810403 0.56757941
1.08811049 -0.16841051 0.78556774
1.20417106 -0.17430769 0.90539623
1.54081587 -0.18969698 1.36560623
2.00000000 -0.31336762 2.14695006
-2.00000000 -0.20279497 2.11655793
-1.79396044 -0.21025124 1.78918628
-1.52917940 -0.17696904 1.37887772
-1.31632838 -0.19754154 1.08282743
-1.20537415 -0.20616995 0.94020006
-1.08005940 -0.21334529 0.79155669
-0.98654504 -0.18164237 0.68125516
-0.85700283 -0.19536999 0.56320594
-0.69380618 -0.19215889 0.44093354
-0.61984108 -0.17433106 0.38960835
-0.59224061 -0.14816539 0.36740003
-0.47390761 -0.15713684 0.30416800
-0.41393492 -0.14777226 0.27408530
-0.30856606 -0.08183108 0.22374381
-0.24760034 -0.08777493 0.20653748
-0.17240709 -0.08298071 0.18984038
-0.14290232 -0.06704289 0.18330282
0.00256698 -0.05631207 0.17399478
0.05614136 -0.07072313 0.17934039
0.15690772 -0.09903662 0.19960068
0.25359378 -0.10368559 0.22536478
0.37285849 -0.07998051 0.26355709
0.47403317 -0.06982983 0.30939073
0.66012408 -0.08077279 0.42345188
0.72336479 -0.09144982 0.46956207
0.87546395 -0.07400179 0.58134308
1.07298297 -0.08786611 0.75171360
1.13414144 -0.10376663 0.81264932
1.53287655 -0.10777806 1.33352990
2.00000000 -0.20279497 2.11655793
-2.00000000 -0.16378442 2.10873372
-1.72153319 -0.14679489 1.66396189
-1.51596749 -0.13138366 1.35109336
-1.30756217 -0.13114710 1.05656616
-1.21386701 -0.13423830 0.93399804
-1.11660680 -0.11854051 0.81092855
-0.95156481 -0.13838213 0.63547028
-0.82089860 -0.12150767 0.51599130
-0.73168280 -0.11665922 0.44969671
-0.63004785 -0.11001466 0.38303432
-0.57422847 -0.09499092 0.34748488
-0.49550022 -0.06751065 0.30112684
-0.38314990 -0.07706724 0.25067997
-0.30911190 -0.06937215 0.22252805
-0.25640078 -0.05710355 0.20544045
-0.18576681 -0.03701350 0.18719980
-0.11117582 -0.02413908 0.17480482
-0.06565679 -0.01735069 0.17033374
0.04788870 -0.02494400 0.17157125
0.17549784 -0.00230744 0.18542643
0.23183713 -0.00292402 0.19886929
0.35395743 -0.01934072 0.24309578
0.46077607 -0.03780613 0.29580459
0.67543910 -0.03119914 0.42421126
0.75844225 -0.03614865 0.48432962
0.84614200 -0.01675089 0.54881308
1.07686461 -0.03440495 0.74666421
1.13458231 -0.04372407 0.80255770
1.46448794 -0.04180127 1.22073674
2.00000000 -0.16378442 2.10873372
-2.00000000 -0.08118051 2.09711169
-1.71996031 -0.05361165 1.65077344
-1.53891305 -0.08657995 1.37886905
-1.32585826 -0.07199642 1.07243926
-1.22531883 -0.08317320 0.93987504
-1.05445398 -0.03638411 0.72583508
-0.99518998 -0.07673824 0.66747289
-0.84829406 -0.02882433 0.52275924
-0.71034191 -0.03803103 0.42313423
-0.64460308 -0.00970421 0.37843077
-0.58120074 0.00328735 0.34010220
-0.48446996 -0.03530952 0.29215060
-0.39091787 -0.01716603 0.24837126
-0.32606706 0.03023442 0.22180179
-0.24185299 0.01975026 0.19654879
-0.17206719 0.01958359 0.18098153
-0.14072973 0.05588359 0.17471150
-0.00364007 0.03565557 0.16414175
0.06563736 0.02662678 0.16700112
0.18329962 0.05833468 0.17998620
0.24553783 0.02875368 0.19816958
0.35605838 0.03077066 0.23602047
0.47223683 0.06012256 0.28694502
0.67657923 0.02139087 0.41747641
0.76961391 0.03003051 0.48425271
0.83206618 0.05057589 0.53127748
0.98434639 0.01668836 0.66023136
1.13931488 0.02143849 0.80151569
1.60116104 -0.01755514 1.42770855
2.00000000 -0.08118051 2.09711169
-2.00000000 -0.00385103 2.09214055
-1.70419242 0.02548956 1.62397982
-1.52861209 0.00451968 1.35759614
-1.38450302 0.03319978 1.14753883
-1.22562413 0.02364077 0.93022584
-1.08462444 0.00802630 0.75586531
-0.99768528 0.02645077 0.65762493
-0.90185243 0.01949420 0.56397676
-0.72464165 0.03125691 0.42596609
-0.67081439 0.02967789 0.39146667
-0.62631989 0.05510552 0.36313619
-0.52132706 0.08182783 0.30500861
-0.43031293 0.06048674 0.26218391
-0.33780095 0.07878233 0.22580581
-0.25743771 0.08426823 0.20056109
-0.19919497 0.07878314 0.18590265
-0.09248076 0.11972243 0.16919686
-0.02045588 0.11746217 0.16324104
0.06013720 0.13030688 0.16323845
0.20856089 0.08553184 0.18334246
0.26304840 0.10949170 0.19607425
0.38432029 0.10573638 0.24047563
0.53283139 0.11050455 0.31686665
0.67107457 0.10139958 0.40725513
0.78903952 0.10933031 0.49510318
0.83905580 0.11553773 0.53510486
1.05486060 0.10249708 0.72158038
1.19685578 0.11860071 0.86425962
1.59491464 0.07611263 1.41609114
2.00000000 -0.00385103 2.09214055
-2.00000000 0.08440010 2.09298797
-1.76239878 0.07018391 1.71561625
-1.61403282 0.07784583 1.48720225
-1.33886182 0.10447509 1.08453917
-1.19741661 0.13735549 0.89438094
-1.12613093 0.08106170 0.80243862
-1.01096859 0.11292413 0.66896059
-0.88392014 0.08449925 0.54428658
-0.78586733 0.14119847 0.46596839
-0.69364713 0.10954611 0.40328806
-0.60147360 0.16541061 0.35026150
-0.54711556 0.14039999 0.31953719
-0.41964996 0.17831145 0.26325317
-0.32446308 0.17059145 0.22685500
-0.25574846 0.16626744 0.20541532
-0.19207749 0.18300912 0.19161785
-0.10352258 0.15865849 0.17323534
-0.01093605 0.17400283 0.16625178
0.06741363 0.18243421 0.16642603
0.16396475 0.15963167 0.17373498
0.28386380 0.18935663 0.20210245
0.33977464 0.14867191 0.22057436
0.54729396 0.16606353 0.32397085
0.62605346 0.19254521 0.37521757
0.77782982 0.17477814 0.48695852
0.85622189 0.19784603 0.55227050
1.07358697 0.16367642 0.74309360
1.18647916 0.19866548 0.86099003
1.46606350 0.15169340 1.22320319
2.00000000 0.08440010 2.09298797
-2.00000000 0.21371138 2.10722386
-1.71288246 0.16582891 1.64717854
-1.60527806 0.22221356 1.49118410
-1.30343354 0.22880019 1.04929164
-1.18050756 0.17028131 0.87509183
-1.09386316 0.22244027 0.77300720
-0.99095430 0.18620829 0.65118393
-0.88786289 0.23721396 0.55707615
-0.74957359 0.24182678 0.45088414
-0.67414096 0.22297063 0.39912247
-0.64839632 0.21664122 0.38268825
-0.54403897 0.22705128 0.32714346
-0.45401222 0.21860604 0.28335919
-0.31572274 0.23846531 0.23469890
-0.22711620 0.26747416 0.21636426
-0.15025101 0.25641804 0.19673549
-0.09041744 0.23442304 0.18227440
0.02083914 0.27236031 0.18225429
0.13496450 0.24854901 0.17997415
0.21773566 0.27457236 0.19752614
0.28026901 0.24158394 0.20606908
0.37072594 0.26807572 0.24140018
0.58431402 0.24199682 0.35064592
0.62794650 0.23311807 0.37886619
0.80709864 0.27928994 0.52083453
0.94885521 0.28818662 0.64562126
1.08300641 0.25151442 0.76386429
1.24801613 0.25969928 0.94202414
1.56682410 0.22539960 1.38623983
2.00000000 0.21371138 2.10722386
-2.00000000 0.28430892 2.12267558
-1.70948752 0.26474773 1.66062670
-1.54364830 0.27387913 1.40934701
-1.43232679 0.27111777 1.24313194
-1.22558547 0.26600106 0.95016521
-1.14322153 0.29190542 0.84860180
-1.02442513 0.28253872 0.70385383
-0.88200042 0.26718257 0.55774647
-0.82335308 0.27564677 0.51136802
-0.70059580 0.26911200 0.42457105
-0.63006313 0.28244128 0.38558561
-0.56269503 0.27884990 0.34807122
-0.43127929 0.28327472 0.28848029
-0.32947286 0.27907592 0.24943745
-0.25078240 0.28238585 0.22679105
-0.16805515 0.28523516 0.20823593
-0.08517051 0.28723669 0.19516028
0.05215183 0.30476017 0.19161707
0.09394613 0.29814741 0.19015387
0.24552802 0.30342074 0.21114560
0.33304719 0.30020374 0.23484386
0.42359429 0.30208844 0.27152418
0.55799587 0.30034263 0.34343233
0.69076151 0.32291752 0.43893183
0.80863092 0.31236316 0.52888345
0.89550588 0.33750896 0.60988046
1.07486306 0.33819988 0.77688870
1.20575681 0.35211281 0.91666726
1.38146408 0.34671219 1.13891785
2.00000000 0.28430892 2.12267558
-2.00000000 0.32471274 2.13416274
-1.79527893 0.36875772 1.82561908
-1.60543620 0.32839396 1.51842665
-1.30239346 0.32180005 1.07037742
-1.20197598 0.31618206 0.93157918
-1.14530390 0.33818640 0.86461787
-0.96853464 0.34325158 0.66152925
-0.92970718 0.32880929 0.61825924
-0.77818917 0.31562050 0.48921233
-0.68787629 0.34842159 0.44171516
-0.65655156 0.31557007 0.41092479
-0.52511815 0.33831018 0.34913852
-0.40802864 0.32236756 0.29219634
-0.31321776 0.32457727 0.25960384
-0.21863243 0.34665049 0.24238433
-0.15630063 0.32678040 0.22063946
-0.09258273 0.35533087 0.22240059
-0.02153314 0.32455622 0.20178343
0.13898233 0.35080236 0.21282459
0.27279758 0.35762011 0.23744186
0.31698907 0.35266619 0.24754844
0.44828765 0.36954426 0.30559622
0.53491552 0.33597406 0.33916764
0.67641350 0.36557893 0.44156641
0.78967865 0.38922674 0.53733637
0.97255243 0.39494030 0.69926657
1.06038022 0.37431754 0.77486188
1.20773146 0.39219684 0.93327423
1.54204809 0.41088014 1.40093448
2.00000000 0.32471274 2.13416274
-2.00000000 0.45456820 2.18428184
-1.76634856 0.43751167 1.80787446
-1.55734808 0.43920257 1.48703265
-1.33333330 0.44370330 1.15965795
-1.25209928 0.44085664 1.04538039
-1.12531026 0.41911166 0.87007932
-1.03152829 0.43403003 0.76616255
-0.92985794 0.39961373 0.64564583
-0.75214871 0.39173277 0.50148424
-0.68332409 0.42054847 0.47243757
-0.64210756 0.39088944 0.43339263
-0.51439867 0.37501961 0.35992464
-0.43884389 0.39479243 0.33666553
-0.29212904 0.41663988 0.29703541
-0.21731860 0.40822432 0.27253260
-0.13072008 0.41048380 0.25624547
-0.04472118 0.40684907 0.24284962
0.04273221 0.39161357 0.22961627
0.13545633 0.40756196 0.24063599
0.23023378 0.42041957 0.25974157
0.35909140 0.43563825 0.30203394
0.47732016 0.40397441 0.33511300
0.60778276 0.41965946 0.41739398
0.74341797 0.41179415 0.51007239
0.82942899 0.45475887 0.59967224
0.93976964 0.44206387 0.68965483
1.14482347 0.44226584 0.88706445
1.26477295 0.47173716 1.03620028
1.42088164 0.47700398 1.24921816
2.00000000 0.45456820 2.18428184
-2.00000000 0.50536105 2.20921421
-1.67838043 0.52468847 1.71329030
-1.58769264 0.53975235 1.58223927
-1.30202031 0.49923546 1.14226024
-1.21347954 0.51347631 1.02946628
-1.09762344 0.49996038 0.87616987
-1.02744933 0.47565043 0.78269515
-0.94541787 0.47073136 0.69598603
-0.84502845 0.47572413 0.61253494
-0.71734208 0.46798928 0.52006050
-0.66610983 0.45595360 0.48211696
-0.55582400 0.47088185 0.43225246
-0.40883936 0.43441071 0.34648636
-0.34571002 0.43425049 0.32386841
-0.25593423 0.47444900 0.32162502
-0.13274664 0.45648543 0.28366839
-0.06656238 0.45863917 0.27565371
-0.00268519 0.46852009 0.27633542
0.12973769 0.45442684 0.26768415
0.29703557 0.48904838 0.31627030
0.34847953 0.45862681 0.31201916
0.45966912 0.48707823 0.37328183
0.62783518 0.49912494 0.47430422
0.69072324 0.47234872 0.50137791
0.82102206 0.48952225 0.61145959
0.92740846 0.49297545 0.70491128
1.08707065 0.52250887 0.87187428
1.25799707 0.52218851 1.05518038
1.44562345 0.54969619 1.32620034
2.00000000 0.50536105 2.20921421
-2.00000000 0.61113682 2.27001404
-1.72650178 0.66069737 1.86825834
-1.59384522 0.65375144 1.65914567
-1.36927565 0.62640748 1.31001206
-1.26090475 0.63294292 1.16436381
-1.10526522 0.57581401 0.93038267
-1.03314772 0.55597762 0.83620069
-0.96849183 0.55046691 0.76648136
-0.86011327 0.59674234 0.70524380
-0.71349434 0.54923119 0.57094614
-0.61699955 0.56708068 0.52848282
-0.53361294 0.55106492 0.47515311
-0.45481691 0.56217159 0.44834573
-0.34495636 0.53907558 0.39127539
-0.26298994 0.55997590 0.38148502
-0.15513416 0.53555558 0.33983624
-0.08484799 0.56240723 0.34775482
-0.00223513 0.54765378 0.32962725
0.15418191 0.51863976 0.31166976
0.29596276 0.55456348 0.36093385
0.33417782 0.54321995 0.36341658
0.42480094 0.54053831 0.39366082
0.59958546 0.59597064 0.52217531
0.75879073 0.57889621 0.61892263
0.85114382 0.60284125 0.70904415
0.96230100 0.59456112 0.79982560
1.12213321 0.58070973 0.94253626
1.22399874 0.61013403 1.07022532
1.63779544 0.59515636 1.65290845
2.00000000 0.61113682 2.27001404
-2.00000000 0.75416871 2.36908272
-1.81518478 0.73647714 2.05957501
-1.57437014 0.78146804 1.71804055
-1.46895775 0.76024527 1.54540983
-1.23824138 0.69068739 1.17411170
-1.14524053 0.71156450 1.07343808
-1.04283686 0.71173724 0.95933291
-0.92464228 0.71320320 0.84921201
-0.86021076 0.68304147 0.77272327
-0.72580439 0.65755363 0.66025201
-0.62593605 0.64125165 0.58918378
-0.50489898 0.64090403 0.52863148
-0.41740228 0.66555889 0.51078522
-0.32231370 0.59906064 0.42709504
-0.21504894 0.61824581 0.41190081
-0.17032594 0.59951077 0.38847262
-0.05425224 0.64577894 0.40537998
0.00704887 0.64379286 0.39932999
0.20671214 0.65499391 0.41753301
0.28101701 0.67764348 0.44938556
0.38398082 0.64467310 0.45461238
0.49418380 0.70642597 0.54937845
0.56442751 0.67208391 0.55919370
0.76242062 0.69140611 0.70506903
0.84114694 0.68310157 0.76022208
0.97609591 0.70976077 0.89677668
1.09716327 0.72203499 1.01943526
1.30065005 0.73586305 1.25713005
1.58754985 0.73203487 1.67288908
2.00000000 0.75416871 2.36908272
-2.00000000 0.85355777 2.44752425
-1.73905410 0.83665357 2.01425694
-1.67700722 0.86941344 1.94300381
-1.47074791 0.81422354 1.58853215
-1.26277969 0.79783342 1.28737869
-1.17965929 0.79446420 1.18043629
-1.06754196 0.77184444 1.03453453
-0.94677848 0.76557482 0.91266822
-0.87542187 0.75986587 0.84906156
-0.74845708 0.75083895 0.75155042
-0.66653713 0.71500817 0.67114487
-0.52157110 0.73770439 0.61295547
-0.47657389 0.74146034 0.59529952
-0.34994140 0.71646732 0.52564790
-0.22629655 0.73938185 0.50686250
-0.14107104 0.70383650 0.46139192
-0.05698837 0.73824043 0.47601859
0.04735100 0.73134293 0.46485373
0.20013968 0.76341639 0.50062176
0.30610544 0.74015265 0.50470181
0.34707349 0.77022386 0.54083974
0.41525067 0.75305959 0.55168581
0.55646817 0.79598888 0.65450964
0.76772852 0.79229901 0.79058866
0.81368783 0.83866658 0.86485964
0.92322920 0.82733490 0.94557331
1.06823099 0.85708164 1.10131981
1.24203187 0.86847116 1.29477990
1.42095567 0.89546248 1.56147257
2.00000000 0.85355777 2.44752425
-2.00000000 0.92569853 2.50928942
-1.79894439 0.89665896 2.15736589
-1.68571483 0.89398615 1.97647379
-1.48026245 0.88498125 1.65865117
-1.34085218 0.91011067 1.48462320
-1.18297349 0.88390335 1.26134336
-1.10453536 0.88240663 1.17143350
-0.95167169 0.87332575 1.01437239
-0.86235282 0.87410630 0.94252158
-0.73713376 0.84740095 0.82909072
-0.69597393 0.81501099 0.77367254
-0.59577393 0.82872574 0.72762997
-0.40854557 0.77435335 0.59343648
-0.35075452 0.80311776 0.59565397
-0.26277395 0.79727470 0.56288316
-0.15482740 0.77569113 0.51982113
-0.04946859 0.81366923 0.53558134
0.02430616 0.77288185 0.49768801
0.16012501 0.82890788 0.54883310
0.25790954 0.84838686 0.58152342
0.36794819 0.84745177 0.61198788
0.41490184 0.84238963 0.62529374
0.55401780 0.83146151 0.68286458
0.75704952 0.89993029 0.87507829
0.82243267 0.87941702 0.90690752
0.90826472 0.88190708 0.97942300
1.00830307 0.90877677 1.09063890
1.23630070 0.96109070 1.37235352
1.58110598 0.93597921 1.84136049
2.00000000 0.92569853 2.50928942
-2.00000000 1.03873118 2.61826135
-1.75776188 1.08657157 2.27232199
-1.68151520 1.05149394 2.11547515
-1.50340296 1.05943414 1.85664407
-1.31263378 1.06656030 1.60480978
-1.19693010 0.97774530 1.36850237
-1.12512654 0.95132708 1.26069771
-0.96578149 0.95956249 1.11305098
-0.84682860 0.98308009 1.04140521
-0.75900535 0.97524029 0.97015856
-0.70873748 0.91882242 0.87910278
-0.57113833 0.95810065 0.83812968
-0.47438115 0.91192385 0.74406234
-0.37431535 0.97013771 0.76039521
-0.25614729 0.85985578 0.61494498
-0.16816731 0.88210665 0.61378493
-0.05494939 0.86535536 0.58086789
0.05118423 0.91191196 0.61782266
0.10718884 0.93759929 0.64368423
0.23694449 0.97556376 0.69652207
0.32216657 0.98391149 0.72520216
0.39582171 0.93980776 0.70619650
0.54072278 0.93870438 0.77167612
0.72892362 1.01889389 0.96821771
0.83630565 0.98333557 1.01349906
0.93455004 1.02490991 1.13494053
1.00009890 1.03075103 1.19753046
1.23517481 1.03465836 1.44413382
1.31204848 1.10481919 1.62124011
2.00000000 1.03873118 2.61826135
-2.00000000 1.21969970 2.82604689
-1.78727516 1.19528518 2.44439719
-1.66688627 1.19388177 2.25364731
-1.55105095 1.20175709 2.08987175
-1.39012085 1.12887865 1.77714207
-1.26078870 1.11151278 1.59201339
-1.16037610 1.15066124 1.52346660
-1.01352781 1.15861816 1.38473265
-0.84453641 1.12516626 1.20162551
-0.78067034 1.18146814 1.22336504
-0.70277879 1.16613837 1.15134073
-0.57168920 1.11274808 1.00906841
-0.42592537 1.14152690 0.97225131
-0.38894425 1.03750634 0.83783345
-0.26212109 1.08051195 0.84244538
-0.15694100 1.10277662 0.84209477
-0.08006961 1.12037996 0.84968848
-0.02913266 1.10002960 0.82038934
0.15386255 1.09388185 0.81266176
0.25081468 1.12970897 0.86737115
0.33918082 1.13432167 0.89420483
0.45567653 1.16721382 0.97483516
0.50034163 1.20289651 1.03765152
0.63494667 1.23279125 1.14686403
0.80150424 1.21865922 1.24246706
0.88907237 1.18120186 1.26605950
1.03662136 1.23090954 1.44947951
1.10680678 1.26496847 1.55879597
1.51211008 1.18221010 2.00339171
2.00000000 1.21969970 2.82604689
-2.00000000 1.35383433 3.00206340
-1.76735901 1.31136197 2.56075457
-1.67615653 1.29241298 2.39302507
-1.55746109 1.40353389 2.36780061
-1.35999069 1.34061702 2.00916347
-1.25069407 1.31294292 1.83621968
-1.17344702 1.28575212 1.71123866
-0.99346205 1.27046116 1.50932366
-0.89024547 1.37160886 1.55567238
-0.76753919 1.22676884 1.27092304
-0.64502480 1.31033215 1.29786986
-0.56374557 1.25623414 1.18074025
-0.48196343 1.32358159 1.22587641
-0.32046361 1.33825156 1.17876831
-0.26578586 1.32562216 1.14486988
-0.16474326 1.30933688 1.09846081
-0.11357999 1.31399281 1.09519460
0.01921832 1.33364197 1.10745927
0.14307894 1.27483900 1.03194889
0.24523577 1.27553023 1.04530930
0.29923031 1.36101407 1.16880882
0.39256119 1.33693629 1.16391981
0.52853698 1.36980899 1.26495071
0.63234915 1.34387252 1.28701865
0.76033108 1.38441467 1.42456942
0.81236597 1.37587249 1.45075063
1.03325013 1.33002981 1.57039177
1.10410565 1.46847083 1.82869807
1.46204594 1.44721428 2.27978449
2.00000000 1.35383433 3.00206340
-2.00000000 1.63497002 3.41287565
-1.81304758 1.54487419 2.96622583
-1.69239185 1.52748455 2.74999135
-1.44996917 1.64701197 2.57786254
-1.31562160 1.71217914 2.50103761
-1.21860186 1.73631554 2.41911612
-1.07366869 1.62657671 2.09067546
-0.94701406 1.53802808 1.83857399
-0.83500015 1.49122930 1.67779453
-0.71724743 1.59130548 1.73368957
-0.67633097 1.56404300 1.66672338
-0.58508333 1.58004124 1.63278246
-0.41641639 1.68725167 1.70142529
-0.34681981 1.64335382 1.61014932
-0.22736452 1.46981729 1.32832446
-0.15927064 1.44857191 1.28377218
-0.11707983 1.60447505 1.49591660
-0.00413645 1.68966902 1.60988688
0.14392435 1.45216397 1.26982016
0.20487334 1.71467120 1.65909163
0.26628064 1.52484911 1.38950207
0.34997365 1.55836614 1.45932912
0.46921752 1.59260494 1.55380221
0.66585065 1.66665489 1.77119558
0.72606996 1.59582158 1.70282891
0.81242436 1.75294523 2.00809101
0.97454756 1.63441881 1.95259116
1.15525153 1.55541920 2.01335294
1.49543095 1.67777901 2.67333492
2.00000000 1.63497002 3.41287565
-2.00000000 2.00000000 4.00000000
-1.73514359 2.00000000 3.57150823
-1.66195083 2.00000000 3.45829966
-1.40510968 2.00000000 3.08381143
-1.25291231 2.00000000 2.88254921
-1.16971710 2.00000000 2.78054575
-1.01628942 2.00000000 2.60974118
-0.93376520 2.00000000 2.52808521
-0.75971094 2.00000000 2.37991239
-0.65762428 2.00000000 2.30614119
-0.63328786 2.00000000 2.28982391
-0.48465309 2.00000000 2.20219505
-0.42008340 2.00000000 2.17119301
-0.32420205 2.00000000 2.13374868
-0.24796749 2.00000000 2.11152299
-0.16752994 2.00000000 2.09529325
-0.12120672 2.00000000 2.08920995
-0.02313059 2.00000000 2.08370738
0.08798070 2.00000000 2.08841749
0.19603862 2.00000000 2.10432559
0.25193565 2.00000000 2.11735045
0.35470348 2.00000000 2.15001373
0.51205693 2.00000000 2.22111928
0.64232491 2.00000000 2.29755905
0.76130807 2.00000000 2.37956285
0.84023436 2.00000000 2.43965030
1.01464059 2.00000000 2.58641503
1.15195580 2.00000000 2.72245498
1.42069218 2.00000000 3.07860214
2.00000000 2.00000000 4.00000000
