-5.00000000 -5.00000000 -0.00529405
-4.15746895 -5.00000000 0.01958326
-3.64348419 -5.00000000 0.01885497
-2.96069514 -5.00000000 0.00676709
-2.26299387 -5.00000000 0.02133676
-2.08913075 -5.00000000 0.02921008
-1.43835156 -5.00000000 0.04768405
-1.01308829 -5.00000000 0.03381662
-0.76334758 -5.00000000 0.02337545
-0.26282060 -5.00000000 0.01221576
0.03047515 -5.00000000 0.01157388
0.70808045 -5.00000000 0.02501874
1.13983158 -5.00000000 0.03922971
1.24617161 -5.00000000 0.04194874
1.92537503 -5.00000000 0.03629271
2.24101823 -5.00000000 0.01577965
2.80844059 -5.00000000 -0.00083659
3.39097043 -5.00000000 0.00875630
4.13796276 -5.00000000 0.01593114
5.00000000 -5.00000000 -0.00529405
-5.00000000 -3.96686878 0.01905047
-4.21140867 -4.20282402 0.01810527
-3.48617378 -3.72629512 -0.00137066
-2.97118941 -3.75355666 -0.00827843
-2.35171677 -3.70595617 -0.00925641
-2.00373158 -4.25772614 0.01458030
-1.30046588 -4.28513565 0.04286867
-1.08899609 -3.60606947 0.01077225
-0.63497700 -4.06991332 0.04509664
-0.40133724 -4.15488529 0.04841390
0.05037985 -4.16739166 0.04915034
0.85864557 -3.82921805 0.02966123
1.16727154 -4.14920063 0.03890292
1.48026901 -3.88126365 0.01698832
1.71958631 -3.69351616 -0.00101946
2.15671525 -3.81311938 -0.00719945
2.73666854 -4.32139402 -0.01344907
3.43195955 -3.72439822 -0.00310571
4.34897201 -4.16407396 0.01735869
5.00000000 -3.96686878 0.01905047
-5.00000000 -3.05404395 0.00355418
-4.32377282 -2.78235344 -0.01301662
-3.51669337 -3.06272276 -0.00831059
-3.13525796 -2.78887388 -0.00549076
-2.21024103 -2.99610936 -0.02144640
-1.92018246 -2.96210741 -0.03216845
-1.47532729 -2.86265249 -0.03789525
-1.02366502 -3.16616578 -0.01506339
-0.75732200 -3.01216867 -0.00631305
-0.34505767 -2.81652445 0.01877178
0.20629690 -3.04023187 0.00455416
0.82723448 -2.83991751 -0.00691824
1.02428410 -2.93628776 -0.02059179
1.48272205 -2.82045103 -0.03460526
1.95284729 -2.89829149 -0.03204985
2.27282860 -3.02131532 -0.01415640
2.63032144 -2.97833323 -0.00105337
3.58664455 -2.92151478 -0.00648063
4.29290844 -3.25134104 -0.00224589
5.00000000 -3.05404395 0.00355418
-5.00000000 -2.29834494 0.01352557
-4.38574591 -2.10835413 0.00957244
-3.53602146 -2.53291109 -0.01220016
-3.03639718 -2.41805632 -0.01080968
-2.31319735 -2.16040583 -0.00857240
-1.96775415 -2.08255006 0.02225903
-1.68180864 -2.34243433 0.00478404
-1.12561491 -2.48919106 0.03125778
-0.64875003 -2.22003013 0.19458271
-0.33687777 -2.42474900 0.12464158
0.07056500 -1.97057980 0.36778953
0.71002844 -2.10408288 0.22869352
1.06981162 -2.13670555 0.15225058
1.41998698 -2.20763171 0.06753102
1.96513296 -2.45710078 -0.02055769
2.13305796 -2.00819000 0.00528555
2.67319875 -2.43214402 -0.00803878
3.22024411 -2.50271572 -0.00678746
3.90621998 -2.14793381 -0.00417117
5.00000000 -2.29834494 0.01352557
-5.00000000 -1.40607070 0.04410591
-3.97471083 -1.70991968 0.01664432
-3.56123222 -1.53564181 0.00052125
-3.01846152 -1.49837889 -0.02047990
-2.46328473 -1.50866082 0.02282399
-2.06969018 -1.44390150 0.12198415
-1.59945199 -1.66891159 0.20123516
-0.93691780 -1.53010853 0.47930534
-0.57389974 -1.43455474 0.60626709
-0.37631419 -1.53628123 0.58896285
-0.00860108 -1.37648919 0.67224986
0.61182664 -1.22875874 0.65539018
1.02808908 -1.60332108 0.40036897
1.49097921 -1.58616710 0.26375717
1.87241683 -1.23178235 0.23259546
2.12163257 -1.62380379 0.05561245
2.69427070 -1.70301939 -0.03468364
3.46297040 -1.41143200 -0.01221676
4.33599316 -1.30314087 0.03932175
5.00000000 -1.40607070 0.04410591
-5.00000000 -0.94447648 0.03234811
-4.10311456 -1.02597981 0.04352454
-3.47603133 -1.00050447 0.01296700
-2.69380171 -1.07266295 0.02592291
-2.32402234 -1.11735586 0.10698510
-1.89365780 -1.02602009 0.28325703
-1.31762251 -1.08391498 0.51173751
-0.98666391 -1.12278281 0.61911969
-0.70999445 -0.92834535 0.75021806
-0.33922140 -1.07537312 0.76520333
-0.00027022 -0.99985891 0.79737720
0.80653951 -1.07911378 0.66048516
1.02799166 -0.97122592 0.63188940
1.39958112 -0.95010905 0.51013988
1.88250189 -1.08601629 0.26596321
2.15269484 -0.96153986 0.16273984
2.95135577 -1.04035825 -0.02176335
3.26046073 -0.96302889 -0.01230940
4.10777270 -1.01461916 0.03467903
5.00000000 -0.94447648 0.03234811
-5.00000000 -0.67990045 0.02340710
-4.01416678 -0.47605285 0.04916563
-3.80134407 -0.74328485 0.03755557
-3.19424576 -0.59181410 0.01677997
-2.49249859 -0.71485767 0.10706282
-1.94950651 -0.74283104 0.32006454
-1.45072201 -0.73987660 0.55433396
-1.13908871 -0.36281858 0.74523128
-0.68785518 -0.45388553 0.84776186
-0.16664907 -0.70809130 0.86270516
0.06258777 -0.46362890 0.89957259
0.48842616 -0.39708697 0.86822139
1.14415307 -0.42112297 0.71630494
1.48454977 -0.73115250 0.53299269
2.00997100 -0.44291768 0.32048403
2.35288006 -0.66055637 0.11071166
2.71604118 -0.44481479 0.02182984
3.16035387 -0.76551491 -0.00956547
4.16316855 -0.56370449 0.04060884
5.00000000 -0.67990045 0.02340710
-5.00000000 0.18533678 0.01188251
-4.12396678 -0.10317172 0.05297766
-3.59027549 -0.13731969 0.03730927
-3.09339870 0.07883389 0.02917241
-2.23137084 -0.13946977 0.25201688
-1.96138672 0.24185611 0.38676740
-1.46779331 -0.14796136 0.63766944
-0.97854039 0.29487267 0.81023706
-0.84514906 0.16349581 0.84953581
-0.38479419 0.11101307 0.92158950
-0.07633307 0.30617547 0.92737433
0.82271233 -0.05724840 0.83362827
1.03393316 -0.10546966 0.77917779
1.47439434 -0.01782663 0.62909207
2.01746015 0.16717306 0.34321819
2.14568793 -0.07171157 0.26215505
2.90523706 -0.00042818 0.01031269
3.62634412 0.13041118 0.02158362
3.88213696 0.17511344 0.03347484
5.00000000 0.18533678 0.01188251
-5.00000000 0.52171311 0.01658675
-4.34149838 0.51629342 0.05110549
-3.50369552 0.49775624 0.03053485
-2.80487602 0.56664427 0.04780052
-2.22951833 0.39946370 0.24495809
-1.91211582 0.45655168 0.39581036
-1.66932191 0.72404370 0.47525271
-0.92554028 0.60535335 0.78667193
-0.71292652 0.39610567 0.86169715
-0.33941802 0.55944613 0.89201320
-0.01241111 0.46909804 0.91276773
0.53728185 0.49707080 0.86094314
1.15623094 0.50800985 0.71435810
1.28758117 0.76524138 0.62028497
1.76009548 0.40398061 0.47649280
2.17276839 0.72884654 0.20127122
2.60774888 0.65232373 0.03608644
3.23447507 0.53090065 0.00094810
4.05392699 0.63443251 0.03740461
5.00000000 0.52171311 0.01658675
-5.00000000 1.19985449 0.04246078
-4.17964073 1.39813115 0.03900369
-3.81426164 1.17613278 0.02786018
-3.18360451 1.43707114 -0.01857040
-2.20401715 1.23314776 0.12397928
-2.03602785 1.40820373 0.13607846
-1.57874586 1.49194460 0.26719598
-1.02751402 1.28269331 0.56039903
-0.77311525 1.36636987 0.60409935
-0.35677796 1.17247591 0.75028247
0.19744159 1.48526584 0.62844258
0.77695862 1.13788135 0.66433077
1.02313906 1.30440671 0.53193134
1.23897965 1.23325867 0.48769089
1.68766429 1.06097511 0.37179093
2.31235347 0.98282553 0.09619973
2.93771858 1.43182302 -0.03922594
3.63318949 1.06561228 0.00740625
4.25314324 1.13493499 0.04025038
5.00000000 1.19985449 0.04246078
-5.00000000 2.05906935 0.03215675
-4.20070011 2.04985968 0.01209166
-3.40456142 2.10246982 -0.01484476
-2.93181241 2.10611106 -0.02300310
-2.28221295 2.19919157 -0.00742787
-1.83723573 1.92659004 0.07397203
-1.67041231 1.94271187 0.10451221
-0.93378621 2.25694880 0.17178487
-0.64004885 2.01623193 0.32617660
-0.42571089 2.10614761 0.30815505
0.15608973 2.16214295 0.28985372
0.64999541 2.25793616 0.20078579
1.12935879 1.87297077 0.26403321
1.47165722 2.02606531 0.12760652
1.92099083 1.74297838 0.08563026
2.17472532 2.22645787 -0.00974905
2.77879649 1.76947020 -0.03931778
3.46555322 2.08225300 -0.01536879
4.03488531 2.01305835 0.00601384
5.00000000 2.05906935 0.03215675
-5.00000000 2.62936167 0.00975591
-3.95531908 2.67174297 -0.00946363
-3.62924809 2.59471070 -0.01093129
-3.10751276 2.76987362 -0.00866538
-2.25189314 2.61592167 -0.01666273
-1.91047683 2.70201062 -0.01926535
-1.49902844 2.66075255 -0.00324978
-1.17488557 2.76872152 0.01245553
-0.72634226 2.56362232 0.09829990
-0.36808577 2.67454381 0.09042842
0.08836618 2.47921827 0.15550694
0.67133015 2.64362043 0.07320394
1.06901085 2.73403101 0.02362405
1.40232633 2.48193614 0.03226078
1.66776925 2.55083523 -0.00165379
2.15260564 2.55518817 -0.01712661
2.97067307 2.64483418 -0.00796094
3.63841158 2.68014823 -0.00825712
4.34531621 2.45880619 0.00022429
5.00000000 2.62936167 0.00975591
-5.00000000 3.03538704 0.00867885
-4.32218855 3.17616402 -0.00131247
-3.73756491 3.06025080 -0.00787509
-2.92388321 2.99602945 -0.00740474
-2.39890533 3.02688863 -0.01452356
-1.93297898 3.15495469 -0.02064868
-1.44908292 2.92163185 -0.01651871
-1.16698451 3.18190569 -0.00251298
-0.85070218 3.16946643 0.01462806
-0.33921794 3.04237031 0.03624120
-0.05237840 2.88514212 0.05423761
0.55867472 3.13842565 0.02265711
1.00606383 3.07822310 0.00394796
1.49047782 3.11661888 -0.01651322
1.79869471 3.17175153 -0.02112823
2.22721667 3.25603029 -0.01502369
2.74839538 2.98405505 -0.00512669
3.34130790 3.26733127 -0.00515759
4.16002539 2.98887565 -0.00490873
5.00000000 3.03538704 0.00867885
-5.00000000 3.69115598 0.01868688
-4.06233668 3.85625631 0.01087000
-3.50091139 3.91089065 0.00117643
-2.96870673 3.69489408 -0.00900777
-2.36433033 4.12356325 -0.00249043
-2.03485246 3.94982250 0.00367128
-1.52326121 3.42786239 -0.00679913
-1.07267486 3.77286485 0.02815131
-0.80990713 3.55710486 0.02622443
-0.24063319 3.45239427 0.03376024
0.22672993 3.77701852 0.04326730
0.76780192 4.02941037 0.04403674
1.15644981 3.97550392 0.03410205
1.45587570 4.06927299 0.02982381
1.79156962 4.05496124 0.01646681
2.40499243 4.13577640 -0.01085758
2.94471969 3.98989044 -0.01226899
3.43611699 3.93886198 -0.00226345
4.40742703 3.77014271 0.01333793
5.00000000 3.69115598 0.01868688
-5.00000000 5.00000000 -0.00529405
-4.15746895 5.00000000 0.01958326
-3.64348419 5.00000000 0.01885497
-2.96069514 5.00000000 0.00676709
-2.26299387 5.00000000 0.02133676
-2.08913075 5.00000000 0.02921008
-1.43835156 5.00000000 0.04768405
-1.01308829 5.00000000 0.03381662
-0.76334758 5.00000000 0.02337545
-0.26282060 5.00000000 0.01221576
0.03047515 5.00000000 0.01157388
0.70808045 5.00000000 0.02501874
1.13983158 5.00000000 0.03922971
1.24617161 5.00000000 0.04194874
1.92537503 5.00000000 0.03629271
2.24101823 5.00000000 0.01577965
2.80844059 5.00000000 -0.00083659
3.39097043 5.00000000 0.00875630
4.13796276 5.00000000 0.01593114
5.00000000 5.00000000 -0.00529405
