-2.00000000 -2.00000000 4.00000000
-1.53853267 -2.00000000 3.27354674
-0.93279052 -2.00000000 2.52716536
-0.54057755 -2.00000000 2.23261686
-0.41344237 -2.00000000 2.16826397
-0.14784445 -2.00000000 2.09242343
0.11387772 -2.00000000 2.09115276
0.46175526 -2.00000000 2.19573082
1.17845132 -2.00000000 2.75292704
2.00000000 -2.00000000 4.00000000
-2.00000000 -1.02194512 2.59434436
-1.55289482 -1.12783282 1.98669802
-0.88985357 -0.88469034 0.96879374
-0.62711594 -0.85711152 0.73413042
-0.40561839 -0.80773927 0.57108472
-0.20508411 -0.98529595 0.65986056
0.16113528 -1.06198475 0.71974183
0.39580043 -0.82141573 0.63586890
1.28662150 -1.13841847 1.70770956
2.00000000 -1.02194512 2.59434436
-2.00000000 -0.72653080 2.36107672
-1.59593368 -0.75707449 1.75515680
-0.96525878 -0.73055387 0.93033889
-0.47846158 -0.57217091 0.45533710
-0.32489605 -0.64187465 0.42768280
-0.09512243 -0.53088034 0.32967162
0.01386173 -0.46467897 0.30389634
0.33437479 -0.53846520 0.42918655
1.05353240 -0.77968346 1.12313060
2.00000000 -0.72653080 2.36107672
-2.00000000 -0.36698501 2.16601824
-1.36299384 -0.25527830 1.16234351
-0.75382877 -0.39354340 0.55089079
-0.60541155 -0.17544272 0.38106081
-0.35518246 -0.26082047 0.27457051
-0.23238410 -0.11949071 0.20719484
0.21334854 -0.19369734 0.23848328
0.58118069 -0.19735264 0.40527147
1.09567732 -0.14271578 0.78522209
2.00000000 -0.36698501 2.16601824
-2.00000000 0.00357138 2.09195206
-1.35478074 -0.07377029 1.11255007
-0.94329308 -0.01878494 0.60682628
-0.61341685 0.06209116 0.35535029
-0.34973989 0.03611347 0.23010324
-0.07011860 0.10771352 0.16637323
0.06453405 0.09054890 0.16336741
0.67250054 0.11023953 0.40791491
1.24990459 0.09637099 0.92470340
2.00000000 0.00357138 2.09195206
-2.00000000 0.08911945 2.09322052
-1.40408318 0.13220335 1.17929076
-1.02865999 0.14864650 0.68949819
-0.53362379 0.18840710 0.31643689
-0.35455448 0.14579751 0.23501881
-0.22612345 0.21194715 0.20389969
0.15429089 0.15883924 0.17229169
0.43821036 0.17468972 0.26359308
1.19279097 0.22893974 0.87245122
2.00000000 0.08911945 2.09322052
-2.00000000 0.37694047 2.15191235
-1.38560252 0.45709523 1.24055046
-1.09168086 0.33901273 0.79828543
-0.66932037 0.28725248 0.40991492
-0.35804347 0.37351838 0.29570036
-0.15436068 0.32104743 0.21802463
0.17566346 0.46688547 0.27960625
0.62898272 0.44206198 0.44247753
1.13819889 0.46620503 0.89198557
2.00000000 0.37694047 2.15191235
-2.00000000 0.82441366 2.42379683
-1.38820654 0.79865385 1.45815999
-0.87294573 0.62021262 0.73283118
-0.75095707 0.84311199 0.83425511
-0.44619036 0.59652327 0.46988246
-0.20203402 0.56418405 0.36954218
0.10856279 0.73296677 0.46748991
0.78280158 0.61779553 0.66494040
1.15783199 0.76974221 1.11709584
2.00000000 0.82441366 2.42379683
-2.00000000 1.35654538 3.00577853
-1.60632185 1.28118012 2.27256089
-1.16507594 1.24087863 1.64285277
-0.71687693 1.26018259 1.27881205
-0.47586708 1.03709249 0.87467967
-0.03725650 1.14788512 0.87726548
0.27520383 1.27856763 1.05505427
0.45143726 1.20861126 1.02282929
0.91519678 1.42714081 1.60054082
2.00000000 1.35654538 3.00577853
-2.00000000 2.00000000 4.00000000
-1.53853267 2.00000000 3.27354674
-0.93279052 2.00000000 2.52716536
-0.54057755 2.00000000 2.23261686
-0.41344237 2.00000000 2.16826397
-0.14784445 2.00000000 2.09242343
0.11387772 2.00000000 2.09115276
0.46175526 2.00000000 2.19573082
1.17845132 2.00000000 2.75292704
2.00000000 2.00000000 4.00000000
