-2.00000000 -2.00000000 4.00000000
-1.89037785 -2.00000000 3.81938202
-1.71259325 -2.00000000 3.53636077
-1.58962748 -2.00000000 3.34904056
-1.49278276 -2.00000000 3.20723075
-1.43535911 -2.00000000 3.12582488
-1.32428602 -2.00000000 2.97472518
-1.25419169 -2.00000000 2.88416487
-1.17308065 -2.00000000 2.78454893
-1.10581591 -2.00000000 2.70653777
-1.02950129 -2.00000000 2.62349896
-0.97122329 -2.00000000 2.56422757
-0.88235462 -2.00000000 2.48099028
-0.82721156 -2.00000000 2.43365254
-0.75801934 -2.00000000 2.37862057
-0.69944641 -2.00000000 2.33535136
-0.66549918 -2.00000000 2.31153025
-0.57705601 -2.00000000 2.25415486
-0.52387461 -2.00000000 2.22319497
-0.48631550 -2.00000000 2.20305253
-0.44390899 -2.00000000 2.18210361
-0.39432167 -2.00000000 2.16010656
-0.35059424 -2.00000000 2.14300815
-0.29797459 -2.00000000 2.12534387
-0.24964564 -2.00000000 2.11194002
-0.20304848 -2.00000000 2.10155803
-0.12185373 -2.00000000 2.08927900
-0.07210424 -2.00000000 2.08524606
-0.03604755 -2.00000000 2.08388746
0.02062472 -2.00000000 2.08424631
0.05632848 -2.00000000 2.08594552
0.09855818 -2.00000000 2.08945555
0.16859380 -2.00000000 2.09914638
0.22633492 -2.00000000 2.11097040
0.26430241 -2.00000000 2.12068422
0.34430636 -2.00000000 2.14620000
0.42967845 -2.00000000 2.18082060
0.46343943 -2.00000000 2.19654158
0.52693399 -2.00000000 2.22908486
0.62342795 -2.00000000 2.28556350
0.69432772 -2.00000000 2.33206036
0.74396531 -2.00000000 2.36694467
0.84483920 -2.00000000 2.44328574
0.92307744 -2.00000000 2.50710824
0.99408849 -2.00000000 2.56820493
1.07309491 -2.00000000 2.64023321
1.20610784 -2.00000000 2.78613003
1.39368930 -2.00000000 3.03927406
1.68860694 -2.00000000 3.49098299
2.00000000 -2.00000000 4.00000000
-2.00000000 -1.64408295 3.41790096
-1.89156058 -1.72878277 3.37256214
-1.73843376 -1.60797323 2.93130235
-1.64967057 -1.61218164 2.80102538
-1.56141692 -1.59573838 2.64399225
-1.47557817 -1.73381964 2.74279604
-1.35902603 -1.73492644 2.58691280
-1.34842283 -1.55257600 2.28554711
-1.23411313 -1.66832231 2.32579612
-1.19027184 -1.68780199 2.30547246
-1.11154495 -1.68414183 2.21320333
-1.02998831 -1.57804390 1.96868925
-0.93769946 -1.66152588 2.01071975
-0.89118820 -1.57623082 1.84322276
-0.86820316 -1.51647576 1.73593708
-0.80020224 -1.54484737 1.72603343
-0.71459497 -1.69389820 1.88632527
-0.65602706 -1.50297677 1.56614730
-0.56822618 -1.63578385 1.70851201
-0.56183656 -1.46553690 1.45612159
-0.49004465 -1.56794636 1.56741837
-0.46651084 -1.46297683 1.40319196
-0.37607933 -1.53956660 1.47424866
-0.33124023 -1.52636025 1.43747473
-0.28880100 -1.48881066 1.36759977
-0.21917262 -1.60634365 1.51844385
-0.16354955 -1.55021618 1.42133899
-0.10864639 -1.48036476 1.30614950
-0.04821285 -1.56944913 1.42810716
-0.00075016 -1.50080812 1.31893450
0.02188876 -1.53908429 1.37400014
0.08438553 -1.50685155 1.32101246
0.13919737 -1.54395604 1.37782023
0.18263357 -1.59425816 1.45897271
0.21396835 -1.58492877 1.44910101
0.31380407 -1.58420315 1.47340501
0.38700069 -1.70164790 1.68438062
0.39915067 -1.59402806 1.52287507
0.49796588 -1.74028301 1.80001073
0.56223869 -1.71338707 1.79667824
0.64925443 -1.64951573 1.75896230
0.71519955 -1.63659095 1.78929579
0.77888186 -1.71706135 1.95903758
0.89248083 -1.76826436 2.12953607
1.01344955 -1.70772796 2.14732097
1.09031306 -1.76730269 2.30606770
1.24892234 -1.65896123 2.31490525
1.47913475 -1.68587398 2.65194999
1.71121461 -1.67120551 2.98002614
2.00000000 -1.64408295 3.41790096
-2.00000000 -1.45049570 3.11671132
-1.87885018 -1.43106192 2.88419223
-1.73802577 -1.48428564 2.73776518
-1.69235600 -1.38165545 2.51408791
-1.58735321 -1.47083050 2.48833455
-1.52642210 -1.48281879 2.41852224
-1.45324257 -1.39336787 2.18337967
-1.32876314 -1.46743481 2.13086167
-1.28376422 -1.40742644 1.98641658
-1.22683020 -1.38802103 1.89113853
-1.16516051 -1.38136533 1.81279596
-1.09884240 -1.35108631 1.69963768
-1.01785462 -1.40799302 1.70399287
-0.92006526 -1.34638971 1.52904310
-0.85083168 -1.30553983 1.41551993
-0.82078578 -1.33256561 1.43148484
-0.77621172 -1.27693956 1.32002855
-0.68997325 -1.22391714 1.18755660
-0.62118643 -1.33037240 1.29539406
-0.55203685 -1.31861010 1.23950279
-0.52000379 -1.20743577 1.06648663
-0.48124618 -1.32715076 1.21521821
-0.41572321 -1.35302789 1.22162511
-0.35120309 -1.25276002 1.05281863
-0.29071196 -1.22041662 0.98527433
-0.23147129 -1.30382413 1.08260208
-0.15654630 -1.29262766 1.04560722
-0.09608155 -1.34472498 1.10582117
-0.06236848 -1.37918618 1.14898593
-0.01220236 -1.32628340 1.06409981
0.02888042 -1.37062468 1.12270471
0.07181215 -1.40491084 1.16913758
0.11260524 -1.29624537 1.01033850
0.16387655 -1.39447622 1.15445232
0.19840827 -1.35810921 1.10561815
0.29794387 -1.42969438 1.23487472
0.33398288 -1.37791025 1.17333602
0.39575025 -1.38247967 1.20852024
0.46602508 -1.47229678 1.37600568
0.51942390 -1.41683386 1.33000771
0.64499092 -1.48225868 1.51179207
0.68171622 -1.44939158 1.49420997
0.80019281 -1.49459831 1.65471324
0.93177508 -1.47088678 1.73858224
0.97125741 -1.56174278 1.89996102
1.07224841 -1.52348488 1.94125539
1.22150123 -1.57497097 2.16438328
1.49650342 -1.57736655 2.51246365
1.74151347 -1.54560976 2.83233104
2.00000000 -1.45049570 3.11671132
-2.00000000 -1.26301082 2.84942668
-1.92759063 -1.20640055 2.65754736
-1.75915821 -1.22246979 2.40457715
-1.63183536 -1.28636937 2.28956453
-1.58280799 -1.21309117 2.12375228
-1.52952064 -1.19201799 2.02116772
-1.40635568 -1.18406126 1.83964541
-1.34086888 -1.26210008 1.85185743
-1.26320793 -1.16919796 1.63754839
-1.21085839 -1.21931549 1.63796156
-1.15482225 -1.15177809 1.48988923
-1.11537323 -1.23633927 1.55589996
-1.00599517 -1.15427338 1.33974295
-0.93946353 -1.19045070 1.32726970
-0.87908396 -1.18984534 1.27642860
-0.82483983 -1.12038660 1.14224397
-0.74294374 -1.16815720 1.14612058
-0.67198812 -1.05984511 0.95814996
-0.61876774 -1.15456825 1.04860894
-0.55718508 -1.03454906 0.85856820
-0.53720941 -1.06025842 0.87943649
-0.47779898 -1.06740125 0.85832697
-0.43129350 -1.02077308 0.77918415
-0.34407443 -1.10722443 0.85194850
-0.31260734 -1.12209392 0.85979805
-0.22673995 -1.09689539 0.79876749
-0.15214579 -1.05193724 0.72334856
-0.13108332 -1.12025557 0.80408660
-0.06714053 -1.10670120 0.77413252
-0.01594850 -1.07960807 0.73359583
-0.00151813 -1.07125096 0.72225207
0.04106938 -1.13164537 0.79203974
0.11402721 -1.15734286 0.82336665
0.16436938 -1.14793076 0.81692010
0.21793890 -1.22493592 0.92503238
0.28116505 -1.22173392 0.94022351
0.31959265 -1.14535851 0.86455760
0.40268493 -1.20467614 0.97773701
0.45078108 -1.29097324 1.11503998
0.53363838 -1.25214994 1.12134367
0.60680160 -1.29940117 1.23519948
0.67968643 -1.30387195 1.29902833
0.83751351 -1.32690252 1.46446759
0.89667565 -1.25294785 1.42936471
0.99102661 -1.38606620 1.68169671
1.09756920 -1.28743661 1.66412689
1.23665816 -1.32175386 1.85069937
1.44013050 -1.36138441 2.14262556
1.71828896 -1.29708328 2.45132530
2.00000000 -1.26301082 2.84942668
-2.00000000 -1.12536708 2.68922421
-1.88933561 -1.12556230 2.50747591
-1.80568469 -1.14127713 2.38827287
-1.67532584 -1.11175121 2.15571507
-1.53914491 -1.11882157 1.95786073
-1.49744976 -1.10038623 1.88022558
-1.41697220 -1.08587021 1.75333272
-1.32951414 -1.09276418 1.64086471
-1.26984180 -1.07861333 1.55038264
-1.20495591 -1.08495062 1.47556112
-1.10671070 -1.04690200 1.32529841
-1.04667948 -1.06261827 1.27451007
-0.99340812 -1.04139778 1.19913189
-0.93503157 -1.03642090 1.13763133
-0.87498372 -1.03846730 1.08565275
-0.79343984 -1.03029720 1.00999836
-0.71636854 -0.98633835 0.90663193
-0.63985503 -0.99978667 0.86781977
-0.59495915 -0.98839766 0.82770918
-0.55390474 -0.97197166 0.78657054
-0.49154500 -0.96072696 0.74148518
-0.45405906 -0.95657149 0.71883135
-0.39347222 -0.94446441 0.67992134
-0.33324777 -0.96221542 0.67424424
-0.31628484 -0.96020582 0.66624934
-0.21892315 -0.93382018 0.61261484
-0.15946443 -0.95532709 0.61991632
-0.12989920 -0.94962690 0.60973708
-0.07121731 -0.95063441 0.60391495
-0.02918474 -0.94839855 0.59978928
0.01610712 -0.99096036 0.63642321
0.06622949 -0.98746637 0.63533722
0.11536885 -1.02817472 0.67813805
0.15145374 -0.99087170 0.65269793
0.20384111 -1.05036955 0.71973522
0.28203972 -1.04043948 0.74163618
0.33876800 -1.06284820 0.79039283
0.41402341 -1.07189018 0.84337622
0.45512733 -1.09364578 0.89085943
0.53514792 -1.08464147 0.93978961
0.65198130 -1.13110918 1.07788360
0.72795077 -1.12996779 1.14161301
0.81194392 -1.14896298 1.23623174
0.88774260 -1.14091020 1.29837958
1.01308047 -1.18926734 1.47018023
1.11106129 -1.17819248 1.55651246
1.28300341 -1.22236612 1.79039627
1.49612737 -1.18752010 2.01901017
1.73263152 -1.15437850 2.31530791
2.00000000 -1.12536708 2.68922421
-2.00000000 -1.09925994 2.66412903
-1.87539277 -1.09423302 2.45555699
-1.79825862 -1.08360814 2.32258506
-1.66282871 -1.07550286 2.10452588
-1.52650419 -1.05669146 1.88495181
-1.44858187 -1.04674671 1.76485217
-1.37526622 -1.06164365 1.67515833
-1.32463082 -1.03388886 1.58427264
-1.25931171 -1.03704072 1.50154877
-1.17456731 -1.03234275 1.39233576
-1.11060873 -1.02116398 1.30789835
-1.02323235 -0.99863877 1.19291378
-0.96245167 -1.00786502 1.13799938
-0.91189157 -0.98014523 1.06573738
-0.84796586 -0.97110270 0.99971790
-0.77605998 -0.96864673 0.93677487
-0.74567468 -0.97539966 0.91857824
-0.65545368 -0.94276984 0.82367737
-0.59591577 -0.93803889 0.77998777
-0.52662767 -0.92561286 0.72770217
-0.49756120 -0.91789779 0.70509421
-0.44725990 -0.90581944 0.66926943
-0.40064007 -0.92130187 0.66161368
-0.34564059 -0.89509148 0.61725288
-0.29256827 -0.91366192 0.61505625
-0.22492430 -0.90072905 0.58586901
-0.16011287 -0.89905823 0.57196234
-0.11788481 -0.91134889 0.57601199
-0.07342105 -0.89519299 0.56007901
-0.03150050 -0.90773094 0.56833524
0.00804926 -0.94131724 0.59419035
0.05093821 -0.93044922 0.58891863
0.09666722 -0.95237242 0.61131124
0.16929356 -0.97693765 0.64674184
0.22411388 -0.97200111 0.66194877
0.29743996 -0.97706534 0.69829846
0.37302545 -0.99835599 0.75586172
0.41838163 -1.00370021 0.78795011
0.46439960 -1.01449681 0.82717025
0.59363809 -1.03498493 0.93973742
0.66375302 -1.05492865 1.01444377
0.72524229 -1.06717830 1.07807942
0.85799577 -1.09485989 1.22425732
0.93387222 -1.11428276 1.31534629
1.00552055 -1.08812649 1.35900943
1.11383215 -1.13566825 1.51544276
1.28728494 -1.12684726 1.69696177
1.44564090 -1.13675419 1.90240283
1.73028663 -1.12575531 2.28440051
2.00000000 -1.09925994 2.66412903
-2.00000000 -1.01725060 2.59021789
-1.89856231 -1.03236348 2.43838802
-1.72731323 -1.02127457 2.15805105
-1.63503203 -0.98418702 1.98649422
-1.52954593 -0.95128838 1.80410909
-1.45775180 -0.95282381 1.70250549
-1.35788161 -0.96886540 1.57706990
-1.29381591 -0.96248061 1.48690770
-1.19932702 -0.94043928 1.34968323
-1.14181077 -0.94969137 1.28740328
-1.08286062 -0.96071516 1.22793399
-0.98754249 -0.92271134 1.09485374
-0.90468734 -0.89799936 0.99313820
-0.86001045 -0.89274883 0.94749972
-0.78208275 -0.92147579 0.90271615
-0.74272856 -0.90752985 0.85962292
-0.70210154 -0.87761229 0.80438259
-0.63104113 -0.90660597 0.77645834
-0.58375991 -0.89501203 0.73586929
-0.51686171 -0.85732556 0.66527800
-0.47428276 -0.86521512 0.64874419
-0.43679451 -0.86849606 0.63305067
-0.38051539 -0.86017364 0.60177918
-0.33113977 -0.84807464 0.57368311
-0.28222052 -0.83873520 0.55106500
-0.22079361 -0.86633568 0.55742591
-0.18339211 -0.81224482 0.50947987
-0.10983045 -0.82315616 0.50928974
-0.08591368 -0.82435728 0.50889245
-0.02445758 -0.87632670 0.54546311
0.00448935 -0.84521321 0.52465396
0.04373842 -0.83601899 0.52185738
0.13190382 -0.84401870 0.54298905
0.18363465 -0.86676924 0.57286266
0.22227476 -0.90696848 0.61422843
0.30126968 -0.94598415 0.67681431
0.34236682 -0.94316141 0.69581173
0.40431367 -0.91141958 0.70673702
0.51489868 -0.94141552 0.80163764
0.58024051 -0.96067493 0.86490922
0.67226740 -0.95579137 0.93255567
0.70362008 -0.98166995 0.98111373
0.85486327 -0.95576794 1.08972752
0.94334544 -1.00674561 1.21967897
1.00610235 -1.03147217 1.30417055
1.12230633 -1.05747658 1.44636308
1.23190977 -1.00974342 1.51908546
1.46212541 -1.04701127 1.83833573
1.79132467 -1.05562537 2.30922803
2.00000000 -1.01725060 2.59021789
-2.00000000 -0.91382467 2.50253374
-1.83528234 -0.93156153 2.25281442
-1.74363888 -0.89850771 2.08340419
-1.59244770 -0.92355186 1.87443253
-1.51963763 -0.91995816 1.76514014
-1.39989938 -0.85009575 1.54307522
-1.32684563 -0.86457793 1.45520532
-1.24091095 -0.86508600 1.34408951
-1.19428781 -0.84564141 1.27139834
-1.07647465 -0.83661208 1.12569557
-1.04499270 -0.85344678 1.10318877
-0.98965048 -0.88082188 1.06466302
-0.89697951 -0.87231164 0.96600164
-0.81974919 -0.83175962 0.86525208
-0.76991426 -0.81057626 0.80749121
-0.70198266 -0.80843612 0.75207986
-0.68359872 -0.81631038 0.74393155
-0.58855326 -0.78503329 0.65440758
-0.53119787 -0.79742080 0.62763204
-0.51936453 -0.81457646 0.63352743
-0.45151636 -0.77340365 0.56691470
-0.41290652 -0.77491448 0.54991017
-0.35739634 -0.75302933 0.51163193
-0.31346114 -0.75432211 0.49757934
-0.28680043 -0.75938920 0.49334217
-0.24353215 -0.73788698 0.46774263
-0.15760557 -0.77143972 0.47698087
-0.09796197 -0.75890450 0.46414710
-0.06867585 -0.76413329 0.46715046
-0.01155043 -0.77540329 0.47642266
0.02308192 -0.76779158 0.47432688
0.06093881 -0.74774849 0.46639180
0.14214049 -0.80323292 0.51850288
0.18631572 -0.81725998 0.54037816
0.22255703 -0.81580402 0.55173409
0.29532288 -0.80937671 0.57701783
0.38570183 -0.81543227 0.62610651
0.41594816 -0.81405856 0.64200634
0.47744929 -0.84745789 0.70346062
0.59716962 -0.81843769 0.76280864
0.66132820 -0.82390692 0.81474513
0.74649793 -0.85602714 0.90864581
0.81864853 -0.89080759 0.99970301
0.96496003 -0.87529522 1.11994028
1.02961369 -0.88639252 1.19219765
1.10992548 -0.84778276 1.23810057
1.32396855 -0.90102751 1.52762410
1.39844218 -0.92691542 1.64499027
1.71568603 -0.88799751 2.05215648
2.00000000 -0.91382467 2.50253374
-2.00000000 -0.83631285 2.44112284
-1.86258582 -0.82147682 2.20983733
-1.69672214 -0.83522835 1.96292990
-1.57346973 -0.82192252 1.76893039
-1.51420623 -0.82798764 1.68739267
-1.38591748 -0.79450196 1.48316848
-1.34604472 -0.82056672 1.44818578
-1.22105658 -0.78903325 1.26331525
-1.14104981 -0.79840629 1.17251920
-1.06689924 -0.78110729 1.07458497
-0.99711448 -0.77357719 0.99341037
-0.94651345 -0.80152723 0.96153312
-0.85794539 -0.79108803 0.86945002
-0.80287728 -0.76185335 0.80023550
-0.74071279 -0.76786983 0.75333617
-0.69107824 -0.76616850 0.71371607
-0.66347938 -0.74117847 0.67607989
-0.56655806 -0.74435277 0.61178002
-0.53404337 -0.74556215 0.59251205
-0.48476108 -0.71681949 0.54499707
-0.45292269 -0.72899743 0.53656359
-0.40531743 -0.71762084 0.50658474
-0.36780278 -0.69094616 0.47357955
-0.30279537 -0.70324585 0.45951634
-0.26556534 -0.69292886 0.44282557
-0.23680244 -0.67674032 0.42614915
-0.17343283 -0.69518193 0.42791900
-0.11937073 -0.69301942 0.42220700
-0.05294680 -0.69125737 0.42074729
-0.01330638 -0.66884615 0.40945108
0.02651559 -0.68606306 0.42371353
0.05702011 -0.67274434 0.41998269
0.10900669 -0.68769042 0.43847288
0.18268517 -0.71233768 0.47244884
0.22050557 -0.70883234 0.48261165
0.28568792 -0.72835387 0.51982391
0.39805539 -0.74876177 0.58709902
0.43087248 -0.75894362 0.61215157
0.48743333 -0.75177327 0.64077316
0.58874729 -0.75220397 0.70759480
0.67012114 -0.78574676 0.79186321
0.74818558 -0.78525049 0.85295652
0.84275169 -0.79289542 0.93870153
0.91657845 -0.80533991 1.01484811
1.05121522 -0.77480845 1.11678674
1.12794326 -0.77926850 1.19751213
1.22538561 -0.76743063 1.29383111
1.53672807 -0.82175202 1.74042402
1.72286762 -0.81371321 2.00212079
2.00000000 -0.83631285 2.44112284
-2.00000000 -0.80613297 2.41827975
-1.84411833 -0.78324737 2.15250960
-1.67928390 -0.76713946 1.88670722
-1.55129919 -0.76649269 1.69645627
-1.45851078 -0.75537771 1.55592373
-1.42038411 -0.74882791 1.49815961
-1.29365060 -0.75666596 1.33315037
-1.22353930 -0.74219137 1.23340214
-1.12396670 -0.74262257 1.11289962
-1.08816733 -0.75608606 1.08091422
-1.02138946 -0.74922427 1.00210300
-0.92919064 -0.73222327 0.89538621
-0.85389750 -0.71221949 0.81088110
-0.81788543 -0.73826633 0.79676968
-0.75128497 -0.71842628 0.72795044
-0.68807183 -0.72858149 0.68583039
-0.64303029 -0.69733681 0.63247407
-0.59479965 -0.71002471 0.60737496
-0.50719783 -0.66966372 0.52734879
-0.49149399 -0.68301005 0.52682844
-0.43627840 -0.65734711 0.48225507
-0.39295600 -0.65839630 0.46324245
-0.35913160 -0.65819628 0.44961363
-0.32384177 -0.64444399 0.42888914
-0.26531111 -0.65467073 0.41865926
-0.21729592 -0.64160752 0.40094552
-0.17206716 -0.63316900 0.38970129
-0.11933750 -0.64608440 0.39353481
-0.05968179 -0.62485139 0.38107528
-0.02844518 -0.65251217 0.39868978
0.02908425 -0.64307556 0.39874925
0.05458551 -0.62756712 0.39350176
0.13179323 -0.64889651 0.42094795
0.17461912 -0.63998187 0.42719158
0.24693768 -0.67700964 0.47280766
0.29892352 -0.66268617 0.48488429
0.38578340 -0.69639313 0.54646026
0.44543245 -0.71490550 0.59084289
0.49448844 -0.68521155 0.60010917
0.62920539 -0.69458958 0.69514310
0.69482961 -0.74093144 0.77696242
0.76222330 -0.70874755 0.80605062
0.85052634 -0.74059121 0.90388034
0.95279921 -0.70470626 0.96705595
1.05028553 -0.70279771 1.05736833
1.15486187 -0.71902795 1.17587696
1.22466582 -0.72494334 1.25788549
1.40904190 -0.72537794 1.48783127
1.63297073 -0.75604020 1.82484770
2.00000000 -0.80613297 2.41827975
-2.00000000 -0.71776409 2.35505721
-1.83323448 -0.70647751 2.08166167
-1.66632753 -0.66773637 1.79957637
-1.54007606 -0.67839541 1.62005749
-1.46131289 -0.70428386 1.52478779
-1.37050805 -0.65888797 1.36949009
-1.27477496 -0.68676404 1.26100443
-1.20576362 -0.65437382 1.15250503
-1.14006547 -0.69111492 1.09685795
-1.06829755 -0.65850818 0.99265161
-0.96693464 -0.68471806 0.90116684
-0.94500869 -0.69343873 0.88482161
-0.83232796 -0.64324961 0.74695705
-0.75999673 -0.63384131 0.68083298
-0.71490075 -0.66891503 0.66745522
-0.66712567 -0.65846556 0.62543179
-0.61735023 -0.66367559 0.59342114
-0.55517259 -0.64530220 0.54142191
-0.50453930 -0.62257499 0.49774721
-0.48419872 -0.62171216 0.48587009
-0.44182185 -0.61939693 0.46247770
-0.40281877 -0.57334899 0.41868799
-0.36044243 -0.57789582 0.40368553
-0.29976678 -0.59192605 0.39103444
-0.27640153 -0.57503462 0.37539360
-0.22309147 -0.58329020 0.36842819
-0.15112168 -0.55450910 0.34399049
-0.11639114 -0.56319857 0.34679210
-0.06360381 -0.56232848 0.34649253
-0.01479408 -0.58085234 0.35935918
0.01996519 -0.58236329 0.36376095
0.06276725 -0.58655709 0.37212888
0.13311871 -0.59639814 0.39175705
0.20400007 -0.57236082 0.39839015
0.22264441 -0.59357544 0.41605643
0.33058269 -0.60167685 0.46273430
0.41448475 -0.62374147 0.51628382
0.45241158 -0.62695654 0.53871260
0.52050087 -0.64483304 0.58982052
0.61090071 -0.60692849 0.62408841
0.69182990 -0.64662500 0.70759437
0.74771652 -0.59901155 0.71794184
0.85948243 -0.61936931 0.82200186
0.93481290 -0.60150381 0.87472547
1.00341089 -0.61014816 0.94303224
1.09006337 -0.59974033 1.01784972
1.23056035 -0.64176824 1.19906862
1.51764088 -0.66102533 1.58734936
1.72462244 -0.69183683 1.91208100
2.00000000 -0.71776409 2.35505721
-2.00000000 -0.63893982 2.30356248
-1.91351259 -0.63925615 2.16485972
-1.63715746 -0.61706213 1.72396622
-1.58059745 -0.62330657 1.64406608
-1.45140829 -0.62542300 1.45986576
-1.35529231 -0.59721916 1.31044309
-1.30236794 -0.62007073 1.25410391
-1.19236048 -0.59999509 1.10189507
-1.09951503 -0.61195521 0.99868184
-1.03019754 -0.61010600 0.92010524
-0.95684574 -0.59114322 0.83189969
-0.90713121 -0.60774935 0.79325795
-0.84075689 -0.58173042 0.71707041
-0.79224651 -0.60706749 0.69081276
-0.71130614 -0.58159601 0.61262952
-0.64691979 -0.57149945 0.56063596
-0.61798187 -0.57258469 0.54130625
-0.54233600 -0.55021189 0.48069729
-0.50994824 -0.57290373 0.47334196
-0.47198029 -0.54683939 0.43867073
-0.43969351 -0.52721433 0.41227044
-0.37338396 -0.51732994 0.37769026
-0.35043636 -0.53073164 0.37542992
-0.31021158 -0.51649042 0.35477341
-0.25413280 -0.49212073 0.32811981
-0.22108525 -0.50393847 0.32713042
-0.14493573 -0.49250666 0.31248098
-0.09400907 -0.48331558 0.30637414
-0.07312599 -0.48227857 0.30609921
-0.01791483 -0.49060570 0.31302581
0.01857977 -0.47979393 0.31154133
0.06217497 -0.49967623 0.32724439
0.15409624 -0.50763695 0.35046437
0.20837116 -0.49143658 0.35778822
0.24026279 -0.51580836 0.38051928
0.32676884 -0.53781056 0.42554413
0.39187819 -0.52921091 0.45068816
0.47090316 -0.51996701 0.48659939
0.53705777 -0.53372957 0.53258907
0.63438614 -0.53997549 0.59879851
0.71372175 -0.54888957 0.66037334
0.77137002 -0.56718179 0.71554578
0.84478499 -0.55559998 0.76687517
0.92186029 -0.54590708 0.82573220
1.04736115 -0.53223255 0.92997129
1.15559773 -0.56023303 1.05607801
1.28456533 -0.55068641 1.19711959
1.50017472 -0.58051092 1.50515083
1.68439654 -0.57710770 1.77273130
2.00000000 -0.63893982 2.30356248
-2.00000000 -0.61106527 2.28652375
-1.85900517 -0.59919997 2.05410669
-1.63339286 -0.59452645 1.70476202
-1.53975932 -0.57833535 1.55747594
-1.46800543 -0.57338711 1.45187993
-1.33750690 -0.56436556 1.26713500
-1.27220624 -0.55366014 1.17514915
-1.15972452 -0.56599563 1.04187669
-1.09776784 -0.55428895 0.96219249
-1.01614746 -0.55511824 0.87217665
-0.97356762 -0.56440837 0.83304783
-0.91590788 -0.56165412 0.77430002
-0.85043320 -0.55136454 0.70813103
-0.77415458 -0.54648348 0.64139928
-0.72174766 -0.54835804 0.60202067
-0.66393837 -0.53071294 0.55090183
-0.60009596 -0.54460407 0.51453636
-0.55914748 -0.53827938 0.48497814
-0.50748921 -0.50234368 0.43645332
-0.45750231 -0.50579490 0.41090184
-0.42458421 -0.49867218 0.39127094
-0.39733870 -0.48746913 0.37367510
-0.35405317 -0.49134410 0.35784466
-0.28734260 -0.45983531 0.32180683
-0.25650692 -0.47658875 0.32146942
-0.20794640 -0.45405174 0.30192091
-0.13642882 -0.44505791 0.29020576
-0.11075686 -0.46302265 0.29718052
-0.06845416 -0.45575413 0.29393976
-0.02018013 -0.45794990 0.29751758
0.02495495 -0.44900943 0.29799806
0.07446177 -0.45951146 0.31013390
0.12409619 -0.44903349 0.31505429
0.19888455 -0.44475351 0.33240080
0.24447356 -0.45048139 0.34958963
0.33004807 -0.46528662 0.38939373
0.39158112 -0.46685008 0.41778488
0.46905075 -0.49014790 0.46941118
0.51756900 -0.49930554 0.50173193
0.58443029 -0.50381509 0.54504189
0.67147925 -0.48527960 0.59262049
0.76635679 -0.50167179 0.67129877
0.89386763 -0.49121772 0.76735299
0.94811134 -0.49493100 0.81613197
1.01206854 -0.48604265 0.86761297
1.10742409 -0.48983047 0.95955652
1.20583039 -0.47582499 1.05413215
1.40621682 -0.49629594 1.31871884
1.63742503 -0.51626655 1.66364447
2.00000000 -0.61106527 2.28652375
-2.00000000 -0.55209110 2.25258780
-1.91742039 -0.53817892 2.11218361
-1.70249275 -0.54561782 1.78081209
-1.52002529 -0.52112622 1.49674886
-1.46477532 -0.52621989 1.42065317
-1.38691262 -0.52800130 1.31333926
-1.26682267 -0.50334206 1.14021848
-1.16812711 -0.51596400 1.02360211
-1.10125538 -0.50714830 0.93974894
-1.02511838 -0.51425315 0.85877634
-0.95094929 -0.52634672 0.78856267
-0.90454286 -0.51531582 0.73752649
-0.80013042 -0.51899428 0.64751494
-0.78087743 -0.50310863 0.62358845
-0.68901338 -0.47432129 0.54048139
-0.66263848 -0.47830372 0.52397856
-0.59874372 -0.49330911 0.48817979
-0.53531053 -0.46984311 0.43771639
-0.49152102 -0.45657282 0.40672759
-0.45115144 -0.44127496 0.37886442
-0.43359697 -0.44752860 0.37280949
-0.38267854 -0.44186586 0.34741997
-0.32927566 -0.43473546 0.32412048
-0.28727953 -0.42300788 0.30621120
-0.24726584 -0.40213865 0.28779462
-0.20405711 -0.42697451 0.28967958
-0.13693962 -0.40797341 0.27448138
-0.11247627 -0.41563651 0.27650349
-0.05300566 -0.38864208 0.26562904
-0.02427842 -0.38964756 0.26756941
0.03879044 -0.38960656 0.27385764
0.07605651 -0.38286498 0.27659321
0.15482164 -0.40893357 0.30412725
0.20483074 -0.38873149 0.30883352
0.22863911 -0.41093163 0.32599694
0.33865421 -0.42316375 0.37259990
0.39524563 -0.43709109 0.40471204
0.46546136 -0.43785705 0.44049469
0.52815711 -0.44352359 0.47839195
0.64607362 -0.45215091 0.55706212
0.71038172 -0.45757089 0.60472653
0.77792791 -0.45017667 0.65064515
0.82974966 -0.42536110 0.67730629
0.93017521 -0.45713000 0.77789175
1.04313762 -0.45261612 0.87557287
1.12355380 -0.44360289 0.94667707
1.25428206 -0.44835762 1.09326462
1.47879578 -0.45862917 1.39648035
1.62187719 -0.47769499 1.61726074
2.00000000 -0.55209110 2.25258780
-2.00000000 -0.49713982 2.22364728
-1.88689974 -0.48947986 2.03827165
-1.68820968 -0.49869530 1.73404549
-1.51795983 -0.46611970 1.46529927
-1.46489364 -0.45934834 1.38608382
-1.36733288 -0.46914104 1.25554006
-1.24656555 -0.44693732 1.08519000
-1.17171527 -0.47006458 1.00353898
-1.08618184 -0.44397330 0.88967390
-1.02047884 -0.44969228 0.81996814
-0.93566652 -0.43262985 0.72490876
-0.86550796 -0.45272393 0.66938148
-0.82190093 -0.43377724 0.62271236
-0.77767881 -0.44794069 0.59366531
-0.71619754 -0.42781253 0.53830392
-0.63922048 -0.44009319 0.49053516
-0.61815744 -0.41302543 0.46502591
-0.55183775 -0.41845921 0.42557580
-0.49588588 -0.40157944 0.38649502
-0.45469724 -0.39662135 0.36278303
-0.42704570 -0.37743739 0.34206059
-0.38820198 -0.40956652 0.33668413
-0.35489265 -0.40246983 0.32049399
-0.30646093 -0.39234597 0.29985109
-0.26676240 -0.36240631 0.27758472
-0.19532693 -0.35742155 0.26124833
-0.15174886 -0.34679364 0.25211671
-0.08523925 -0.33361323 0.24410098
-0.05886317 -0.32420969 0.24091444
-0.00313336 -0.32924996 0.24565269
0.02147434 -0.34690477 0.25465337
0.05744040 -0.33251354 0.25364359
0.16127724 -0.36550701 0.28710623
0.19182728 -0.34618696 0.28718658
0.23461129 -0.35161373 0.30215451
0.31693698 -0.37302289 0.34081478
0.41990976 -0.35616250 0.37893388
0.45098367 -0.38942730 0.40954911
0.52653911 -0.36191094 0.43801239
0.60986446 -0.36038630 0.48768274
0.71192819 -0.37355008 0.56250148
0.74250013 -0.38176888 0.58847970
0.83132755 -0.40312341 0.66674015
0.97256439 -0.37402069 0.76866874
1.02249195 -0.39072565 0.82153368
1.10161956 -0.39172011 0.89512540
1.19668989 -0.37823239 0.98591127
1.48855314 -0.37973011 1.36645363
1.78506443 -0.45188037 1.85460869
2.00000000 -0.49713982 2.22364728
-2.00000000 -0.43504855 2.19419261
-1.81088559 -0.39654295 1.87582162
-1.70344633 -0.40735854 1.71405224
-1.54979846 -0.39212001 1.47753347
-1.40914953 -0.37647343 1.27008626
-1.32784342 -0.41221260 1.17490689
-1.26889219 -0.42020417 1.10104546
-1.14900586 -0.40175359 0.94291202
-1.08308211 -0.38093173 0.85659946
-1.02104756 -0.37797756 0.78688305
-0.96875899 -0.40141472 0.74303847
-0.89257972 -0.37275863 0.65695335
-0.83020426 -0.38870029 0.60923381
-0.77003955 -0.35445900 0.54700717
-0.70614562 -0.40243902 0.52010664
-0.65648094 -0.38474381 0.47879288
-0.59296150 -0.38645414 0.43816886
-0.53330903 -0.35540354 0.39045591
-0.50819980 -0.34074273 0.37108384
-0.46539112 -0.32251714 0.34216438
-0.42634854 -0.31712480 0.32126231
-0.39491939 -0.33698677 0.31344723
-0.35228291 -0.34070929 0.29734695
-0.28615574 -0.30492493 0.26385320
-0.24347364 -0.32119371 0.25795920
-0.19052369 -0.29950009 0.24100293
-0.15968526 -0.29623779 0.23588766
-0.08419289 -0.29523220 0.23089319
-0.06806753 -0.26091728 0.21989906
-0.00352738 -0.27653354 0.22719372
0.03362746 -0.27464900 0.22992865
0.06264701 -0.26876049 0.23151269
0.11653704 -0.29956021 0.25131623
0.19172046 -0.30712200 0.27172964
0.23560912 -0.28673300 0.27680651
0.32917622 -0.28306932 0.30869232
0.41487285 -0.29569652 0.35115265
0.44447159 -0.27077276 0.35584614
0.51306490 -0.27767632 0.39473406
0.60993182 -0.29938584 0.46100731
0.71409504 -0.28497550 0.52457640
0.73706193 -0.33128113 0.56075635
0.84868615 -0.30799441 0.63469569
0.95527107 -0.29441566 0.71596682
1.03612300 -0.28329795 0.78130866
1.08123437 -0.29010823 0.82501171
1.27446876 -0.29688841 1.03604997
1.47854389 -0.30830805 1.31743915
1.79586831 -0.37448490 1.83446598
2.00000000 -0.43504855 2.19419261
-2.00000000 -0.34642492 2.15837650
-1.79776134 -0.33708447 1.83228913
-1.72896246 -0.32469979 1.72102381
-1.56506550 -0.31614604 1.47053259
-1.40751397 -0.32395573 1.24707287
-1.33886376 -0.33935020 1.15877479
-1.22845899 -0.32251644 1.00757234
-1.18325673 -0.31003781 0.94627667
-1.07501081 -0.33786578 0.82921746
-1.00017834 -0.33691676 0.74747257
-0.94982666 -0.34046672 0.69780662
-0.90749084 -0.30117156 0.64207562
-0.81612661 -0.31255937 0.56702299
-0.75569570 -0.31489656 0.52129240
-0.71918511 -0.31873903 0.49650419
-0.64544037 -0.31070518 0.44416561
-0.62027229 -0.27434716 0.41637127
-0.55310689 -0.30455672 0.38485186
-0.48519849 -0.26433801 0.33501516
-0.46306518 -0.27415299 0.32635865
-0.43647404 -0.24844693 0.30635232
-0.37152600 -0.23036331 0.27328352
-0.34605751 -0.22858327 0.26299646
-0.29268957 -0.22314135 0.24365395
-0.26044719 -0.21669207 0.23301260
-0.19498751 -0.20336616 0.21558461
-0.13042062 -0.21454076 0.20974067
-0.08235988 -0.21407373 0.20679830
-0.04725283 -0.19074140 0.20038374
-0.00617783 -0.19962982 0.20394361
0.03535344 -0.19601422 0.20602729
0.06971506 -0.20831716 0.21343229
0.14483415 -0.20338353 0.22477971
0.18250488 -0.20947973 0.23527909
0.26832969 -0.23533358 0.26894817
0.31526260 -0.19399320 0.27202065
0.41362631 -0.20449236 0.31718106
0.45442427 -0.24199978 0.35012358
0.51572839 -0.24827195 0.38501603
0.63059779 -0.22566189 0.44583306
0.69757441 -0.21379218 0.48634610
0.75646448 -0.20928810 0.52655093
0.87929615 -0.22686881 0.62660876
0.97155658 -0.23963393 0.70749151
1.03190554 -0.24454746 0.76163920
1.13678229 -0.21760445 0.84863447
1.22423214 -0.22110867 0.94429625
1.35920246 -0.22555738 1.11607973
1.76330540 -0.27700443 1.74334551
2.00000000 -0.34642492 2.15837650
-2.00000000 -0.29999166 2.14263040
-1.85485787 -0.29177595 1.90711048
-1.61807589 -0.29748306 1.54311579
-1.50433277 -0.29552081 1.37469519
-1.43779426 -0.28011890 1.27439025
-1.33845658 -0.27073443 1.13374126
-1.22174610 -0.28817649 0.98645952
-1.15803809 -0.26447590 0.89930356
-1.10287187 -0.27932004 0.83892739
-1.03542427 -0.27507990 0.76168627
-0.97126114 -0.27098482 0.69301583
-0.87300126 -0.26150204 0.59701495
-0.83296609 -0.26672867 0.56468939
-0.77762771 -0.24827039 0.51525878
-0.70726384 -0.25459194 0.46711991
-0.65019103 -0.25722205 0.43026925
-0.60248719 -0.23712614 0.39458053
-0.53456321 -0.23481441 0.35397900
-0.49514797 -0.21915072 0.32851544
-0.46136550 -0.21732116 0.31074657
-0.43110977 -0.21228176 0.29498338
-0.39308927 -0.19315907 0.27380795
-0.35407128 -0.20357772 0.26029923
-0.30609812 -0.20033166 0.24269942
-0.26281364 -0.17203753 0.22407026
-0.20005114 -0.16530486 0.20834825
-0.14786707 -0.17015732 0.20124912
-0.09445443 -0.15934655 0.19421361
-0.04577885 -0.14686205 0.19008340
-0.01510363 -0.16741947 0.19530718
0.02519620 -0.14713311 0.19267413
0.07865726 -0.16438303 0.20243838
0.13766471 -0.14713856 0.20748598
0.21120509 -0.16309977 0.22884144
0.26498688 -0.15910721 0.24373273
0.30899155 -0.16964827 0.26213731
0.39370211 -0.16207686 0.29461097
0.46884626 -0.16820974 0.33280588
0.52781072 -0.18083169 0.36864603
0.62246735 -0.18537810 0.42708490
0.68539681 -0.19083366 0.47035737
0.77107296 -0.17861653 0.52730910
0.85867152 -0.17777091 0.59388381
0.91461389 -0.17597024 0.63827001
1.04929506 -0.16479609 0.74959071
1.14383899 -0.16218664 0.83735116
1.21051584 -0.15590483 0.90704129
1.50318159 -0.20054894 1.31240947
1.67270047 -0.23882902 1.58553263
2.00000000 -0.29999166 2.14263040
-2.00000000 -0.27420768 2.13480098
-1.85934983 -0.26686209 1.90682935
-1.68394140 -0.25764891 1.63078487
-1.51422600 -0.23467490 1.37073508
-1.40628879 -0.23549232 1.21658048
-1.37309363 -0.23973151 1.17163093
-1.23682640 -0.23673334 0.98896253
-1.17991239 -0.25410433 0.92267748
-1.08917097 -0.22068216 0.80412940
-1.03030622 -0.24204025 0.74508573
-0.93732608 -0.22773932 0.64543384
-0.89029298 -0.24228882 0.60615056
-0.83894402 -0.23388590 0.55917508
-0.76344655 -0.23504844 0.50077237
-0.69512536 -0.21517293 0.44774696
-0.66930028 -0.22334756 0.43301666
-0.61680618 -0.21189876 0.39673896
-0.55179815 -0.19608861 0.35421817
-0.49561780 -0.17356077 0.31853910
-0.46262701 -0.17345237 0.30175282
-0.42645407 -0.16054463 0.28204432
-0.38414599 -0.14852458 0.26145715
-0.34621463 -0.14134737 0.24536068
-0.28712076 -0.15719874 0.22821546
-0.25839171 -0.14688596 0.21823336
-0.19831841 -0.13365562 0.20218133
-0.12979171 -0.12771052 0.19088085
-0.08030378 -0.12484309 0.18650169
-0.05860434 -0.13111083 0.18696011
-0.00618436 -0.10368842 0.18183024
0.03661230 -0.12587799 0.18870808
0.07016999 -0.13510951 0.19410452
0.16750075 -0.12799385 0.20872286
0.20374349 -0.12085022 0.21555918
0.25222712 -0.13974862 0.23425438
0.33288195 -0.12454534 0.25839473
0.42159507 -0.14643749 0.30290777
0.46926397 -0.12722306 0.32116287
0.54246702 -0.14650307 0.36666724
0.59259413 -0.15263291 0.39838008
0.66921275 -0.13899729 0.44393461
0.74423297 -0.13028185 0.49394905
0.86309147 -0.13176017 0.58440926
0.92612957 -0.12117520 0.63272979
1.02224202 -0.11570940 0.71291045
1.14797567 -0.14526213 0.83672836
1.29306173 -0.12786043 0.99909818
1.47259008 -0.14815937 1.25222517
1.78538097 -0.21182331 1.75895423
2.00000000 -0.27420768 2.13480098
-2.00000000 -0.19575249 2.11503363
-1.84496707 -0.18995168 1.86517933
-1.70686200 -0.19232556 1.64985138
-1.49333546 -0.20097403 1.33183567
-1.44447456 -0.19640498 1.26046331
-1.35765153 -0.19487806 1.13843156
-1.24353451 -0.17341534 0.98068666
-1.14681574 -0.17495637 0.85967202
-1.08775849 -0.17640393 0.79029135
-1.02739184 -0.17592145 0.72282413
-0.96015741 -0.15942308 0.64891094
-0.87553927 -0.15918988 0.56985079
-0.82322667 -0.15719709 0.52569403
-0.78621115 -0.15944600 0.49762824
-0.69682024 -0.16076932 0.43551623
-0.66425849 -0.13607581 0.40925617
-0.61492596 -0.15017012 0.38141999
-0.55323150 -0.14980249 0.34513771
-0.49804013 -0.11027459 0.30834586
-0.48027169 -0.11129071 0.29946792
-0.44086126 -0.11851153 0.28150552
-0.38310882 -0.09334353 0.25265723
-0.35345507 -0.08624678 0.24012178
-0.28906823 -0.09605961 0.21930672
-0.26295992 -0.08842829 0.21072812
-0.22480000 -0.09938019 0.20249150
-0.15495996 -0.09411975 0.18863116
-0.08487193 -0.07616361 0.17863505
-0.05927980 -0.05174185 0.17388405
-0.01520524 -0.08249673 0.17783022
0.04720413 -0.05567068 0.17607523
0.08815049 -0.06891412 0.18231145
0.13553157 -0.05275462 0.18620539
0.19620248 -0.05281595 0.19854920
0.27456474 -0.06057080 0.22217073
0.31531481 -0.08803517 0.24249710
0.42578138 -0.08295333 0.28824284
0.47311420 -0.09197088 0.31407540
0.50135221 -0.07870630 0.32601722
0.59970235 -0.07134731 0.38217103
0.69943712 -0.10118410 0.45495547
0.78429617 -0.08550169 0.51284013
0.87804240 -0.06620981 0.58196499
0.93366747 -0.09823184 0.63372750
1.02748532 -0.06254597 0.70690203
1.11429519 -0.07425199 0.78749278
1.29771296 -0.06184799 0.99187076
1.52278737 -0.10817229 1.31827302
1.80162474 -0.15709231 1.77255345
2.00000000 -0.19575249 2.11503363
-2.00000000 -0.16699326 2.10932032
-1.79599064 -0.15437390 1.78128252
-1.61731972 -0.14458255 1.50423823
-1.53383712 -0.14862934 1.38029566
-1.44674407 -0.14501547 1.25298613
-1.37625149 -0.13153130 1.15091126
-1.27890526 -0.14337340 1.02055286
-1.17744672 -0.13016530 0.88724890
-1.10817209 -0.13816497 0.80501504
-1.00962048 -0.12465181 0.69175505
-0.95099451 -0.11722420 0.63033146
-0.88122831 -0.13511095 0.56925659
-0.84992165 -0.13044461 0.54142740
-0.79222488 -0.12793229 0.49520256
-0.73335747 -0.12051787 0.45157971
-0.67219631 -0.11467262 0.41022274
-0.64371385 -0.11261816 0.39191822
-0.56038116 -0.08599047 0.33828786
-0.50379404 -0.09708677 0.30933259
-0.46528795 -0.08785694 0.28871341
-0.43368643 -0.06303805 0.27087175
-0.40856221 -0.06746464 0.26024371
-0.35993308 -0.07072137 0.24079319
-0.30429806 -0.04949777 0.21899894
-0.24160088 -0.04338387 0.20026914
-0.19661886 -0.05530483 0.19109574
-0.12702223 -0.03730168 0.17791329
-0.07776440 -0.02021317 0.17140616
-0.05154245 -0.02240350 0.17011972
0.00350782 -0.03384689 0.17086340
0.04051427 -0.01880025 0.17032949
0.10610301 -0.01847362 0.17626017
0.17142671 -0.01527334 0.18654280
0.21356621 -0.04067890 0.20051875
0.27033333 -0.02779881 0.21436453
0.31357552 -0.02815284 0.22915166
0.40230029 -0.02224974 0.26449788
0.44990071 -0.02480106 0.28780600
0.54065502 -0.03286405 0.33866703
0.62050174 -0.05448101 0.39190175
0.67708041 -0.04932985 0.42856376
0.75955218 -0.04545104 0.48671085
0.84574229 -0.03654206 0.55127709
0.96577433 -0.03368952 0.64942833
1.02235824 -0.03245157 0.69805071
1.14398111 -0.03717298 0.81114230
1.20162205 -0.02586804 0.87132907
1.47408581 -0.04641362 1.23548498
1.77899618 -0.10485576 1.72567910
2.00000000 -0.16699326 2.10932032
-2.00000000 -0.11059134 2.10048714
-1.82087327 -0.12661872 1.81613679
-1.69795428 -0.10044393 1.62107733
-1.56142793 -0.12138045 1.41679437
-1.44778275 -0.10949302 1.24869505
-1.33991662 -0.10258414 1.09588069
-1.27855114 -0.07178809 1.00836011
-1.18086368 -0.09451899 0.88501753
-1.10861523 -0.08049177 0.79467399
-1.03597044 -0.08994861 0.71341633
-0.96612347 -0.08512384 0.63916985
-0.91110287 -0.05475036 0.58119175
-0.83697036 -0.06626062 0.51883165
-0.80052198 -0.06862659 0.49067315
-0.73938198 -0.05746020 0.44511590
-0.68728495 -0.06591036 0.41190505
-0.63530883 -0.04567851 0.37668294
-0.55164081 -0.03069025 0.32667742
-0.51471658 -0.02758321 0.30673649
-0.46858374 -0.02920716 0.28386664
-0.44554199 -0.03206419 0.27327637
-0.38198066 -0.00436823 0.24396921
-0.33717381 -0.01885342 0.22785100
-0.30802119 -0.00310208 0.21694844
-0.23912226 0.00200222 0.19655505
-0.20308422 -0.00492914 0.18839986
-0.11699004 0.01760266 0.17251711
-0.07985124 0.00930898 0.16916431
-0.03289893 0.02744161 0.16525261
0.00673724 0.03140972 0.16441280
0.04267895 0.00802083 0.16739265
0.09721736 0.00804403 0.17176066
0.13469700 0.00170140 0.17753566
0.22282773 0.00891345 0.19473397
0.25838535 0.02537391 0.20231820
0.33744155 0.03204016 0.22845958
0.40060344 0.01184929 0.25797138
0.45254510 0.00555035 0.28394049
0.50513538 0.01953207 0.30983148
0.60354119 0.01227461 0.36983335
0.66988781 0.00372134 0.41507863
0.73392347 0.02001136 0.45863709
0.82386942 0.00707936 0.52841495
0.95003237 0.02470543 0.63024971
1.00172417 0.00579292 0.67612214
1.11953923 0.01652111 0.78219624
1.24821867 0.02983508 0.92188082
1.47734395 -0.00277713 1.23639093
1.75929175 -0.07088536 1.68852556
2.00000000 -0.11059134 2.10048714
-2.00000000 -0.04140845 2.09386028
-1.82844804 -0.03754156 1.81953766
-1.62417361 -0.04933278 1.50352690
-1.50488561 -0.05443041 1.32553292
-1.44421489 -0.02160081 1.23484626
-1.38064263 -0.02565334 1.14429617
-1.22853555 -0.01963619 0.93675153
-1.19865440 -0.04075214 0.90017917
-1.08375890 -0.01934350 0.75739318
-1.05192671 -0.02082882 0.72115446
-0.95309484 -0.01263750 0.61571750
-0.89614723 -0.03022800 0.56414707
-0.84223578 -0.02202947 0.51696084
-0.79406687 -0.01821398 0.47901751
-0.72118288 -0.00748057 0.42688324
-0.68523864 0.00562255 0.40236400
-0.64279328 -0.00348885 0.37675747
-0.55711918 0.02629023 0.32530056
-0.51786894 0.01678265 0.30510080
-0.49129075 0.03194647 0.29105262
-0.44398004 0.01360534 0.26952432
-0.41515517 0.04574766 0.25583752
-0.35746291 0.04114850 0.23287630
-0.29784957 0.05108087 0.21219586
-0.25105768 0.04398549 0.19848193
-0.19490395 0.05004742 0.18482043
-0.13885775 0.07771389 0.17442548
-0.08535606 0.05196918 0.16770410
-0.04355979 0.07716510 0.16401744
0.02663586 0.06789218 0.16273540
0.05018716 0.08088119 0.16296476
0.11283472 0.07545407 0.16782800
0.16086134 0.08403005 0.17405375
0.21736777 0.08507511 0.18541133
0.28204714 0.08438806 0.20339378
0.36853942 0.06477405 0.23712633
0.42418841 0.08161115 0.26059038
0.45829058 0.06744727 0.27890863
0.51473535 0.04950518 0.31143712
0.62535682 0.07085579 0.37777256
0.68639733 0.04830371 0.42158194
0.78535198 0.07633070 0.49317001
0.85976228 0.06014535 0.55310170
0.91523406 0.07410104 0.59868315
0.99819570 0.06643406 0.67034730
1.13152961 0.07413794 0.79313174
1.26714559 0.06645353 0.94482835
1.50651724 0.02526890 1.27901821
1.72332156 0.00182286 1.62356316
2.00000000 -0.04140845 2.09386028
-2.00000000 0.00234767 2.09197975
-1.89687675 -0.00307900 1.92679834
-1.62294901 0.01434487 1.49934783
-1.54799479 0.00718311 1.38641953
-1.42897520 -0.00057637 1.21190844
-1.32997150 0.00800793 1.07166744
-1.23576035 0.02127159 0.94365425
-1.17250832 0.02016557 0.86200578
-1.09479844 0.02249872 0.76677024
-1.06134138 0.01920039 0.72813639
-0.96554146 0.01557793 0.62532895
-0.92690928 0.03485562 0.58602623
-0.85955359 0.03068293 0.52613740
-0.79764308 0.02830812 0.47732294
-0.76270125 0.04001447 0.45129306
-0.68599503 0.04831580 0.39994078
-0.66427816 0.04083707 0.38673947
-0.57357373 0.05975541 0.33292428
-0.52579107 0.05087551 0.30774409
-0.49067581 0.05739628 0.29003488
-0.44798462 0.06887658 0.26996851
-0.41547983 0.08325358 0.25593660
-0.36282841 0.07146090 0.23481673
-0.28865060 0.08120442 0.20962239
-0.24104212 0.08994871 0.19629712
-0.21418583 0.10293242 0.19007633
-0.15135685 0.09484605 0.17685444
-0.06988018 0.09917656 0.16613778
-0.04066473 0.10100671 0.16393586
0.02823572 0.11184276 0.16221394
0.07011382 0.11773072 0.16346325
0.11640974 0.10618295 0.16715850
0.16065916 0.10720429 0.17307167
0.21240630 0.10547800 0.18316925
0.28509197 0.11402143 0.20255253
0.37249639 0.10901557 0.23519558
0.43760805 0.10320918 0.26548346
0.47397212 0.11365444 0.28356416
0.56332439 0.09993822 0.33590886
0.62261446 0.09629185 0.37424137
0.70339021 0.10483374 0.43030016
0.78785237 0.10034039 0.49433146
0.84790913 0.10420534 0.54234923
0.95605141 0.10724473 0.63374671
1.02287798 0.10128429 0.69265795
1.08845868 0.11147696 0.75299961
1.21730230 0.11068279 0.88694966
1.43630787 0.08769082 1.17505010
1.62767671 0.07598439 1.46813425
2.00000000 0.00234767 2.09197975
-2.00000000 0.03194375 2.09168014
-1.79738033 0.02734850 1.76922475
-1.65959162 0.04393663 1.55556225
-1.55913398 0.03124036 1.40295648
-1.45457711 0.03233149 1.24835856
-1.38130607 0.03617008 1.14297564
-1.28797113 0.03286903 1.01322576
-1.19014608 0.04854126 0.88334784
-1.08710696 0.04322786 0.75654902
-1.03631784 0.06009749 0.69765079
-0.99066056 0.05343054 0.64856948
-0.93349684 0.04456618 0.59166304
-0.87120998 0.05180015 0.53463741
-0.79338426 0.06517679 0.47202366
-0.75607997 0.07869452 0.44494403
-0.69749011 0.06718926 0.40645446
-0.65092443 0.07627091 0.37717885
-0.60741841 0.08555153 0.35140919
-0.54768086 0.08267399 0.31861692
-0.49148291 0.08730044 0.29028177
-0.44395024 0.10450243 0.26867263
-0.41504736 0.09362004 0.25595817
-0.33985098 0.10459814 0.22731000
-0.29726132 0.11329697 0.21351215
-0.24562087 0.11839278 0.19877973
-0.21024153 0.12111079 0.19007888
-0.12866131 0.11878397 0.17408542
-0.08345787 0.13627281 0.16905636
-0.01199411 0.14105355 0.16386783
0.00387258 0.12500780 0.16267772
0.07284173 0.13196767 0.16382526
0.11238904 0.14359959 0.16693404
0.16539019 0.13195989 0.17348561
0.21110558 0.13511450 0.18215036
0.28096256 0.14275794 0.20043650
0.32503470 0.14406923 0.21517359
0.41370606 0.12543392 0.25272696
0.45821549 0.12866319 0.27455923
0.55198049 0.12301869 0.32777565
0.61072980 0.13599917 0.36477917
0.71451951 0.13026119 0.43790353
0.77745986 0.12706499 0.48589472
0.87390556 0.13248873 0.56413004
0.97471918 0.12781695 0.65080268
0.99886683 0.12874054 0.67230651
1.13114492 0.14513593 0.79685802
1.23386673 0.14188680 0.90875756
1.47190498 0.11080051 1.22867119
1.79360145 0.07580280 1.74004371
2.00000000 0.03194375 2.09168014
-2.00000000 0.07364342 2.09253071
-1.89773031 0.06760435 1.92880266
-1.73509152 0.06299133 1.67276490
-1.50113377 0.06299280 1.31713560
-1.44023621 0.06747300 1.22796475
-1.34066390 0.09285388 1.08654239
-1.26243579 0.07886386 0.97844586
-1.20336950 0.09821866 0.90042999
-1.10940515 0.09031193 0.78204708
-1.02628844 0.07838443 0.68597389
-0.98340176 0.08993065 0.63975718
-0.91790837 0.10721332 0.57474290
-0.84750361 0.09506036 0.51314889
-0.81315957 0.09426988 0.48599609
-0.74338811 0.12254370 0.43589855
-0.69240060 0.11922386 0.40256016
-0.64638373 0.11201466 0.37416556
-0.61026212 0.11856090 0.35315600
-0.55156634 0.12291883 0.32116763
-0.48332342 0.13488546 0.28780253
-0.46312501 0.12131302 0.27785493
-0.41060453 0.13455996 0.25585384
-0.36267938 0.15039055 0.23835248
-0.31231817 0.15910041 0.22167739
-0.25884921 0.15396342 0.20505269
-0.18710663 0.15668326 0.18763731
-0.14835000 0.15859614 0.18023470
-0.06131751 0.15043273 0.16776359
-0.02311914 0.15534872 0.16531259
0.02038921 0.16156404 0.16429549
0.06028884 0.15967910 0.16449823
0.12455413 0.17748049 0.16971927
0.19419450 0.17858176 0.17967986
0.23129947 0.16742059 0.18708954
0.27604585 0.16827012 0.19904599
0.34745894 0.15786832 0.22344163
0.43607603 0.15895973 0.26257200
0.47866813 0.17177142 0.28451265
0.51570955 0.16459208 0.30523002
0.61083197 0.16527683 0.36452516
0.68855668 0.15517916 0.41873318
0.77915966 0.16748063 0.48778174
0.83956428 0.17918521 0.53721104
0.97138383 0.18099367 0.65120367
1.02119111 0.16475339 0.69488198
1.11884197 0.17622828 0.78776533
1.28445807 0.16775205 0.97336917
1.46400337 0.15037687 1.22002650
1.79802051 0.11653075 1.74952796
2.00000000 0.07364342 2.09253071
-2.00000000 0.12875878 2.09598033
-1.90265565 0.11823800 1.93973984
-1.65297977 0.11558608 1.54924762
-1.51427049 0.13076073 1.34080584
-1.44593354 0.14085873 1.24089030
-1.35434390 0.13753229 1.10863740
-1.26701795 0.13869846 0.98734325
-1.19862324 0.13879009 0.89605072
-1.11198885 0.14515745 0.78679922
-1.03632298 0.12127234 0.69707011
-0.98992283 0.12601728 0.64663686
-0.91023896 0.12585186 0.56768895
-0.87220490 0.13925158 0.53404850
-0.82396093 0.15161709 0.49497608
-0.77069921 0.15845040 0.45587222
-0.70382688 0.14317616 0.41040029
-0.66087680 0.16344172 0.38466051
-0.57682830 0.15718469 0.33618495
-0.54712626 0.15524629 0.32038983
-0.50604121 0.16718571 0.30078870
-0.45813999 0.16285226 0.27822147
-0.42356411 0.16977879 0.26398311
-0.37541607 0.18126440 0.24616726
-0.31379779 0.17439504 0.22376116
-0.25611338 0.18762590 0.20807496
-0.20196131 0.19252110 0.19510322
-0.13268520 0.18816257 0.18085627
-0.07211507 0.19372849 0.17326910
-0.03043990 0.19010954 0.16910555
0.02845695 0.20068810 0.16804514
0.07551541 0.20745277 0.16944302
0.11384438 0.20985467 0.17190711
0.17404534 0.20907308 0.17872574
0.25948702 0.21324153 0.19692220
0.27961138 0.19148539 0.20094126
0.36208205 0.19115854 0.22973776
0.44708318 0.19877622 0.26856351
0.50077264 0.19215542 0.29698240
0.56603886 0.20172845 0.33618968
0.63778490 0.20619079 0.38382897
0.69123136 0.19400735 0.42147181
0.78450197 0.20968134 0.49408185
0.84000555 0.20715899 0.53935700
0.94937637 0.21220784 0.63444595
1.02523692 0.21297606 0.70355001
1.16327038 0.21514303 0.83825410
1.27562429 0.21928261 0.96891579
1.52596424 0.18397904 1.31702203
1.69616115 0.17084646 1.58570865
2.00000000 0.12875878 2.09598033
-2.00000000 0.16234281 2.09951632
-1.83365805 0.17011204 1.83643868
-1.71449290 0.15661728 1.64846114
-1.54082757 0.17254539 1.38539889
-1.45197984 0.15225898 1.25094935
-1.34559626 0.17149845 1.09979454
-1.24575848 0.16425401 0.96080879
-1.18785215 0.15707695 0.88339785
-1.11619834 0.17643782 0.79442913
-1.05729702 0.18646834 0.72500368
-0.97658010 0.17078732 0.63476765
-0.93918860 0.17327013 0.59726976
-0.86111622 0.18246001 0.52703865
-0.82001496 0.17524682 0.49331091
-0.75837961 0.18070631 0.44881977
-0.69979983 0.19172270 0.41113455
-0.66110593 0.17977696 0.38603164
-0.62112841 0.20061522 0.36472334
-0.55372331 0.18743923 0.32657044
-0.51535697 0.19923480 0.30872689
-0.46847682 0.19931730 0.28683453
-0.39221880 0.20386381 0.25560151
-0.36104830 0.20676502 0.24436703
-0.32155833 0.20633650 0.23063873
-0.25977890 0.20991078 0.21243629
-0.19302951 0.21477249 0.19660314
-0.11212362 0.22178587 0.18286681
-0.05792498 0.22846057 0.17735104
-0.02109647 0.22505595 0.17368839
0.05418311 0.23390235 0.17313629
0.08439072 0.23450997 0.17395183
0.14306982 0.22557804 0.17680420
0.18821071 0.22341552 0.18273422
0.26448555 0.23994718 0.20149440
0.30310678 0.22279672 0.21061029
0.37978699 0.24159068 0.24097684
0.46655632 0.24308351 0.28185500
0.50013407 0.22339532 0.29817608
0.53832933 0.22480049 0.32046098
0.63322730 0.24123285 0.38326673
0.72651271 0.22956845 0.45018559
0.80702749 0.23937577 0.51507136
0.87573945 0.24005917 0.57298640
0.96877853 0.23313622 0.65441484
1.06343394 0.23319896 0.74213341
1.13273022 0.24803586 0.81208213
1.21320936 0.23373481 0.89630416
1.44931259 0.23113052 1.20869508
1.74826276 0.21425519 1.67765196
2.00000000 0.16234281 2.09951632
-2.00000000 0.21948126 2.10827132
-1.82450339 0.23172722 1.83263399
-1.62050325 0.20569917 1.51132619
-1.49677098 0.20549679 1.32467938
-1.45978986 0.22707150 1.27385930
-1.37600788 0.23270502 1.15291127
-1.25089119 0.22090326 0.97546063
-1.18632657 0.20213257 0.88647285
-1.11406170 0.22557169 0.79818672
-1.07374125 0.22611231 0.74949094
-0.97974871 0.24316563 0.64714657
-0.93685075 0.24369538 0.60383284
-0.88394785 0.22097423 0.55107411
-0.83397394 0.22635769 0.51003750
-0.76157709 0.22058490 0.45559860
-0.70695787 0.21845371 0.41899225
-0.65093386 0.23511195 0.38716810
-0.61487480 0.22250070 0.36423449
-0.55192487 0.25546977 0.33678333
-0.50573075 0.25250388 0.31344684
-0.44549641 0.24795977 0.28538630
-0.39772486 0.23069969 0.26233853
-0.36519538 0.25725927 0.25595680
-0.31010898 0.23851684 0.23290841
-0.25804138 0.26221815 0.22307975
-0.18100662 0.25061576 0.20140709
-0.13220495 0.25482380 0.19314344
-0.05161273 0.27535792 0.18778777
0.00758182 0.26215926 0.18007895
0.05251798 0.27410592 0.18224421
0.07924496 0.27030814 0.18160639
0.14271384 0.25871647 0.18286761
0.20798748 0.25443118 0.19130052
0.25769645 0.26009954 0.20321568
0.29135679 0.27309368 0.21501360
0.39927875 0.27481904 0.25455674
0.44550408 0.28537264 0.27800837
0.49692955 0.28124164 0.30390405
0.57833298 0.27974845 0.35203751
0.67867378 0.28728746 0.42212555
0.75093674 0.29261871 0.47799614
0.78732297 0.28399919 0.50547719
0.90599985 0.28720326 0.60700156
0.98914581 0.29193718 0.68338477
1.07132242 0.28160253 0.75869234
1.16943181 0.30168156 0.86201786
1.29132476 0.29846151 1.00442605
1.42910097 0.27757501 1.18824589
1.81156187 0.25704340 1.79193950
2.00000000 0.21948126 2.10827132
-2.00000000 0.28874415 2.12384133
-1.85676519 0.27908278 1.89434496
-1.72237138 0.27524422 1.68321275
-1.50876358 0.26977156 1.35598033
-1.44093515 0.28080733 1.25818603
-1.36452277 0.27700597 1.14623284
-1.27076126 0.28696228 1.01673064
-1.18033618 0.28233831 0.89402304
-1.10310966 0.27878163 0.79531797
-1.06941588 0.25914226 0.75041423
-1.00776227 0.28556327 0.68615822
-0.92876228 0.26368355 0.59991981
-0.88682023 0.27577132 0.56394491
-0.83909781 0.26548131 0.52142387
-0.78204186 0.26655558 0.47853604
-0.70971339 0.27417579 0.43158810
-0.66323906 0.27560025 0.40318390
-0.61433060 0.28545660 0.37754738
-0.54279371 0.27052167 0.33578336
-0.50619153 0.27745029 0.31984863
-0.47479959 0.27825873 0.30569341
-0.40329705 0.28965507 0.27920319
-0.35060979 0.29180298 0.26048270
-0.31880965 0.29670731 0.25141929
-0.24914767 0.28726883 0.22785523
-0.18881620 0.29841016 0.21684520
-0.07931246 0.30171797 0.19916116
-0.05375043 0.30692157 0.19806882
0.01621774 0.30383523 0.19205562
0.05417189 0.30429294 0.19145259
0.10824879 0.30680474 0.19367108
0.16170259 0.30176317 0.19650454
0.22101258 0.30169425 0.20555298
0.25436683 0.29856058 0.21172667
0.32178642 0.30634523 0.23284082
0.39086431 0.30102738 0.25694675
0.45913343 0.30552822 0.28943698
0.52443811 0.31119613 0.32606509
0.55600202 0.31909337 0.34683149
0.68318075 0.30611859 0.42928714
0.74069741 0.30954873 0.47358022
0.79373480 0.31358697 0.51690832
0.92704655 0.31426321 0.63182017
0.97355774 0.32419706 0.67680772
1.03579224 0.33563372 0.73850748
1.17773489 0.32420178 0.87706231
1.26929837 0.34838383 0.99083495
1.40064482 0.32270087 1.15877671
1.73423414 0.31498583 1.67710969
2.00000000 0.28874415 2.12384133
-2.00000000 0.30710337 2.12891619
-1.87655146 0.32821364 1.93958968
-1.68436488 0.30116483 1.63139111
-1.51335928 0.31675025 1.37565179
-1.42610148 0.29835823 1.24108822
-1.33910572 0.32505852 1.12319435
-1.29630335 0.31009465 1.05843250
-1.17245998 0.32117452 0.89428356
-1.10893143 0.31942072 0.81327817
-1.06722673 0.31124438 0.76060646
-1.02064365 0.30622793 0.70578083
-0.93893424 0.30790485 0.62079526
-0.88589534 0.29941151 0.56918522
-0.84140183 0.31877686 0.53760937
-0.75829536 0.31364211 0.47479513
-0.73814603 0.30686159 0.45913830
-0.66620566 0.31189491 0.41544179
-0.62364860 0.30385817 0.38819641
-0.53737294 0.32082962 0.34849790
-0.51080354 0.31263891 0.33286101
-0.46998679 0.31945189 0.31673896
-0.39277059 0.30497581 0.28012115
-0.33859012 0.30533528 0.26084431
-0.28418626 0.32370000 0.25042285
-0.25539036 0.32595761 0.24318634
-0.18570457 0.31130617 0.22070106
-0.10571357 0.32336367 0.21071625
-0.05688772 0.31965380 0.20307639
0.00234741 0.32970473 0.20230195
0.05456256 0.32748937 0.19994414
0.10276647 0.32458619 0.19980813
0.16891573 0.32053465 0.20374833
0.22511647 0.32272345 0.21329954
0.26437100 0.34107865 0.22860713
0.34685774 0.32959258 0.24868389
0.39554746 0.33328506 0.26857202
0.45772218 0.33942786 0.29880443
0.51385451 0.34815756 0.33119076
0.61680923 0.35011069 0.39490736
0.69894880 0.33777925 0.44909533
0.76554933 0.33705305 0.50025777
0.82116726 0.34595813 0.54834590
0.87700560 0.34081439 0.59458527
0.98029762 0.35208914 0.69123783
1.04816631 0.35417230 0.75613314
1.14852839 0.37046129 0.86106640
1.30043753 0.37062084 1.03771573
1.46303937 0.36950335 1.26458226
1.73924973 0.34360202 1.69430625
2.00000000 0.30710337 2.12891619
-2.00000000 0.38000013 2.15305350
-1.80627473 0.35529457 1.83807417
-1.62493862 0.35351673 1.55646929
-1.50058317 0.35722937 1.36959259
-1.43184680 0.35584351 1.26729831
-1.36879555 0.37081667 1.18090461
-1.26587530 0.35017912 1.02866471
-1.18436499 0.38523897 0.93164901
-1.12137580 0.34989304 0.83835824
-1.07827891 0.36304633 0.79043435
-0.99223250 0.36288609 0.69325965
-0.94200298 0.34190799 0.63452323
-0.87094714 0.37332421 0.58181233
-0.84567769 0.36285594 0.55684510
-0.77796073 0.34374312 0.49883032
-0.72671741 0.35030033 0.46690255
-0.66983280 0.33426382 0.42538015
-0.62732626 0.34438204 0.40462131
-0.56824873 0.36402574 0.38121075
-0.52209514 0.34646870 0.35098567
-0.47615084 0.34121025 0.32780458
-0.42690220 0.34919423 0.31041112
-0.36351812 0.34002165 0.28262829
-0.28066397 0.35762464 0.26368972
-0.23815556 0.34449451 0.24629389
-0.18566391 0.35970287 0.24077683
-0.09860311 0.36287399 0.22674410
-0.03562957 0.35776965 0.21709657
0.01846045 0.36391104 0.21650363
0.05909128 0.36774241 0.21748383
0.11839677 0.37920614 0.22468322
0.17498896 0.37870608 0.22940498
0.22259835 0.37657480 0.23544805
0.27448526 0.37541394 0.24584453
0.32055106 0.38371336 0.26237069
0.40844391 0.36993461 0.28797598
0.48093736 0.39233835 0.33146985
0.53613129 0.37432949 0.35359294
0.59079914 0.36790980 0.38423768
0.68924029 0.37961133 0.45605611
0.77844529 0.38583687 0.52694656
0.84920661 0.38001713 0.58348129
0.88642642 0.38218932 0.61654964
0.98417735 0.41470274 0.71819946
1.08637750 0.41760829 0.81744891
1.15315696 0.43065707 0.89031586
1.32262852 0.40808371 1.08098310
1.40555804 0.43036460 1.20487448
1.66689657 0.38955870 1.59154901
2.00000000 0.38000013 2.15305350
-2.00000000 0.43126753 2.17382513
-1.89565172 0.43723788 2.01087850
-1.65587009 0.43682931 1.63633944
-1.52771506 0.42750676 1.43731561
-1.46174536 0.41219593 1.33252914
-1.34589813 0.42954678 1.17131367
-1.25386466 0.41647937 1.03720837
-1.21229530 0.41173073 0.97913504
-1.12968071 0.40413354 0.86916218
-1.05723666 0.40388984 0.78177344
-1.01677617 0.39452355 0.73224069
-0.93661232 0.39136979 0.64846009
-0.90362594 0.39061198 0.61754544
-0.82160356 0.39607385 0.55252002
-0.80010865 0.40366370 0.54029161
-0.73175446 0.39446993 0.48941819
-0.66328213 0.39459528 0.44738537
-0.60358077 0.38057321 0.40722400
-0.54166122 0.38355460 0.37696410
-0.50523663 0.38255551 0.35927223
-0.44946160 0.37992831 0.33363104
-0.41703645 0.38745337 0.32426792
-0.34446334 0.38600072 0.29720809
-0.30808890 0.39995912 0.29274676
-0.24230559 0.40033167 0.27441768
-0.15927093 0.39722066 0.25415612
-0.08827738 0.39310961 0.24044146
-0.01865256 0.39512805 0.23429314
0.03505874 0.40788575 0.23854249
0.06131272 0.39567914 0.23158888
0.10982251 0.39115449 0.23032263
0.18879041 0.40292250 0.24360413
0.21412721 0.41246426 0.25254228
0.29428245 0.41391073 0.27035066
0.36091176 0.40248732 0.28481016
0.40275265 0.41264646 0.30580179
0.48175044 0.41826889 0.34441797
0.55300608 0.41994567 0.38392017
0.60901499 0.42076728 0.41872368
0.66720824 0.42769250 0.46125180
0.76923324 0.42229620 0.53499417
0.82004828 0.43784186 0.58349273
0.93059303 0.42915443 0.67533273
1.00530333 0.44150630 0.75010046
1.09344885 0.44144657 0.83518568
1.16414551 0.46066308 0.91604518
1.33539861 0.46303320 1.12274703
1.47588865 0.45001079 1.31714308
1.65717523 0.44552538 1.59971995
2.00000000 0.43126753 2.17382513
-2.00000000 0.46260651 2.18803397
-1.84886618 0.45580741 1.94542592
-1.70954962 0.48066001 1.73934230
-1.55679685 0.46002844 1.49552487
-1.43461604 0.44612248 1.30700269
-1.39257650 0.46925316 1.25630158
-1.26369151 0.45522502 1.06778562
-1.21333598 0.43993014 0.99275749
-1.13800029 0.45963933 0.90462437
-1.08459276 0.44137326 0.83068122
-1.01805524 0.44878282 0.75854494
-0.94555299 0.44518840 0.68247114
-0.89041370 0.43237797 0.62568693
-0.84664737 0.44429727 0.59600825
-0.78695334 0.41562161 0.53686150
-0.72189234 0.42744934 0.49983859
-0.69149770 0.42560277 0.48005296
-0.61729257 0.43233153 0.44120866
-0.55668182 0.40926910 0.39728526
-0.51931018 0.40788531 0.37857468
-0.44553761 0.42021678 0.35294089
-0.40100778 0.41555631 0.33289184
-0.37194105 0.41889794 0.32413562
-0.31014914 0.41494463 0.30150831
-0.25034539 0.43014611 0.29313517
-0.19131229 0.41133279 0.26835887
-0.07102706 0.42328630 0.25493845
-0.03098496 0.42528575 0.25203462
0.02582376 0.42168642 0.24659120
0.09101597 0.42425558 0.24783165
0.13167889 0.43104288 0.25370656
0.18424759 0.42794914 0.25698250
0.26364114 0.42843839 0.27102335
0.30516262 0.44577072 0.29137449
0.34981304 0.44815499 0.30618201
0.41165129 0.44912231 0.32947863
0.49182067 0.44135138 0.36174632
0.56060845 0.45556602 0.40721667
0.64796516 0.46451282 0.46727570
0.73352282 0.46697497 0.52984925
0.75701978 0.44893822 0.53832587
0.81505642 0.45604165 0.58842544
0.90414915 0.45758867 0.66534613
0.98848806 0.46693858 0.74684640
1.06794227 0.48941455 0.83450779
1.18387977 0.49409043 0.95445023
1.25865707 0.49668947 1.04176729
1.43762406 0.49476953 1.28293154
1.64463259 0.50288595 1.60840566
2.00000000 0.46260651 2.18803397
-2.00000000 0.52801388 2.22125216
-1.83452235 0.51449754 1.95160819
-1.70979882 0.52076072 1.75987472
-1.50935771 0.50259279 1.44463726
-1.45816345 0.51153249 1.37308620
-1.39077931 0.50765458 1.27263538
-1.29728096 0.51632836 1.14458607
-1.23057673 0.50913898 1.04984842
-1.13784638 0.49234862 0.92107615
-1.09911104 0.50949254 0.88323240
-1.02705509 0.48639611 0.78810224
-0.96687569 0.47263087 0.71787494
-0.91167915 0.48431475 0.67271935
-0.83625696 0.47791530 0.60713221
-0.77994465 0.46815097 0.56091377
-0.74048023 0.46611888 0.53358402
-0.69580010 0.46851521 0.50717356
-0.63479473 0.45875982 0.46604026
-0.54409512 0.45471149 0.41670713
-0.51428805 0.44735519 0.39831277
-0.44687416 0.46062866 0.37708659
-0.39644771 0.45063615 0.35141077
-0.35059611 0.44606135 0.33247087
-0.27956524 0.45999816 0.31899507
-0.22127443 0.45244902 0.29918478
-0.19275962 0.45940319 0.29700583
-0.06606532 0.45069124 0.27067990
-0.02528024 0.46996725 0.27881472
0.02685214 0.45345061 0.26551999
0.07775565 0.46384860 0.27153042
0.11396407 0.46758995 0.27504234
0.16529863 0.46744933 0.27883745
0.27165961 0.46904070 0.29728234
0.29815831 0.47359018 0.30661049
0.36905048 0.48156494 0.33319881
0.42338661 0.47990908 0.35290177
0.53262880 0.49193249 0.41299067
0.57796424 0.48847208 0.43674118
0.62805583 0.48628685 0.46666256
0.73683323 0.51299970 0.55912709
0.77443364 0.49576621 0.57761852
0.83074939 0.51661149 0.63538829
0.91889292 0.52141275 0.71382636
1.02820901 0.51840023 0.81261665
1.08891373 0.53291254 0.87984607
1.18468369 0.55310217 0.98952163
1.34776130 0.56236620 1.19505720
1.50556590 0.55436872 1.41907902
1.74604803 0.53277697 1.79167467
2.00000000 0.52801388 2.22125216
-2.00000000 0.56798740 2.24382338
-1.89352232 0.55476187 2.06664650
-1.70975525 0.57668091 1.79055803
-1.54820252 0.56158846 1.53442509
-1.44804078 0.56735630 1.38845932
-1.40410812 0.54667096 1.31273355
-1.29043925 0.56221193 1.16065810
-1.23612313 0.55682025 1.08390005
-1.13815172 0.55819438 0.95899275
-1.09867592 0.57136319 0.91979459
-1.03224687 0.54567980 0.82870242
-0.98858707 0.55680312 0.79041648
-0.89850197 0.53100329 0.69023194
-0.85141773 0.51823194 0.64383592
-0.81124952 0.52024780 0.61540687
-0.75699738 0.51880371 0.57755502
-0.68812560 0.52258442 0.53727073
-0.61446128 0.49481895 0.47742765
-0.57278211 0.50087254 0.45980552
-0.52841324 0.48679020 0.42917193
-0.45885643 0.52098167 0.42116953
-0.40915292 0.50785006 0.39261758
-0.33639262 0.50049539 0.36220247
-0.29599153 0.51352057 0.35846161
-0.24172502 0.50287797 0.33650766
-0.18886085 0.50031694 0.32253321
-0.10745427 0.49876573 0.30688567
-0.01170611 0.50764946 0.30258262
0.04135498 0.49167840 0.28962736
0.07578928 0.51775109 0.30706575
0.14543627 0.50829887 0.30386215
0.17740521 0.49938623 0.30100251
0.25448137 0.50572696 0.31753983
0.32782579 0.50430350 0.33481843
0.35548127 0.53232851 0.36245820
0.47228875 0.54255442 0.41588123
0.50029917 0.53509909 0.42431025
0.56016914 0.54489403 0.46299452
0.62365075 0.55586438 0.50867902
0.69213555 0.53073252 0.53780444
0.79957603 0.54021344 0.62481971
0.82781399 0.56793297 0.66582161
0.92537788 0.55007666 0.73733381
1.00044909 0.57305730 0.82045129
1.10146085 0.59420047 0.93103869
1.17734531 0.60908992 1.01790902
1.26273087 0.60642170 1.11369021
1.49778141 0.58604749 1.42731064
1.69501931 0.61665767 1.76008639
2.00000000 0.56798740 2.24382338
-2.00000000 0.66503601 2.30523857
-1.85398646 0.64628203 2.05950650
-1.72578947 0.67808942 1.87859547
-1.52566738 0.63652341 1.54517838
-1.48724623 0.65916719 1.50241838
-1.36777893 0.61502317 1.30073795
-1.28366044 0.62617816 1.19066859
-1.22514065 0.60715736 1.10021812
-1.15876310 0.60609292 1.01476773
-1.10817115 0.61557188 0.96009479
-1.03369265 0.63203977 0.88885016
-0.99805557 0.61976478 0.84346715
-0.89908141 0.60614627 0.74328677
-0.85973139 0.60969159 0.71462968
-0.80780239 0.56595108 0.64445744
-0.75595847 0.56570009 0.60941540
-0.70425314 0.57129231 0.58113161
-0.63566737 0.55265699 0.52823719
-0.55906952 0.58326123 0.51065687
-0.52188919 0.59024496 0.49811200
-0.48280445 0.54543562 0.44825323
-0.39260438 0.56846348 0.42869001
-0.37473590 0.53972641 0.40188223
-0.29811400 0.54431662 0.38030947
-0.24586220 0.57268262 0.38609461
-0.14488087 0.57626409 0.36682399
-0.10780812 0.56142930 0.35020521
-0.01652661 0.56132333 0.34022987
0.02863282 0.57742265 0.34955595
0.06946878 0.55305537 0.33164548
0.12162596 0.58416198 0.35576323
0.20084608 0.58508398 0.36434971
0.27471315 0.59925821 0.38842120
0.31482547 0.57500530 0.38064542
0.36006983 0.57828880 0.39669450
0.46834727 0.57595175 0.43769933
0.53576569 0.59093735 0.48212094
0.58851312 0.61115296 0.52670039
0.65391749 0.61071863 0.56726318
0.71686592 0.63129320 0.62573929
0.80897059 0.61978217 0.68691057
0.83513676 0.64639337 0.72750331
0.94968247 0.61815367 0.80487687
1.03949616 0.62551693 0.89280152
1.10813301 0.64308175 0.97134748
1.14671633 0.66583276 1.02606397
1.25588770 0.69745740 1.17086652
1.42821532 0.69368034 1.40050290
1.65242019 0.65816640 1.71997348
2.00000000 0.66503601 2.30523857
-2.00000000 0.73022304 2.35128656
-1.82656940 0.71541640 2.06269175
-1.66619783 0.71562578 1.81148345
-1.54001860 0.71422452 1.61809577
-1.50071037 0.71876586 1.56257780
-1.43070071 0.70930848 1.45332501
-1.33414197 0.68963013 1.30261102
-1.24382921 0.68676580 1.17861209
-1.17935503 0.68332226 1.09382617
-1.10253043 0.67554229 0.99644433
-1.06121290 0.68286763 0.95613182
-0.98974931 0.65620458 0.86252789
-0.91335794 0.64792271 0.78701646
-0.87277375 0.65240787 0.75771185
-0.81945817 0.64472021 0.71210076
-0.74328185 0.63442321 0.65299425
-0.69318125 0.63506763 0.62265295
-0.61132050 0.62026643 0.56511916
-0.55626712 0.61585986 0.53367319
-0.51901337 0.62483347 0.52277793
-0.46537832 0.62217809 0.49704848
-0.41768186 0.60640738 0.46593483
-0.37447748 0.62465004 0.46359862
-0.31419110 0.60109268 0.42606392
-0.24354412 0.59898650 0.40462893
-0.16452694 0.61269608 0.39704119
-0.09900267 0.60152754 0.37794477
-0.01427290 0.61377290 0.37819891
0.04907531 0.61009108 0.37304490
0.09827976 0.60521609 0.37010231
0.13946447 0.62321580 0.38583501
0.16764921 0.61898156 0.38529206
0.27555061 0.63834217 0.41797063
0.30574474 0.61948668 0.41116123
0.35858324 0.64109819 0.44317803
0.42012249 0.64075463 0.46530948
0.52762779 0.64547663 0.51864141
0.58882056 0.66246797 0.56576914
0.66313664 0.67449936 0.62163446
0.72612717 0.68157913 0.67071104
0.77291662 0.68982839 0.71176019
0.85776774 0.69730831 0.78484266
0.91437986 0.69425020 0.83027440
1.03219753 0.70036060 0.94103411
1.08752412 0.71258936 1.00287131
1.15417097 0.71155024 1.06778401
1.32306387 0.73411031 1.28521140
1.44391665 0.74821327 1.46675546
1.75702482 0.72779059 1.94255458
2.00000000 0.73022304 2.35128656
-2.00000000 0.74666139 2.36345459
-1.89944018 0.77134817 2.21964161
-1.69849344 0.76019981 1.89321424
-1.59245681 0.76176366 1.73104835
-1.49057534 0.75345094 1.57224555
-1.44555607 0.75982623 1.51099421
-1.34625375 0.75423587 1.36592859
-1.25556562 0.75076873 1.24121557
-1.19384536 0.71737979 1.13708166
-1.13300829 0.72903677 1.07256193
-1.04608217 0.72334898 0.97204268
-0.97655324 0.70482392 0.88845152
-0.95136220 0.70753016 0.86771995
-0.87722298 0.68993324 0.79143477
-0.82837480 0.67502383 0.74273755
-0.75047215 0.67528761 0.69012293
-0.72556562 0.66382838 0.66511555
-0.65278485 0.65013280 0.61102209
-0.56557104 0.66609952 0.57716285
-0.50698634 0.65395787 0.53967100
-0.45659963 0.63681431 0.50449692
-0.40786887 0.65854288 0.50169357
-0.37153879 0.66908790 0.49640494
-0.30663857 0.65077713 0.46095461
-0.21547225 0.63744411 0.42631752
-0.19660286 0.63320517 0.41887522
-0.08842962 0.64911818 0.41184631
-0.00937343 0.64053445 0.39778591
0.01522566 0.65222873 0.40531082
0.10221180 0.64696990 0.40142461
0.14011404 0.65603971 0.41060536
0.19152799 0.65182273 0.41293997
0.24899347 0.64636174 0.41837854
0.33153031 0.66872979 0.45598680
0.36050602 0.66375751 0.46122579
0.47172999 0.68563698 0.52232549
0.53639119 0.69517054 0.56196824
0.57637867 0.67980913 0.57203026
0.60921688 0.72023445 0.62351527
0.70011872 0.72745206 0.68863686
0.79121647 0.73545973 0.76195552
0.83756343 0.73066937 0.79470702
0.92737867 0.74594488 0.88225019
1.00016649 0.75745204 0.95627032
1.10007879 0.77962772 1.06771533
1.14834394 0.77752699 1.11360249
1.31181902 0.79167502 1.31754341
1.43815826 0.79886192 1.50068562
1.74535520 0.76879577 1.95589866
2.00000000 0.74666139 2.36345459
-2.00000000 0.85497344 2.44869160
-1.87202107 0.81834388 2.21158633
-1.77218724 0.85005408 2.07708673
-1.61871193 0.85386336 1.84075924
-1.49291216 0.84531684 1.64517531
-1.40698771 0.82543861 1.50551579
-1.36164688 0.80835204 1.42858515
-1.28546798 0.82025254 1.33505445
-1.19449489 0.79231832 1.19670620
-1.13094222 0.78444671 1.11489789
-1.10110440 0.81941590 1.11116180
-0.99441452 0.79291601 0.97960031
-0.96415253 0.77916094 0.93981735
-0.86694581 0.77099691 0.85220174
-0.84402555 0.74151070 0.80957904
-0.75803180 0.72950592 0.73979255
-0.69669432 0.73007553 0.70154393
-0.62934228 0.73767015 0.66862166
-0.58748377 0.71064468 0.62394760
-0.51551521 0.71788436 0.59412125
-0.49312730 0.71513507 0.58160972
-0.43519874 0.72914812 0.56779757
-0.38322632 0.73235022 0.55002777
-0.31888988 0.73252521 0.52788657
-0.23848811 0.69336570 0.47438044
-0.15469972 0.71325353 0.47108433
-0.08577589 0.69929091 0.44949535
-0.02364318 0.71845349 0.45784758
0.02221309 0.70620284 0.44604262
0.08498185 0.69911437 0.44047545
0.12258827 0.71065864 0.45110042
0.17321794 0.74757141 0.48446919
0.24493721 0.75503625 0.50194589
0.30208225 0.74667913 0.50878055
0.34795161 0.72835922 0.50775072
0.46492670 0.76773221 0.58483543
0.53065412 0.78977945 0.63534012
0.57353268 0.75958550 0.63426607
0.63912334 0.78623884 0.69594826
0.72000092 0.78919638 0.75308226
0.78872716 0.82089379 0.83043991
0.81703358 0.80678084 0.84064107
0.90174130 0.84341606 0.94080637
0.97629196 0.82705496 0.99186045
1.05841056 0.83682451 1.07512836
1.11719393 0.83282330 1.12777182
1.29272006 0.84521057 1.33844131
1.40368144 0.86263086 1.50659134
1.64828877 0.82723898 1.84828723
2.00000000 0.85497344 2.44869160
-2.00000000 0.90657154 2.49240532
-1.92441434 0.89678316 2.36002265
-1.75839755 0.89070723 2.08796364
-1.63399342 0.92125700 1.91932194
-1.50562616 0.92016588 1.72548621
-1.44694279 0.88108809 1.60726981
-1.37157939 0.89085541 1.50955725
-1.29830837 0.86579257 1.38960120
-1.20897263 0.89194619 1.29969779
-1.16606929 0.86030514 1.22034830
-1.09919095 0.87036044 1.15453144
-1.04704422 0.85719511 1.08828877
-0.96528344 0.85114688 1.00541965
-0.90034142 0.84921779 0.94872200
-0.83434038 0.82513458 0.87591886
-0.78931241 0.80154201 0.82278999
-0.73285135 0.81948629 0.80099099
-0.65002699 0.82331281 0.75340784
-0.56845650 0.80147898 0.68932622
-0.53732871 0.78282019 0.65771427
-0.47581345 0.78396582 0.62971045
-0.41139780 0.76589946 0.58767555
-0.36071853 0.79328183 0.59098796
-0.31199964 0.77535045 0.55973637
-0.23609704 0.76968300 0.53324606
-0.15691483 0.79728283 0.53773337
-0.09769390 0.79321159 0.52449226
-0.03132183 0.76710822 0.49617570
0.00514650 0.79981565 0.52012950
0.09307397 0.77177706 0.49712587
0.11825453 0.78149178 0.50616726
0.20381492 0.78063514 0.51490983
0.22561638 0.80132435 0.53539243
0.29926344 0.80158853 0.55218215
0.38281481 0.79669982 0.57463361
0.44137854 0.80921445 0.60836481
0.50134652 0.82397481 0.64871532
0.54317118 0.85992183 0.70138471
0.62324800 0.83583842 0.72747904
0.71295586 0.84051992 0.79121954
0.75609458 0.87008756 0.84795651
0.80493447 0.89800832 0.90964820
0.88249362 0.87695937 0.95347383
1.00112907 0.89610250 1.07304570
1.03178669 0.90523532 1.10887325
1.14635990 0.93596747 1.24606604
1.29517670 0.94361190 1.43117268
1.42834763 0.95441416 1.62818792
1.65301901 0.92702189 1.94563820
2.00000000 0.90657154 2.49240532
-2.00000000 0.99010186 2.56936640
-1.92568070 0.98720534 2.44352109
-1.70621481 0.98403868 2.08753384
-1.62046232 0.98650506 1.95726349
-1.52507251 0.97319328 1.80182277
-1.44493716 0.98678971 1.69928452
-1.41533396 0.98245012 1.65363914
-1.29383046 0.93719684 1.44757404
-1.23256794 0.96317051 1.39613920
-1.18708966 0.94856517 1.32757401
-1.12044653 0.94741102 1.25167565
-1.03780174 0.90803709 1.12744151
-0.97524239 0.93326803 1.09424175
-0.92822917 0.88816490 1.00870114
-0.85078148 0.92130233 0.98012989
-0.78012984 0.88724664 0.89558163
-0.74260608 0.87380690 0.85736377
-0.65472541 0.85478270 0.78461521
-0.57542188 0.87441734 0.75830481
-0.53651805 0.87931633 0.74276950
-0.47398987 0.85976489 0.69483678
-0.41488709 0.85140035 0.66188577
-0.39055255 0.86515623 0.66465463
-0.29685179 0.86108343 0.62810646
-0.24545175 0.83778027 0.59248703
-0.17255693 0.83205008 0.57010747
-0.09043216 0.82346275 0.54862825
-0.04665969 0.85625180 0.57191878
0.00976952 0.87213230 0.58207829
0.07457508 0.84530735 0.55747594
0.10850758 0.86643036 0.57726931
0.16003516 0.86956779 0.58418284
0.23629707 0.84737122 0.57616948
0.30837651 0.86952981 0.61261638
0.34482779 0.88073839 0.63353898
0.41362305 0.91522064 0.68986992
0.49818316 0.90480753 0.71810152
0.54134782 0.91443778 0.74930592
0.63138515 0.92075988 0.80786635
0.69743330 0.91442913 0.84561187
0.75547786 0.95658929 0.92620792
0.79634796 0.95329434 0.95372317
0.89805484 0.97829097 1.05875422
0.94448525 1.00739279 1.12609435
1.06422117 0.96898823 1.19611505
1.11694800 1.01215754 1.28743260
1.18066450 1.02491368 1.36862904
1.42218928 1.02285274 1.68841959
1.73273959 1.01608855 2.16024342
2.00000000 0.99010186 2.56936640
-2.00000000 1.06399995 2.64488602
-1.91980069 1.08620263 2.53507104
-1.70936151 1.05253391 2.15997590
-1.60238330 1.05793057 2.00106122
-1.56957512 1.06657653 1.96109802
-1.46068343 1.05661337 1.79276998
-1.36943320 1.02584532 1.63491302
-1.30336828 1.00925447 1.53124775
-1.27354918 1.00472053 1.48891010
-1.20733546 1.01699059 1.42193051
-1.12971567 1.01122399 1.32853154
-1.05873354 1.00406218 1.24742586
-1.00315586 1.00913342 1.19992666
-0.93456681 0.98456521 1.11278997
-0.84785842 0.95911707 1.01678388
-0.78955136 0.99616375 1.01373541
-0.73105981 0.95371661 0.92894301
-0.65102160 0.93485759 0.85958711
-0.60049193 0.97530981 0.87201274
-0.53975099 0.93537563 0.79872184
-0.49603523 0.94756682 0.78946829
-0.44543500 0.96023883 0.77927957
-0.38068677 0.95008828 0.74239355
-0.31892916 0.91707128 0.68758390
-0.23417813 0.93441440 0.67919465
-0.16465650 0.90876719 0.63804686
-0.12893583 0.92229436 0.64429533
-0.03010055 0.91108294 0.62076319
0.01183840 0.95044169 0.65636526
0.07816664 0.93122654 0.63652116
0.12034080 0.93642076 0.64324950
0.16996420 0.97238389 0.68327870
0.21614911 0.94387050 0.66133912
0.30021082 0.98620487 0.72151077
0.35187970 1.00461069 0.75541522
0.38846085 0.95654444 0.71966614
0.50477020 1.00718814 0.82056904
0.52519308 1.00562111 0.82929325
0.58223351 1.00073563 0.85549877
0.66333512 1.02087906 0.92571385
0.72742511 1.06233635 1.01214896
0.80972716 1.03396677 1.04312138
0.88331044 1.06837534 1.13683188
0.93856599 1.03692808 1.15040777
1.03109804 1.09199678 1.28782791
1.07246628 1.04916613 1.28119688
1.24180459 1.05802940 1.47700647
1.39269499 1.08514320 1.71287960
1.75631229 1.06313224 2.24777479
2.00000000 1.06399995 2.64488602
-2.00000000 1.15062292 2.74222532
-1.86381594 1.15850821 2.52458953
-1.73378328 1.12470604 2.27651913
-1.64700255 1.13759308 2.15648138
-1.57797740 1.12113866 2.03368778
-1.48303612 1.10137110 1.87347200
-1.39556658 1.12736258 1.78264458
-1.32836276 1.09481690 1.65681636
-1.26721732 1.11716762 1.60647490
-1.20049318 1.11941888 1.53048090
-1.13027465 1.07561187 1.40138778
-1.04528343 1.05959152 1.29644243
-0.98847502 1.08828027 1.27678254
-0.93683700 1.06884789 1.20899527
-0.85004020 1.05587852 1.12451151
-0.78309380 1.02461381 1.04034207
-0.72158077 1.05803432 1.03597922
-0.65502671 1.03956452 0.97318655
-0.58983964 1.02309724 0.91727220
-0.53897828 1.04360139 0.91274567
-0.47957597 1.03931055 0.87885258
-0.43772565 0.99877086 0.81611057
-0.36562316 1.02876952 0.81930041
-0.30130253 1.03519703 0.80388874
-0.24791825 0.98410561 0.73329313
-0.16663821 1.00513008 0.73567584
-0.09323880 0.99167442 0.70855539
-0.03016524 1.01263899 0.72340716
0.01812239 1.02428884 0.73273530
0.07055628 1.01025416 0.71675915
0.10110097 0.99706527 0.70355046
0.16213602 1.03231644 0.74512972
0.23171981 1.01495646 0.73625490
0.27368024 1.07155833 0.80592763
0.32886387 1.06323232 0.81084081
0.43033559 1.08981582 0.87537263
0.49774255 1.07944779 0.89373578
0.54119134 1.08084695 0.91713762
0.56016440 1.10229909 0.95096782
0.65328685 1.08905399 0.99130795
0.71856892 1.14752564 1.09974054
0.77089645 1.12879366 1.11556475
0.84508199 1.12457248 1.16692614
0.94734457 1.14766946 1.27580969
0.99954491 1.15303756 1.32652471
1.06517199 1.17867753 1.41412469
1.21649098 1.17442194 1.57578542
1.34404568 1.15694133 1.72595588
1.55784733 1.18326811 2.07459717
2.00000000 1.15062292 2.74222532
-2.00000000 1.20498575 2.80776617
-1.91109785 1.18784161 2.63754303
-1.76624687 1.18608439 2.39966826
-1.63527599 1.19834069 2.21087501
-1.56861117 1.22815424 2.14852337
-1.50892678 1.16884430 1.98894241
-1.40544126 1.17494932 1.85291231
-1.34994360 1.18103272 1.78737833
-1.28963222 1.15253805 1.67632824
-1.22295881 1.16040950 1.60607987
-1.15833137 1.15370466 1.52497288
-1.06596252 1.13854142 1.41030212
-0.98942910 1.14856567 1.35024073
-0.91412472 1.12648223 1.25830011
-0.84822368 1.15539574 1.24115225
-0.80141796 1.12342223 1.16751133
-0.71737316 1.09950837 1.08106818
-0.67593373 1.14760977 1.11165215
-0.59769195 1.13303232 1.04746765
-0.52727803 1.07202006 0.93871334
-0.50866835 1.08039728 0.93897201
-0.43265138 1.07656949 0.89953698
-0.35792037 1.10554834 0.90285330
-0.32731534 1.12258003 0.91175818
-0.26587446 1.08844253 0.85258139
-0.16672005 1.10076506 0.84177839
-0.09329639 1.10299704 0.83132356
-0.06304335 1.10825217 0.83340910
-0.01490120 1.11996794 0.84236317
0.03726592 1.11882620 0.83829348
0.09648473 1.12114748 0.84091588
0.16209572 1.07748134 0.79485478
0.23656542 1.13735558 0.87370653
0.27436994 1.11046336 0.84996786
0.33031378 1.12860446 0.88499923
0.41743169 1.14762283 0.93628661
0.47204746 1.12914740 0.93760185
0.50081421 1.18615144 1.01770044
0.54882152 1.16568402 1.01744142
0.67305860 1.18839856 1.11707540
0.71270863 1.21682584 1.17722373
0.77643398 1.22089287 1.22675278
0.83406804 1.20896081 1.25545189
0.93757659 1.19724011 1.32449174
1.00699870 1.23674526 1.43051900
1.10425613 1.24591951 1.53253561
1.14670985 1.22262293 1.55013883
1.34494013 1.24349879 1.83330704
1.56408092 1.24196448 2.15734812
2.00000000 1.20498575 2.80776617
-2.00000000 1.33171426 2.97196703
-1.89557115 1.38327132 2.86703909
-1.74232222 1.30067661 2.50691948
-1.63339124 1.36950431 2.43236088
-1.58922937 1.30599819 2.28006209
-1.49872705 1.33263963 2.18544774
-1.39758377 1.27885750 1.97499348
-1.34913510 1.26939807 1.89936911
-1.29470531 1.34239863 1.92946621
-1.21606781 1.31545615 1.79922590
-1.15823769 1.29153424 1.70228555
-1.06240462 1.33142415 1.65652562
-1.01877946 1.33315951 1.61668763
-0.94319076 1.32637930 1.53904415
-0.85470971 1.24462320 1.35848204
-0.78503564 1.24261119 1.30364574
-0.73537687 1.30968216 1.35589102
-0.67632221 1.19098864 1.16497064
-0.57674987 1.27457589 1.21140103
-0.52770434 1.22304159 1.11971591
-0.49028918 1.28090794 1.17448489
-0.45197486 1.24507145 1.11084055
-0.38041703 1.25263118 1.09020023
-0.30230298 1.19787807 0.99386454
-0.27610852 1.26856028 1.07420093
-0.17197059 1.23900644 1.00992168
-0.14307871 1.17708731 0.92751958
-0.04054510 1.19167064 0.93057429
-0.01681205 1.18494782 0.92024200
0.06266275 1.24689217 0.99393780
0.08125985 1.22782337 0.96991513
0.13364930 1.23243844 0.97746906
0.21697799 1.19398292 0.93842002
0.25205143 1.26134537 1.02840987
0.31488803 1.20896466 0.97684264
0.37389407 1.26183478 1.06023905
0.46802131 1.26168392 1.09583082
0.50775432 1.29433811 1.15552514
0.57507639 1.33271629 1.23970163
0.61924240 1.32950801 1.26037402
0.69313985 1.34534292 1.32688263
0.77027961 1.30970071 1.33311184
0.85775665 1.31567008 1.40609006
0.91711489 1.33515487 1.47855573
0.98815999 1.33906584 1.54292831
1.05728526 1.41100972 1.70078245
1.19184762 1.38596821 1.81581921
1.42913112 1.35952648 2.10834654
1.59322835 1.36759471 2.36896036
2.00000000 1.33171426 2.97196703
-2.00000000 1.49508219 3.20256437
-1.88772425 1.48973118 3.00626090
-1.80178224 1.46236013 2.82634089
-1.64194981 1.47375492 2.59375545
-1.56981943 1.52613578 2.56401771
-1.49954064 1.47884059 2.39344525
-1.43820420 1.46487622 2.28831523
-1.32559298 1.49355425 2.18265274
-1.27066850 1.47951379 2.09430303
-1.18680400 1.40653647 1.89198490
-1.13670592 1.51958037 1.99909621
-1.04027992 1.48018895 1.84264509
-0.96032039 1.51259233 1.81384965
-0.89767298 1.41686645 1.62415673
-0.85858353 1.40994645 1.58271679
-0.77566902 1.44348224 1.56585712
-0.70912173 1.48701631 1.57960624
-0.61862565 1.44462766 1.46255659
-0.59061609 1.37631483 1.35312668
-0.53166480 1.35354302 1.29034238
-0.49634156 1.39316775 1.32534208
-0.41810643 1.40953521 1.31131293
-0.35864772 1.36394397 1.22638367
-0.32094143 1.39479301 1.25410678
-0.25051538 1.44632059 1.30220166
-0.19930339 1.42962567 1.26638633
-0.11171231 1.45344281 1.28222748
-0.08009842 1.42428570 1.23783167
-0.00979625 1.40624343 1.20648527
0.04071085 1.37086042 1.15632465
0.07983262 1.35569022 1.13565648
0.13982885 1.40157400 1.19981207
0.17840671 1.47826171 1.30945998
0.25231774 1.36720398 1.16720644
0.30184322 1.49691499 1.35755501
0.34414375 1.42002258 1.26098398
0.44642237 1.45508948 1.34535992
0.49687219 1.43594873 1.34040342
0.54287682 1.44712419 1.37823004
0.59981720 1.52868181 1.52510173
0.68435467 1.49888545 1.53300659
0.76056835 1.48424363 1.56330093
0.82213228 1.53679719 1.68395559
0.88530177 1.52015267 1.70843817
0.97783528 1.52598930 1.79301216
1.07961962 1.53495449 1.89925899
1.22453338 1.56277251 2.11092580
1.31255994 1.50675356 2.14780232
1.66898411 1.52571127 2.71316016
2.00000000 1.49508219 3.20256437
-2.00000000 1.67344251 3.47239958
-1.89593684 1.64652187 3.25650778
-1.73259438 1.63967713 2.98322161
-1.62941860 1.66549202 2.86518775
-1.54763145 1.64447984 2.71184692
-1.46898069 1.68358343 2.66100725
-1.37386457 1.67582681 2.51996271
-1.31929556 1.67053044 2.44111830
-1.23064852 1.61026477 2.24025893
-1.16045153 1.62051204 2.17488452
-1.10538139 1.60753733 2.09542691
-1.07275822 1.58120702 2.02228011
-0.97079895 1.65752023 2.03590736
-0.87966326 1.58614806 1.85028462
-0.81140532 1.61485381 1.83724120
-0.77237966 1.56252504 1.73184109
-0.70659480 1.60675273 1.74863524
-0.65661282 1.55792910 1.64512764
-0.57376352 1.64812671 1.72426693
-0.51444846 1.61190954 1.63935597
-0.47502092 1.58744614 1.58452174
-0.41867645 1.58391599 1.55367262
-0.38469517 1.56358159 1.51070538
-0.30915287 1.61931569 1.56257110
-0.25323643 1.58580856 1.49785211
-0.18183257 1.52969334 1.40111061
-0.15167654 1.62942308 1.53747042
-0.08008258 1.56583958 1.43569006
-0.02436769 1.54463295 1.40029977
0.03844376 1.55916056 1.41840918
0.05900492 1.59509107 1.47015263
0.12539049 1.57978347 1.45013927
0.16620410 1.62451635 1.51907766
0.23097777 1.58966506 1.47691048
0.28864576 1.62791038 1.54532344
0.34515648 1.66356269 1.61427000
0.42920887 1.67416006 1.66003666
0.48821299 1.62939453 1.61737156
0.52941333 1.69080063 1.73090136
0.60329998 1.67370328 1.74438612
0.68671914 1.67508986 1.79755233
0.74424689 1.61713141 1.74741036
0.82512238 1.65237141 1.85983957
0.88862054 1.66077234 1.92219775
0.98082548 1.63423969 1.95767675
1.05238370 1.67569849 2.08585414
1.20988491 1.66498979 2.24718041
1.36168037 1.72081351 2.54179702
1.55147854 1.64878170 2.71461134
2.00000000 1.67344251 3.47239958
-2.00000000 1.77254493 3.62858601
-1.87964478 1.75350070 3.39807681
-1.69051822 1.83078626 3.22210537
-1.62112296 1.82416880 3.10574158
-1.54157226 1.74020848 2.85339812
-1.48743469 1.74004263 2.77575407
-1.37937483 1.79156551 2.70934793
-1.30503322 1.75130321 2.54881115
-1.22347531 1.82112956 2.55799443
-1.14966381 1.74611885 2.35452371
-1.07030685 1.75631470 2.28402654
-1.00246051 1.81481715 2.30517459
-0.91401070 1.83278431 2.24951888
-0.86818644 1.83185899 2.20805610
-0.79424547 1.75081292 2.02530042
-0.75360838 1.73322429 1.96825160
-0.68728551 1.78195389 1.99378997
-0.64448188 1.72061517 1.87381568
-0.57093135 1.70154005 1.80058940
-0.50963925 1.81428915 1.93364374
-0.46692690 1.75889407 1.82965646
-0.41452888 1.77758407 1.83328192
-0.37804455 1.80691581 1.86172219
-0.32404358 1.69837060 1.68189613
-0.27163514 1.78129691 1.78745869
-0.21708206 1.71802059 1.67993018
-0.15032605 1.80527025 1.79622947
-0.07750940 1.77812053 1.74640067
-0.02583809 1.74574030 1.69426640
0.02729082 1.75043238 1.69991226
0.06967071 1.72954430 1.66904221
0.09770250 1.79494848 1.76950103
0.17489501 1.80057029 1.78603519
0.22404465 1.72889576 1.68399826
0.29779495 1.76371517 1.75409145
0.35105238 1.83441291 1.88102036
0.43088169 1.72830905 1.74406770
0.47159215 1.73350879 1.76959856
0.52654591 1.83495127 1.95708837
0.63564231 1.79372649 1.95245134
0.69486956 1.85068988 2.08282285
0.76550322 1.75085564 1.97031562
0.80298926 1.76093218 2.01380635
0.88317945 1.82017842 2.17190097
0.98654782 1.82602707 2.26798296
1.04306758 1.80981250 2.29172830
1.20059728 1.83122720 2.49915400
1.46442051 1.82265062 2.85435726
1.61186572 1.79441738 3.03601270
2.00000000 1.77254493 3.62858601
-2.00000000 2.00000000 4.00000000
-1.89037785 2.00000000 3.81938202
-1.71259325 2.00000000 3.53636077
-1.58962748 2.00000000 3.34904056
-1.49278276 2.00000000 3.20723075
-1.43535911 2.00000000 3.12582488
-1.32428602 2.00000000 2.97472518
-1.25419169 2.00000000 2.88416487
-1.17308065 2.00000000 2.78454893
-1.10581591 2.00000000 2.70653777
-1.02950129 2.00000000 2.62349896
-0.97122329 2.00000000 2.56422757
-0.88235462 2.00000000 2.48099028
-0.82721156 2.00000000 2.43365254
-0.75801934 2.00000000 2.37862057
-0.69944641 2.00000000 2.33535136
-0.66549918 2.00000000 2.31153025
-0.57705601 2.00000000 2.25415486
-0.52387461 2.00000000 2.22319497
-0.48631550 2.00000000 2.20305253
-0.44390899 2.00000000 2.18210361
-0.39432167 2.00000000 2.16010656
-0.35059424 2.00000000 2.14300815
-0.29797459 2.00000000 2.12534387
-0.24964564 2.00000000 2.11194002
-0.20304848 2.00000000 2.10155803
-0.12185373 2.00000000 2.08927900
-0.07210424 2.00000000 2.08524606
-0.03604755 2.00000000 2.08388746
0.02062472 2.00000000 2.08424631
0.05632848 2.00000000 2.08594552
0.09855818 2.00000000 2.08945555
0.16859380 2.00000000 2.09914638
0.22633492 2.00000000 2.11097040
0.26430241 2.00000000 2.12068422
0.34430636 2.00000000 2.14620000
0.42967845 2.00000000 2.18082060
0.46343943 2.00000000 2.19654158
0.52693399 2.00000000 2.22908486
0.62342795 2.00000000 2.28556350
0.69432772 2.00000000 2.33206036
0.74396531 2.00000000 2.36694467
0.84483920 2.00000000 2.44328574
0.92307744 2.00000000 2.50710824
0.99408849 2.00000000 2.56820493
1.07309491 2.00000000 2.64023321
1.20610784 2.00000000 2.78613003
1.39368930 2.00000000 3.03927406
1.68860694 2.00000000 3.49098299
2.00000000 2.00000000 4.00000000
