-5.00000000 -5.00000000 -0.00529405
-4.34706111 -5.00000000 0.01670933
-3.98081777 -5.00000000 0.02072126
-3.77666781 -5.00000000 0.02019581
-3.40531439 -5.00000000 0.01488366
-3.18296162 -5.00000000 0.01031825
-2.93075288 -5.00000000 0.00650146
-2.71924874 -5.00000000 0.00704766
-2.47160818 -5.00000000 0.01310823
-2.27669481 -5.00000000 0.02074047
-1.96989661 -5.00000000 0.03458647
-1.77407723 -5.00000000 0.04230436
-1.52335206 -5.00000000 0.04766769
-1.30781787 -5.00000000 0.04546332
-1.18180650 -5.00000000 0.04122114
-0.84919761 -5.00000000 0.02662194
-0.64591529 -5.00000000 0.01957640
-0.50097352 -5.00000000 0.01589634
-0.33612375 -5.00000000 0.01304021
-0.14199627 -5.00000000 0.01144305
0.03014353 -5.00000000 0.01157226
0.23808106 -5.00000000 0.01358457
0.42942552 -5.00000000 0.01714344
0.61385938 -5.00000000 0.02203341
0.93405276 -5.00000000 0.03272630
1.12888146 -5.00000000 0.03891866
1.26918639 -5.00000000 0.04245494
1.48785800 -5.00000000 0.04535852
1.62429346 -5.00000000 0.04498996
1.78411321 -5.00000000 0.04187027
2.04491451 -5.00000000 0.02930360
2.26061042 -5.00000000 0.01448316
2.40844332 -5.00000000 0.00600739
2.74814449 -5.00000000 -0.00104748
3.15408530 -5.00000000 0.00410424
3.32544759 -5.00000000 0.00748292
3.66229317 -5.00000000 0.01330459
4.20574974 -5.00000000 0.01556901
4.62539289 -5.00000000 0.00852110
5.00000000 -5.00000000 -0.00529405
-5.00000000 -4.59086950 0.01023793
-4.40236838 -4.68451964 0.01969243
-3.96562413 -4.48724184 0.01835626
-3.75002023 -4.49916199 0.01494058
-3.42069790 -4.47829402 0.00679409
-3.18087612 -4.70586846 0.00426754
-2.86414495 -4.71643055 -0.00045009
-2.73859171 -4.43365665 -0.00510634
-2.43768166 -4.63173004 0.00535485
-2.31328321 -4.66566334 0.01108698
-2.01930832 -4.67060228 0.02546660
-1.68578350 -4.53181504 0.03813735
-1.45075491 -4.66341375 0.04827717
-1.27586575 -4.55391890 0.04902683
-1.19804398 -4.47279800 0.04848682
-0.95015151 -4.52491953 0.04775817
-0.67059573 -4.73030623 0.03816914
-0.48946391 -4.48640931 0.04608173
-0.28534939 -4.66929343 0.03781701
-0.18150161 -4.44371103 0.04681009
0.05668198 -4.58761061 0.04167147
0.17979269 -4.44717040 0.04680850
0.49275837 -4.55437173 0.04466948
0.68218126 -4.53716889 0.04627466
0.91025060 -4.48596357 0.04783037
1.12889890 -4.63799105 0.04751064
1.26415917 -4.56244149 0.04715303
1.45347017 -4.46178564 0.04264485
1.65657603 -4.57645726 0.03958982
1.86473549 -4.47407964 0.02752950
1.99078754 -4.52400091 0.02136521
2.29936853 -4.46385382 -0.00096577
2.48754974 -4.50446138 -0.00867412
2.74738927 -4.56702169 -0.01065795
3.02456232 -4.54539785 -0.00710703
3.42002048 -4.51642656 0.00248268
3.77701865 -4.67834115 0.01253601
4.03517469 -4.50710006 0.01576979
4.63838454 -4.71550199 0.01499932
5.00000000 -4.59086950 0.01023793
-5.00000000 -4.13946306 0.01847761
-4.45688592 -4.22115034 0.01985725
-3.97644382 -4.08591395 0.01320730
-3.72115327 -4.04428599 0.00772362
-3.53460520 -4.18196481 0.00557048
-3.22691252 -4.25755097 -0.00119761
-2.89964058 -4.11760609 -0.00817723
-2.72936539 -4.22459468 -0.00763939
-2.49715348 -3.98414473 -0.00739242
-2.23074140 -4.05582163 -0.00002550
-1.99507719 -4.07326730 0.00866042
-1.72896195 -4.11103199 0.02090709
-1.47783138 -4.24118751 0.03642011
-1.38121522 -4.00436293 0.02795430
-1.18286453 -4.22839584 0.04306346
-0.94694451 -4.26441836 0.04657983
-0.70515188 -4.07926191 0.04462468
-0.44717620 -4.27404946 0.04896712
-0.32477289 -4.15885990 0.04875288
-0.16721516 -4.13465704 0.04883283
-0.00532378 -4.14131935 0.04894689
0.19817277 -4.09956615 0.04783639
0.38786310 -4.24666593 0.04870177
0.72256875 -4.15525590 0.04534746
1.00207204 -4.09358154 0.03973587
1.08872200 -4.15927659 0.04073287
1.24412702 -4.05664661 0.03314879
1.45704252 -3.96466894 0.02249970
1.60458491 -4.20321591 0.02932687
1.87194485 -4.19192628 0.01743968
2.04464633 -3.96652150 0.00093478
2.18047367 -4.21673706 0.00077999
2.40551859 -4.26943042 -0.00915897
2.78495576 -4.07882267 -0.01382787
3.17115843 -4.01061158 -0.00747564
3.38589870 -4.17556152 -0.00169882
3.76852459 -4.14463408 0.00729189
4.34715549 -4.23317883 0.01789438
4.64489302 -4.28948743 0.01936120
5.00000000 -4.13946306 0.01847761
-5.00000000 -3.69067319 0.01708780
-4.27662134 -3.70827966 0.00953379
-3.92929339 -3.79056734 0.00670190
-3.68584925 -3.84740875 0.00375269
-3.42616773 -3.57571990 -0.00368788
-3.19371229 -3.77824869 -0.00546257
-2.98527198 -3.67201344 -0.00797603
-2.65311931 -3.78363566 -0.00988933
-2.51826355 -3.63296376 -0.01032956
-2.22803951 -3.60458981 -0.01054773
-1.97496826 -3.79360726 -0.00143928
-1.82664714 -3.61990444 -0.00684162
-1.46673509 -3.72839675 0.00780153
-1.35943533 -3.62190712 0.00326884
-1.14692308 -3.69240553 0.01503535
-0.80190262 -3.57395474 0.01729366
-0.71484140 -3.81317085 0.03356163
-0.55039663 -3.67397130 0.02862525
-0.38179946 -3.78630156 0.03665926
-0.12943455 -3.81273917 0.03918197
0.04674270 -3.80993097 0.03891358
0.18183630 -3.48098858 0.02011571
0.43971122 -3.55539049 0.02128943
0.72626514 -3.77995728 0.02953203
0.88551086 -3.56352771 0.01200297
1.06969106 -3.50864178 0.00311774
1.32966509 -3.52828344 -0.00251068
1.52517717 -3.80166074 0.01081021
1.67283288 -3.54627245 -0.00885608
1.84104769 -3.73593924 -0.00171346
2.00761658 -3.54784644 -0.01253693
2.18105014 -3.83442621 -0.00740640
2.44881917 -3.64919655 -0.01200084
2.78626301 -3.79804497 -0.01224241
3.09561556 -3.82747973 -0.00857850
3.30181824 -3.64767659 -0.00499615
3.82672549 -3.82934663 0.00452384
4.20300393 -3.52154008 0.00389259
4.61797132 -3.83673572 0.01581550
5.00000000 -3.69067319 0.01708780
-5.00000000 -3.14739628 0.00569205
-4.28862195 -3.06412187 -0.00861643
-4.10072633 -3.13937792 -0.00801165
-3.79372806 -3.17029095 -0.00802049
-3.53496004 -3.05778209 -0.00850642
-3.10817177 -3.27298695 -0.00568789
-2.97039759 -3.30349917 -0.00609588
-2.64654778 -3.24841234 -0.00871789
-2.41095628 -3.13723077 -0.01381450
-2.33029583 -3.28208562 -0.01480919
-1.94122921 -3.23766949 -0.02406545
-1.69041359 -3.15880622 -0.03105629
-1.60201442 -3.13260263 -0.03274112
-1.36183117 -3.24587387 -0.02366312
-1.11131330 -3.25974574 -0.01401522
-0.82281027 -3.20865154 -0.00498957
-0.60562869 -3.33488055 0.00741745
-0.46979858 -3.29091382 0.00792705
-0.39021757 -3.09634372 0.00364718
-0.08256563 -3.18047644 0.00744806
0.03703273 -3.33749587 0.01324951
0.21738692 -3.21393262 0.00657425
0.38395399 -3.28137414 0.00670023
0.58744303 -3.26026044 0.00124442
0.98676356 -3.25206133 -0.01127421
1.08864212 -3.06789418 -0.02240613
1.25404398 -3.33136783 -0.01427637
1.42923019 -3.09300778 -0.03114156
1.58568242 -3.14678428 -0.03085398
1.75260754 -3.23500722 -0.02690235
2.01147961 -3.15955482 -0.02482753
2.24700978 -3.11572227 -0.01522770
2.35869725 -3.22013653 -0.01083872
2.62353938 -3.09791827 -0.00268305
3.20859692 -3.19283667 -0.00306584
3.32875876 -3.11110259 -0.00339660
3.61612840 -3.07308173 -0.00570434
4.19832376 -3.16938843 -0.00496305
4.54951619 -3.13035500 -0.00295798
5.00000000 -3.14739628 0.00569205
-5.00000000 -2.89964563 0.00081570
-4.45131838 -2.93374827 -0.00978971
-3.95923148 -2.86590223 -0.01350604
-3.67776344 -2.94138705 -0.01100467
-3.48263364 -2.90486502 -0.00927461
-3.24376036 -2.92039261 -0.00617813
-3.00842764 -2.95846655 -0.00418656
-2.69126781 -2.97596170 -0.00657631
-2.42693591 -2.87733906 -0.01395707
-2.16946058 -2.95743288 -0.02333574
-1.95511149 -2.94203889 -0.03131951
-1.76606351 -2.90776387 -0.03692859
-1.46197376 -2.89552446 -0.03793055
-1.32411683 -2.89468093 -0.03376574
-1.09772773 -2.87327472 -0.02097372
-0.77818800 -2.93681918 -0.00541414
-0.71574034 -2.93298917 -0.00254615
-0.44753029 -2.86014397 0.01159019
-0.29725186 -2.91563768 0.01009509
-0.20011046 -2.89467246 0.01276111
0.05530250 -2.88175877 0.01387426
0.23178220 -2.85992051 0.01345441
0.46531708 -2.94962213 0.00140941
0.71161182 -2.91333116 -0.00597981
0.94461633 -2.98107260 -0.01774702
1.07921174 -2.86706140 -0.02099863
1.28348667 -2.97461608 -0.03054548
1.48828974 -2.90021636 -0.03595566
1.61174589 -2.91638279 -0.03744107
1.87996619 -2.89278406 -0.03464890
2.01591782 -2.91944524 -0.02898809
2.20225410 -2.85947351 -0.01854174
2.50056985 -2.91205861 -0.00363979
2.81982903 -2.88243183 0.00111977
3.08948909 -2.89656016 -0.00045554
3.26636217 -2.85986024 -0.00261575
3.67780405 -2.93033469 -0.00739527
4.09428653 -2.89182321 -0.01044045
4.59548748 -2.96028221 -0.00641990
5.00000000 -2.89964563 0.00081570
-5.00000000 -2.77045864 -0.00003001
-4.37506436 -2.69259392 -0.01241331
-4.01200989 -2.64872087 -0.01437033
-3.70547002 -2.77368801 -0.01282504
-3.53181031 -2.73870982 -0.01111677
-3.24142896 -2.73652115 -0.00717909
-2.86907193 -2.69199805 -0.00522780
-2.63386310 -2.67474375 -0.00866039
-2.42680024 -2.78557393 -0.01414007
-2.30165034 -2.66909027 -0.01856683
-2.05191710 -2.72289134 -0.02769828
-1.75808354 -2.75386024 -0.03572175
-1.54862362 -2.73887730 -0.03512506
-1.30341675 -2.67873118 -0.01986772
-1.12771088 -2.79074397 -0.01811114
-0.96871121 -2.66649605 0.01015083
-0.71817306 -2.67212486 0.02808389
-0.50997736 -2.73143147 0.02703595
-0.38597978 -2.80922076 0.01880832
-0.17748203 -2.68630794 0.04420163
-0.00971881 -2.71437184 0.03844741
0.29897087 -2.69638870 0.03658857
0.40968371 -2.67108849 0.03803447
0.61259704 -2.63360527 0.03610129
0.89379204 -2.75972444 -0.00291508
1.10413104 -2.62868843 0.00186788
1.29035188 -2.75736029 -0.02456543
1.50482347 -2.69256012 -0.02861276
1.64715260 -2.67903163 -0.03165445
1.79435302 -2.73449430 -0.03496782
2.03334547 -2.62933102 -0.02639342
2.22602970 -2.66958796 -0.01723528
2.42159899 -2.81096027 -0.00655951
2.72104385 -2.71385284 0.00002297
3.02755887 -2.77279655 -0.00015273
3.39176004 -2.80354377 -0.00461595
3.79761193 -2.71277339 -0.01009650
4.26352211 -2.65077367 -0.01112935
4.72892024 -2.66344582 -0.00578619
5.00000000 -2.77045864 -0.00003001
-5.00000000 -2.40488156 0.00845846
-4.26974498 -2.37584433 -0.00631799
-4.03720991 -2.37895431 -0.00951602
-3.65296448 -2.36163196 -0.01207844
-3.35395322 -2.39333137 -0.01227065
-3.16041294 -2.40488525 -0.01149659
-2.86444230 -2.44494055 -0.01006405
-2.68632581 -2.48608403 -0.01047976
-2.51912483 -2.37238685 -0.01396019
-2.28842187 -2.50949439 -0.01758157
-1.98932616 -2.45843084 -0.01874779
-1.80489571 -2.49570056 -0.02001383
-1.53447532 -2.51134836 -0.01259001
-1.34342340 -2.51222464 0.00170480
-1.11703635 -2.50667761 0.02804344
-0.92883694 -2.42697036 0.07460634
-0.68469385 -2.36116531 0.12711168
-0.51917452 -2.37708615 0.13465040
-0.31827165 -2.43729934 0.12023240
-0.16789500 -2.43431537 0.12506341
0.05458699 -2.39715411 0.14026629
0.23219818 -2.43743138 0.11822336
0.41537274 -2.48672457 0.09065583
0.68077049 -2.40695266 0.09880324
0.95303787 -2.36189890 0.08435450
1.09696789 -2.36242164 0.06618376
1.34998417 -2.48788568 0.00765145
1.48162402 -2.46129321 0.00148601
1.58909091 -2.38363681 0.00616033
1.79879759 -2.51630513 -0.02259601
1.95729966 -2.50163174 -0.02320143
2.25131865 -2.41083878 -0.01553483
2.46476719 -2.45618023 -0.01000625
2.72021205 -2.48277192 -0.00585378
3.13195053 -2.47747063 -0.00686861
3.36863680 -2.45549343 -0.00874456
3.71607238 -2.43947249 -0.00985771
4.27375789 -2.52969483 -0.00930532
4.48694926 -2.37674744 -0.00185012
5.00000000 -2.40488156 0.00845846
-5.00000000 -2.27944895 0.01450926
-4.35948599 -2.22327657 0.00242756
-4.10562506 -2.22351046 -0.00283707
-3.72613334 -2.31741014 -0.01110045
-3.51392745 -2.24807972 -0.01248680
-3.24368631 -2.21885023 -0.01516252
-2.88687899 -2.20366681 -0.01696474
-2.65081980 -2.22574022 -0.01573605
-2.46295544 -2.28292333 -0.01421390
-2.20609041 -2.31912141 -0.01267165
-2.07499686 -2.29767065 -0.00858313
-1.83497927 -2.22092521 0.01316322
-1.45013131 -2.23632482 0.05311876
-1.31932503 -2.24989313 0.07018948
-1.09819533 -2.22092426 0.12152838
-0.96474643 -2.25526003 0.13256181
-0.62845945 -2.19168335 0.21098491
-0.47817010 -2.25815942 0.19226570
-0.36517194 -2.28835840 0.18472239
-0.16006065 -2.31687730 0.17768306
-0.01824901 -2.24653143 0.21341157
0.21844097 -2.29720066 0.18089784
0.47082403 -2.32209236 0.15256035
0.71806039 -2.30036604 0.13670765
0.87221013 -2.24596375 0.13907320
1.13372023 -2.31248663 0.07717555
1.26286524 -2.31417261 0.05912903
1.51393187 -2.18995824 0.05805168
1.63774363 -2.22754754 0.03176104
1.84204235 -2.23955381 0.00735016
1.96372788 -2.20576305 0.00153290
2.30842533 -2.20326848 -0.01451316
2.41118863 -2.24427820 -0.01561977
2.70589553 -2.31506287 -0.01297288
3.13931908 -2.31729234 -0.01218658
3.39628725 -2.24269760 -0.01286505
3.63427736 -2.20666958 -0.01017325
4.25864752 -2.22230521 0.00070259
4.48495810 -2.24751536 0.00414639
5.00000000 -2.27944895 0.01450926
-5.00000000 -2.04320686 0.02785984
-4.36705467 -1.96190604 0.01796559
-3.93678341 -2.03856161 0.00098445
-3.83775351 -2.10654577 -0.00425388
-3.38189780 -1.99998570 -0.01504163
-3.16317359 -2.02608550 -0.01973467
-2.88208560 -1.97963459 -0.02275052
-2.67151374 -2.00330140 -0.01883817
-2.53545625 -2.03008405 -0.01419213
-2.33797385 -1.97429048 -0.00059144
-1.97749538 -2.09626465 0.01928213
-1.69806320 -2.05746646 0.06228772
-1.53088086 -2.07048475 0.08752559
-1.28303167 -2.09226135 0.13174615
-1.10269980 -2.05874856 0.18801395
-0.88449304 -1.98654528 0.27357821
-0.59856252 -2.10676538 0.25874893
-0.46053075 -2.12220208 0.26483001
-0.33932112 -2.09837096 0.28717010
-0.15631694 -2.04260092 0.32691893
0.06204829 -2.01464644 0.34207778
0.17086101 -1.99760818 0.34713808
0.38522273 -2.05678098 0.29591353
0.64863457 -1.94230510 0.32310609
0.85277257 -1.93818285 0.28647718
1.12038376 -1.99618435 0.20178838
1.24415543 -2.06478072 0.14748365
1.52181435 -2.01168573 0.10861973
1.63065060 -2.03300897 0.08054952
1.76652387 -1.94660157 0.07580116
2.10216740 -2.06032968 0.00404532
2.18398554 -2.11365663 -0.00664874
2.43723589 -2.00041441 -0.02003482
2.76884342 -1.95394839 -0.03042334
3.13598668 -2.07483110 -0.02152864
3.37761829 -2.04252276 -0.01709878
3.55481515 -2.09063225 -0.01197944
4.29700695 -1.95335265 0.01502310
4.49750957 -2.09978536 0.01262749
5.00000000 -2.04320686 0.02785984
-5.00000000 -1.76397607 0.04098052
-4.30958098 -1.72860649 0.02905608
-3.93755382 -1.79231247 0.01152317
-3.66738904 -1.73045274 0.00077931
-3.36231783 -1.71423623 -0.01407575
-3.14910832 -1.86779929 -0.02210481
-2.87053741 -1.85213778 -0.02431263
-2.69279647 -1.72937398 -0.01684187
-2.45071821 -1.79424349 0.00019940
-2.21756923 -1.81796198 0.02668887
-2.07725362 -1.70623061 0.06800592
-1.71163586 -1.80212252 0.12844975
-1.55514404 -1.83766615 0.15704913
-1.31642594 -1.73045119 0.26842037
-1.15682303 -1.82370229 0.27918282
-0.87249754 -1.80647841 0.36822149
-0.68928912 -1.70103156 0.46241221
-0.45332615 -1.81352476 0.44050633
-0.31092815 -1.78577017 0.46912080
-0.19983398 -1.72203355 0.50978042
-0.01263208 -1.83806539 0.44762721
0.17035651 -1.83816155 0.43987845
0.48553940 -1.82805779 0.41132409
0.67629519 -1.71667438 0.43500007
0.95657475 -1.78103361 0.33945593
1.09142230 -1.70720627 0.33738193
1.23581476 -1.74495567 0.28064140
1.47462242 -1.80369130 0.19068085
1.59778841 -1.76227355 0.17047071
1.75221715 -1.79858923 0.11745988
2.08818401 -1.80688688 0.03563705
2.22209054 -1.82751537 0.00841687
2.38710343 -1.76656863 -0.01175146
2.70052129 -1.71962120 -0.03487252
3.06134268 -1.81714110 -0.03180581
3.34551990 -1.79143528 -0.02172676
3.66627760 -1.79968587 -0.00626867
4.01548388 -1.83520103 0.00943486
4.70877974 -1.72240587 0.03851981
5.00000000 -1.76397607 0.04098052
-5.00000000 -1.58924146 0.04437939
-4.39105234 -1.57475116 0.03801108
-4.08199679 -1.55179538 0.02784285
-3.64590691 -1.64743741 0.00207039
-3.41891300 -1.59580289 -0.00902934
-3.13592102 -1.59858187 -0.02098003
-2.89605751 -1.58322460 -0.02160518
-2.66225148 -1.59887499 -0.00912872
-2.42737411 -1.58317121 0.02093035
-2.32281836 -1.57154446 0.04025922
-1.95877185 -1.60611163 0.11641898
-1.77141250 -1.57779235 0.17704523
-1.46297455 -1.59054065 0.27358923
-1.35382826 -1.62963942 0.29633982
-1.20022269 -1.62091656 0.35338924
-0.85741426 -1.58996816 0.47554148
-0.65361401 -1.54936893 0.54151244
-0.54099585 -1.62790564 0.52469375
-0.37699685 -1.59017792 0.56376359
-0.15096020 -1.63886397 0.55413281
0.00838395 -1.56765802 0.58865165
0.16865175 -1.62432143 0.55336478
0.46954645 -1.55166283 0.55193924
0.56051970 -1.59752280 0.51492382
0.92912909 -1.55341558 0.44941066
1.13820185 -1.57844921 0.37865991
1.27298280 -1.59436666 0.33071090
1.41801075 -1.57270179 0.29255763
1.63544046 -1.62413738 0.20394105
1.80446146 -1.60465098 0.15566024
1.96552175 -1.59355446 0.10745884
2.17980245 -1.63499101 0.03881219
2.46530009 -1.58292533 -0.01300604
2.66473030 -1.65077816 -0.03314784
3.16516124 -1.61844808 -0.03039698
3.29843508 -1.57468286 -0.02397592
3.72019627 -1.60488584 0.00014861
4.05793864 -1.56961234 0.02025777
4.68946608 -1.63119636 0.04123661
5.00000000 -1.58924146 0.04437939
-5.00000000 -1.47122077 0.04459933
-4.45891847 -1.44156295 0.04366625
-4.01726111 -1.48728906 0.02727013
-3.70930937 -1.50880974 0.01004076
-3.48993220 -1.43211817 -0.00060321
-3.11388659 -1.42261283 -0.01709982
-2.89323495 -1.50678273 -0.01910248
-2.69470470 -1.43299739 -0.00229512
-2.48428762 -1.48926793 0.02137442
-2.23340801 -1.41551585 0.08328162
-1.93175352 -1.41447361 0.17082491
-1.70926837 -1.45132255 0.23552387
-1.59195782 -1.46433852 0.27297347
-1.36236811 -1.45630378 0.36075334
-1.21074138 -1.48106065 0.40730858
-0.81950228 -1.45885928 0.54274339
-0.62472566 -1.41063441 0.60687184
-0.46761622 -1.43940791 0.62060771
-0.31508316 -1.48867241 0.61591316
-0.12494257 -1.41945286 0.65493174
0.06959039 -1.47297962 0.62938649
0.22361098 -1.42254564 0.64008521
0.40708909 -1.48928683 0.58945467
0.58496801 -1.43820253 0.58045807
0.99835989 -1.49082638 0.45639468
1.06947401 -1.50784160 0.42846870
1.30583383 -1.43036722 0.38343816
1.52686229 -1.42271125 0.30882029
1.65381401 -1.49387217 0.23977612
1.83074754 -1.48486538 0.17992325
2.08158309 -1.50697758 0.08821165
2.26489062 -1.49126376 0.03587412
2.46850262 -1.46570940 -0.00596342
2.61949913 -1.47101574 -0.02511845
3.04762392 -1.48140747 -0.03366885
3.27399829 -1.41069819 -0.02321737
3.57684667 -1.43382619 -0.00540164
4.24747323 -1.47864190 0.03199910
4.47632039 -1.45522946 0.04077130
5.00000000 -1.47122077 0.04459933
-5.00000000 -1.30473159 0.04259457
-4.46148380 -1.32473646 0.04615800
-4.00407879 -1.27304141 0.03359401
-3.84235172 -1.30004250 0.02457399
-3.43601964 -1.30237194 0.00036001
-3.16224106 -1.34491995 -0.01338275
-2.95640976 -1.34474430 -0.01425506
-2.73471070 -1.34711376 -0.00071729
-2.47039760 -1.35276851 0.03865651
-2.17062606 -1.27965822 0.12530108
-2.06281260 -1.32126278 0.15050675
-1.72302836 -1.30746960 0.27474466
-1.45096594 -1.33140539 0.37286465
-1.30782316 -1.32856500 0.42983361
-1.12632365 -1.34979833 0.48978074
-0.87398479 -1.25537587 0.60727508
-0.64866059 -1.32478114 0.63605162
-0.52310245 -1.22344477 0.69529379
-0.32494144 -1.25917475 0.70651189
-0.17652464 -1.22413566 0.72772221
-0.02823770 -1.24410625 0.72227902
0.16843575 -1.23094675 0.71787172
0.39026396 -1.31834063 0.66155754
0.71333026 -1.32527495 0.59772284
0.92478668 -1.33515446 0.53943960
1.06415962 -1.27933569 0.51902367
1.34595349 -1.25595040 0.43261965
1.43233763 -1.29105330 0.38892993
1.63684450 -1.32213415 0.30121007
1.84253319 -1.22746345 0.24636500
1.97119323 -1.32432400 0.16837027
2.24352513 -1.26057850 0.07504976
2.49617263 -1.31937040 0.00039960
2.82439903 -1.32104841 -0.03075243
3.16387565 -1.25569587 -0.02506693
3.35298323 -1.33009704 -0.01727197
3.62410837 -1.23793927 0.00199729
4.01212568 -1.35232597 0.02350993
4.60657725 -1.27479715 0.04571855
5.00000000 -1.30473159 0.04259457
-5.00000000 -1.08363097 0.03692281
-4.23100829 -1.07214048 0.04615272
-4.02144751 -1.09082970 0.03918157
-3.69577695 -1.05085282 0.02399754
-3.47765568 -1.15875141 0.00762954
-3.22182435 -1.08688370 -0.00176245
-3.01325058 -1.03616453 -0.00053878
-2.63740718 -1.04859333 0.03796099
-2.50310961 -1.11596203 0.05943990
-2.30014742 -1.09095856 0.11840162
-1.96370276 -1.03624744 0.25170268
-1.80078232 -1.09891388 0.30359996
-1.51074316 -1.09021473 0.42970692
-1.29725450 -1.07068704 0.52416107
-1.21080829 -1.07054617 0.55772842
-0.89636399 -1.10354744 0.65274423
-0.69220377 -1.06265222 0.71623484
-0.52135373 -1.12469484 0.72823700
-0.27271040 -1.12498534 0.75532245
-0.08216870 -1.05059717 0.78410126
0.02943254 -1.12058294 0.76168446
0.25424696 -1.15937681 0.73419593
0.40967265 -1.10758173 0.73118826
0.73565108 -1.05192246 0.68603388
0.95686687 -1.07748117 0.62047137
1.15502622 -1.07574311 0.55963106
1.34331025 -1.09145834 0.48854251
1.49033948 -1.14153833 0.41650784
1.60959461 -1.10332823 0.38024202
1.73335509 -1.07573901 0.33549291
2.08648721 -1.04797951 0.17834750
2.29641225 -1.14629557 0.07302679
2.48038761 -1.12106199 0.02123623
2.83801086 -1.16029744 -0.02452966
3.08039462 -1.06786484 -0.02190197
3.35549081 -1.11666260 -0.01189799
3.85285032 -1.15134709 0.01864916
4.21478076 -1.10004826 0.03791398
4.51500802 -1.09202739 0.04531003
5.00000000 -1.08363097 0.03692281
-5.00000000 -0.94806484 0.03247082
-4.22098062 -0.90172333 0.04829930
-4.01864365 -0.86245221 0.04384634
-3.63270646 -0.93574888 0.02387562
-3.39005751 -0.88988182 0.01235603
-3.10973916 -0.90492569 0.00441236
-2.96249892 -0.95445853 0.00570631
-2.76316926 -0.95116378 0.02495282
-2.56087210 -0.91600696 0.06767798
-2.29208339 -0.91331740 0.14880433
-2.05634963 -0.94115975 0.23419062
-1.81115529 -0.88453934 0.35370875
-1.47632409 -0.99078025 0.47505278
-1.35033896 -0.99112426 0.52788631
-1.19704538 -0.86190142 0.62519548
-0.83212324 -0.92416654 0.72286916
-0.65409724 -0.92121710 0.76335540
-0.54699701 -0.89365587 0.78882617
-0.37245183 -0.95347383 0.79580585
-0.09284507 -0.86358099 0.83193693
0.04404342 -0.96856638 0.80435358
0.24095900 -0.89765878 0.80923299
0.46536401 -0.89550985 0.78166243
0.56761956 -0.98881504 0.73964243
0.85362718 -0.96655596 0.68208929
1.09258456 -0.98126124 0.60897848
1.27623257 -0.93784868 0.55961310
1.47861958 -0.97432929 0.47201348
1.60478522 -0.91201491 0.43667730
1.83004382 -0.86347580 0.34507826
2.03199224 -0.86871635 0.24101625
2.26314488 -0.89440124 0.12204556
2.40765717 -0.87473670 0.06737788
2.87011456 -0.94197270 -0.01534844
3.08350440 -0.96275972 -0.01805434
3.27404792 -0.96134412 -0.01164128
3.53735349 -0.86753154 0.00535066
4.18535309 -0.92201495 0.03879841
4.75420730 -0.88011694 0.04133446
5.00000000 -0.94806484 0.03247082
-5.00000000 -0.71551133 0.02454741
-4.38615244 -0.66374494 0.05018489
-4.06771231 -0.62761107 0.04865584
-3.77637023 -0.67963501 0.03775818
-3.52331454 -0.62268087 0.02675750
-3.21348135 -0.68720159 0.01377810
-2.99106913 -0.61849472 0.02077312
-2.79419917 -0.66208059 0.03978423
-2.50214952 -0.75615557 0.10002039
-2.19939375 -0.67947786 0.21895193
-2.05887844 -0.71543803 0.27482045
-1.82479910 -0.73856727 0.37973428
-1.54145519 -0.63728466 0.53631414
-1.29841438 -0.71397019 0.62406324
-1.13958053 -0.67965884 0.69034298
-0.85552729 -0.72505284 0.76470088
-0.62906998 -0.79515206 0.79806664
-0.51907110 -0.74914657 0.82530296
-0.26931247 -0.79078547 0.84183703
-0.20874363 -0.71816173 0.85935201
0.07882631 -0.61021516 0.87773009
0.18022479 -0.64427530 0.86624519
0.46253064 -0.76054784 0.81284464
0.68538502 -0.69395812 0.78700708
0.94208487 -0.66692467 0.73212745
1.16292065 -0.62880542 0.67447651
1.23701678 -0.67798837 0.63921822
1.47192043 -0.70103370 0.54503847
1.67570639 -0.71859441 0.45170232
1.86116142 -0.69973922 0.36419650
2.08509753 -0.63006324 0.25216970
2.26002958 -0.78740923 0.13800259
2.48214483 -0.73437072 0.05660674
2.61500671 -0.78273198 0.02075930
3.13420288 -0.66843859 -0.00705433
3.28430491 -0.67748140 -0.00297215
3.82352018 -0.67544338 0.02564849
4.18618618 -0.63586422 0.04082444
4.72492600 -0.73541231 0.03978000
5.00000000 -0.71551133 0.02454741
-5.00000000 -0.42985971 0.01675058
-4.28088565 -0.41398845 0.05176144
-4.08821957 -0.47832454 0.05055502
-3.68249414 -0.48376978 0.03718383
-3.45555431 -0.51029943 0.02627078
-3.12492710 -0.49424756 0.02009130
-2.92544575 -0.49715065 0.03079044
-2.63594122 -0.50296202 0.08260543
-2.42643610 -0.51211940 0.14763795
-2.21016551 -0.48690034 0.23750440
-2.06597507 -0.41359549 0.31235644
-1.81277695 -0.51117372 0.42641829
-1.48639784 -0.51246779 0.58558790
-1.32049646 -0.50111980 0.65864880
-1.13754564 -0.52205179 0.72187744
-0.82940713 -0.49970807 0.81198960
-0.70758121 -0.49055197 0.83896104
-0.52506382 -0.47496276 0.87073442
-0.33505317 -0.53748867 0.88199765
-0.11165762 -0.45765264 0.90262063
-0.02779772 -0.44236449 0.90446271
0.21013878 -0.48561771 0.88824302
0.44893188 -0.42549550 0.87035866
0.65355748 -0.50786355 0.82589534
0.94264866 -0.43025064 0.77285804
1.12618876 -0.45487989 0.71697328
1.33532786 -0.40711002 0.65243148
1.53172369 -0.48152983 0.56177790
1.61790563 -0.42615154 0.53129221
1.73126528 -0.48058779 0.46860155
1.96516197 -0.42953974 0.34855899
2.29776823 -0.49561914 0.15135117
2.38874266 -0.41610907 0.11479216
2.70564378 -0.46648107 0.02256656
3.09630746 -0.44329753 -0.00141885
3.38990398 -0.45268025 0.00631567
3.64078337 -0.40731745 0.01958952
4.09498537 -0.53811779 0.03880031
4.48494755 -0.53679570 0.04328619
5.00000000 -0.42985971 0.01675058
-5.00000000 -0.35364659 0.01524589
-4.48241160 -0.37340231 0.04785214
-4.08584267 -0.29663055 0.05185246
-3.67531048 -0.31872618 0.03925174
-3.45626591 -0.30176888 0.03003148
-3.10529671 -0.27819613 0.02568300
-2.95190080 -0.25171071 0.03535284
-2.67437431 -0.27496230 0.08312247
-2.53073110 -0.33401838 0.12299109
-2.33907422 -0.28392381 0.19762970
-1.89861238 -0.37330897 0.40065629
-1.78099131 -0.30389303 0.46871207
-1.58164697 -0.31040732 0.56921107
-1.33766794 -0.35574745 0.67363727
-1.07718802 -0.27657855 0.77448752
-0.90370286 -0.37200692 0.81162997
-0.65450351 -0.27208609 0.87372542
-0.50820686 -0.25451263 0.89659788
-0.28203698 -0.28529943 0.91476274
-0.19702024 -0.30859273 0.91671139
-0.01530395 -0.37105004 0.91236936
0.30110689 -0.29671122 0.90139313
0.41646714 -0.35313374 0.88292407
0.59828061 -0.37060292 0.85392664
0.81431924 -0.34311560 0.81470575
1.15407895 -0.28214389 0.73015281
1.33749971 -0.33328316 0.66116541
1.51718495 -0.25180005 0.59712890
1.60807137 -0.29176204 0.55223636
1.77904787 -0.26923648 0.46932820
2.10622738 -0.24185521 0.27923115
2.29507886 -0.34030692 0.16404123
2.40482550 -0.36499121 0.11087930
2.86079659 -0.32688807 0.00923147
3.13678316 -0.27822005 0.00178919
3.35198428 -0.27513271 0.00724248
3.57974600 -0.33883997 0.01718991
4.12749607 -0.27282960 0.04099619
4.52557346 -0.32041871 0.04175243
5.00000000 -0.35364659 0.01524589
-5.00000000 -0.05120559 0.01176019
-4.50127885 0.02285278 0.04667946
-4.03891924 -0.16366753 0.05188793
-3.78218728 -0.11979170 0.04520698
-3.35576947 -0.15458690 0.02829475
-3.12816348 -0.07927533 0.02762439
-3.01011794 -0.04302138 0.03330511
-2.74603048 -0.00614583 0.07102501
-2.49964949 -0.01349267 0.14323262
-2.33723731 -0.10586407 0.20577839
-2.05882167 -0.14862143 0.33576854
-1.70340685 -0.06607402 0.52534420
-1.46581199 -0.15046745 0.63841474
-1.27925864 -0.10226054 0.71915751
-1.19770634 -0.10511255 0.74846526
-0.79478254 -0.12813947 0.85726941
-0.71412185 -0.00884239 0.87713590
-0.48005248 -0.07500016 0.91018343
-0.32148027 -0.06911667 0.92490225
-0.19726465 -0.04678842 0.93194516
-0.02991510 -0.14767367 0.92997647
0.21300616 -0.15801372 0.91893353
0.38440993 -0.07812037 0.90612381
0.65244973 -0.04228646 0.86781222
0.95574511 -0.06452342 0.80178786
1.07370780 0.02622124 0.77168286
1.25880244 0.01578535 0.71260865
1.45855193 -0.04268015 0.63507075
1.67490916 0.01309149 0.53763281
1.73172818 -0.13640215 0.50374552
2.01507512 -0.06339096 0.34450313
2.26935791 -0.02979523 0.18981308
2.47675237 -0.00715302 0.09278783
2.62466853 -0.03895694 0.04869809
3.15131598 -0.07177780 0.00395812
3.40015424 -0.04045522 0.01089552
3.84409773 -0.05500051 0.03187009
4.33802921 -0.03795926 0.04370880
4.49117098 0.00059233 0.04192746
5.00000000 -0.05120559 0.01176019
-5.00000000 0.15960710 0.01174463
-4.52393356 0.19388967 0.04580716
-3.92827524 0.15986809 0.05003507
-3.70413510 0.11462911 0.04262415
-3.35879453 0.14956871 0.02914671
-3.22346062 0.17858437 0.02676358
-2.88659293 0.09888273 0.04607501
-2.64558386 0.09552506 0.09651299
-2.47679905 0.08227269 0.15185238
-2.32720661 0.17804983 0.21103538
-1.98690614 0.13744159 0.37692822
-1.74934607 0.12145681 0.50282826
-1.60383442 0.10440340 0.57824282
-1.29384258 0.10517745 0.71720758
-1.18015335 0.18805242 0.75575231
-0.90094708 0.08789375 0.83817859
-0.59474102 0.15949612 0.89598783
-0.50147808 0.12472319 0.90928907
-0.38033846 0.17736128 0.92045209
-0.08822113 0.19290070 0.93299124
0.02276208 0.18542472 0.93208728
0.25955209 0.17488048 0.91921893
0.40025930 0.17757120 0.90465480
0.68588299 0.18669069 0.86068877
0.96245950 0.13658429 0.80125603
1.16345106 0.12636305 0.74381488
1.30285892 0.18163300 0.69472117
1.46839121 0.15359326 0.63098127
1.63064621 0.16132594 0.55783643
1.76346368 0.12994644 0.49163679
2.04280007 0.14845101 0.32770319
2.17925980 0.13742531 0.24249136
2.51120600 0.08555116 0.08080323
2.69860480 0.19636689 0.03344128
3.14381292 0.18444623 0.00389671
3.33916456 0.09794713 0.00865775
3.64423522 0.09050187 0.02252847
4.25368425 0.15492394 0.04342011
4.64092431 0.18678967 0.03720009
5.00000000 0.15960710 0.01174463
-5.00000000 0.28703306 0.01273135
-4.41740460 0.37842690 0.04965092
-3.93735968 0.32459300 0.04952786
-3.63228983 0.28027690 0.03886050
-3.39529509 0.25823448 0.02955309
-3.12264221 0.31618968 0.02636803
-2.96760752 0.30338527 0.03497117
-2.79235834 0.31433371 0.05864066
-2.43026716 0.36967595 0.16217756
-2.25702129 0.35021936 0.23555084
-1.90390500 0.26442004 0.41574276
-1.70928598 0.25299463 0.51869038
-1.55523162 0.33254495 0.59054404
-1.30923570 0.37100632 0.69539528
-1.06808763 0.24503062 0.78834402
-0.84075662 0.37645885 0.83725565
-0.68687286 0.27684418 0.87583883
-0.53061023 0.28924871 0.89899848
-0.38394309 0.29996793 0.91425880
-0.10259547 0.33046566 0.92559494
-0.00247239 0.28664407 0.92794419
0.18119667 0.37366925 0.91380584
0.42215377 0.30143346 0.89584455
0.68111301 0.25007200 0.85864516
0.96387233 0.33011531 0.79043286
1.16244655 0.28361811 0.73677585
1.31653353 0.33661335 0.67968320
1.49075584 0.31291654 0.61259471
1.61436450 0.31085580 0.55730437
1.76682457 0.38405968 0.47496309
1.97473405 0.28020918 0.36503927
2.21433835 0.24931136 0.21862707
2.39397425 0.37756546 0.12009428
2.78031891 0.36248300 0.01872044
3.07132761 0.29272084 0.00306045
3.33457592 0.32713036 0.00717692
3.73531404 0.38364646 0.02569686
4.04704171 0.24765419 0.03924414
4.48092498 0.36623447 0.04247662
5.00000000 0.28703306 0.01273135
-5.00000000 0.54819834 0.01719238
-4.41748012 0.46943433 0.04967433
-4.03751763 0.59247148 0.04945669
-3.67613359 0.50783284 0.03810453
-3.36917545 0.55184020 0.02414803
-3.22393857 0.49978592 0.02212283
-2.97929387 0.57798810 0.02674930
-2.65797651 0.56261525 0.07904606
-2.47356309 0.49916138 0.13894377
-2.23194565 0.48959518 0.23690023
-2.01941878 0.46320481 0.34063540
-1.73231312 0.54080742 0.47714293
-1.51579916 0.53945501 0.58364771
-1.38310768 0.54158739 0.64248849
-1.05595231 0.57415666 0.75515088
-0.79477771 0.56112588 0.82497713
-0.69523661 0.59747487 0.83956722
-0.45259136 0.49298304 0.88986068
-0.34462752 0.45069166 0.90471982
-0.15432427 0.49148934 0.90979516
0.02714031 0.50424537 0.90790467
0.26335246 0.57857442 0.88420724
0.48184358 0.56127132 0.86075163
0.56414561 0.53895282 0.85112321
0.94609895 0.53451620 0.77120204
1.08998918 0.45358413 0.74223728
1.29176860 0.58320077 0.65625603
1.44759105 0.48390081 0.61183267
1.66957596 0.52824458 0.50639553
1.80368623 0.45820267 0.44752952
1.97034965 0.48117359 0.35103668
2.24639302 0.45474962 0.18930349
2.50061613 0.51024930 0.07269076
2.65255158 0.46535087 0.03566697
3.09610612 0.48516877 -0.00016387
3.36568293 0.51115245 0.00594251
3.80835864 0.56701115 0.02750535
4.25114260 0.54451339 0.04281540
4.64740147 0.57278311 0.03918551
5.00000000 0.54819834 0.01719238
-5.00000000 0.70400237 0.02147790
-4.33781827 0.82944337 0.05032261
-4.00994094 0.83393598 0.04536911
-3.65875755 0.69562143 0.03371958
-3.45410123 0.72738704 0.02301839
-3.14884957 0.75367683 0.01402397
-2.89683876 0.74280361 0.02659784
-2.65504252 0.73453963 0.06823089
-2.52969268 0.69126523 0.10578930
-2.28383950 0.83043559 0.17469238
-2.00223231 0.70072586 0.31752265
-1.81737928 0.64971907 0.41672379
-1.45062336 0.70087903 0.58262692
-1.32309407 0.74761353 0.62570106
-1.14511227 0.65791530 0.71126871
-0.86036991 0.76132849 0.77313378
-0.61171958 0.66887576 0.84240162
-0.46124149 0.78142169 0.84243872
-0.29276246 0.69483738 0.87436988
-0.19177391 0.67105467 0.88349049
-0.03151309 0.74969505 0.87142333
0.19512124 0.79802332 0.85180793
0.44974147 0.78418875 0.82628396
0.59508702 0.83144054 0.79199187
0.91616108 0.84052070 0.71771996
1.17268921 0.65357935 0.68411959
1.33770896 0.76257231 0.60248478
1.50079922 0.76192795 0.53784082
1.67247106 0.74398076 0.46557120
1.81181241 0.80119106 0.38498524
1.98864917 0.76870327 0.29795679
2.30279195 0.69185179 0.13900799
2.39302164 0.70855275 0.09771005
2.70261193 0.70353823 0.01627801
3.12437788 0.79951009 -0.00886399
3.43108005 0.77489305 0.00346199
3.73291707 0.75627881 0.02076753
4.15086898 0.74655194 0.03969443
4.60534903 0.81757498 0.04298499
5.00000000 0.70400237 0.02147790
-5.00000000 1.06818190 0.03642024
-4.22738132 1.09863515 0.04707926
-3.98222678 1.08963600 0.03895481
-3.81544767 1.05922470 0.03170830
-3.33455988 1.00169512 0.00743336
-3.14627981 1.12613706 -0.00507316
-2.90469426 1.00564183 0.00870523
-2.68927295 0.95614109 0.04117637
-2.40641743 1.14208418 0.08221928
-2.30369650 1.11921233 0.11642757
-2.03815272 1.03749361 0.23092212
-1.71852743 1.13553486 0.33655206
-1.55839415 1.15123306 0.39992508
-1.28312475 1.02889150 0.55952317
-1.18241611 1.05338006 0.58993678
-0.96779716 0.95134466 0.69541622
-0.69941287 0.93142537 0.76891762
-0.48564542 1.00535721 0.78566708
-0.38877803 1.15348684 0.75319940
-0.21128448 0.93822734 0.82774841
0.06194490 1.10147556 0.78350554
0.23764664 1.01490508 0.79617531
0.38493373 1.12340097 0.74657300
0.58262069 1.13320231 0.70961649
0.98793215 1.10214039 0.61868377
1.09017697 0.94121980 0.63946839
1.34126996 1.00272419 0.53329016
1.52558859 0.95907370 0.47408295
1.58730237 1.04636089 0.42010902
1.76925594 1.10839648 0.32009229
2.06762181 0.93611626 0.22128355
2.30351630 1.03090943 0.09187752
2.50817765 1.14163461 0.01325383
2.72058102 0.93765431 -0.00111061
3.13078715 1.13528970 -0.02338652
3.36132885 1.03841276 -0.00863378
3.83753419 1.13667592 0.01878815
4.35533745 1.01702649 0.04372223
4.75178641 1.05146922 0.04452383
5.00000000 1.06818190 0.03642024
-5.00000000 1.30099012 0.04616642
-4.22425497 1.27238305 0.04400887
-3.91582842 1.29140250 0.02975596
-3.74312993 1.26965138 0.02030190
-3.49470487 1.27451205 0.00409403
-3.25000743 1.31612158 -0.01141122
-3.00506789 1.26374953 -0.01379075
-2.72961287 1.29972421 -0.00013712
-2.51875008 1.26232388 0.03710624
-2.18009956 1.29606124 0.11756802
-1.93909935 1.31217209 0.19340993
-1.70049608 1.23478509 0.31015462
-1.59648185 1.24388351 0.34990441
-1.37746696 1.23745115 0.44341860
-1.19631399 1.24472752 0.51318745
-0.87922684 1.24220349 0.62390168
-0.70926901 1.23744630 0.67014832
-0.48267318 1.29149583 0.69248438
-0.28925920 1.22368626 0.73869677
-0.09372255 1.23558215 0.74256574
0.05492498 1.30729207 0.71344969
0.16185432 1.27770482 0.71820931
0.38082669 1.23949126 0.70771548
0.62846646 1.28812235 0.64431588
0.98988317 1.28008623 0.55188455
1.13688838 1.21478596 0.53001862
1.31442730 1.25600699 0.45171523
1.50238596 1.30710905 0.36121916
1.60103661 1.29207139 0.32795498
1.80378776 1.23795982 0.26285095
2.00291330 1.29256081 0.16189151
2.29439135 1.29264337 0.05030097
2.51063586 1.30882801 -0.00560915
2.79975235 1.21680976 -0.02799775
3.15932307 1.27259924 -0.02805579
3.30132685 1.27738387 -0.02086625
3.64922867 1.31207876 0.00142896
4.06574334 1.30876263 0.02866729
4.68200636 1.28899509 0.04921939
5.00000000 1.30099012 0.04616642
-5.00000000 1.35823567 0.04764643
-4.35014404 1.34555471 0.04616494
-4.06769892 1.37756780 0.03474093
-3.73219755 1.40035719 0.01491412
-3.44292298 1.44528643 -0.00530298
-3.09439483 1.44621570 -0.02149596
-2.92823975 1.44222118 -0.02164324
-2.64285617 1.39148488 0.00226962
-2.54381517 1.45491548 0.01042235
-2.21074051 1.47184127 0.07460160
-1.92047382 1.45323964 0.16116042
-1.72187003 1.34416155 0.26419372
-1.56267227 1.42454289 0.29722468
-1.36786817 1.34223042 0.40586603
-1.19418112 1.37397716 0.46174625
-0.84638208 1.38839121 0.57503956
-0.70272422 1.49080213 0.56738235
-0.51236268 1.39986773 0.64414630
-0.35174582 1.43995360 0.64735937
-0.15895989 1.39608509 0.67884983
0.03820006 1.40090998 0.67604095
0.22649996 1.49592746 0.62081467
0.43687132 1.43751390 0.61953035
0.55817382 1.41913439 0.60546266
0.85745515 1.43830985 0.52551764
1.07954085 1.39031462 0.47912988
1.28719429 1.43912421 0.38953547
1.52958918 1.45424673 0.29690596
1.64957803 1.44774381 0.25481810
1.87798377 1.41943119 0.17733474
2.00398287 1.39776348 0.13468657
2.30763442 1.46676988 0.02209501
2.51482794 1.39147960 -0.01357798
2.71160286 1.43586397 -0.03546176
3.20926997 1.42395873 -0.02973186
3.35375852 1.38257601 -0.02052575
3.81929695 1.43852640 0.01002264
4.21029794 1.39567544 0.03429489
4.66822386 1.45612904 0.04817719
5.00000000 1.35823567 0.04764643
-5.00000000 1.72179319 0.04541208
-4.41018833 1.74089465 0.03377513
-4.04333394 1.61876352 0.02458073
-3.71525827 1.61671295 0.00666430
-3.51987509 1.58696193 -0.00436802
-3.11455601 1.63086484 -0.02470241
-2.95415989 1.71643073 -0.02747920
-2.70701767 1.76124666 -0.02137892
-2.51626187 1.67266000 -0.00245248
-2.30039818 1.65040275 0.03040371
-2.06092592 1.72421283 0.06595060
-1.79274544 1.69934540 0.13546449
-1.61228273 1.66296408 0.19871275
-1.38084271 1.74166103 0.24623059
-1.20649119 1.67857602 0.33045315
-0.83857752 1.75230392 0.41231283
-0.69775409 1.65509488 0.49175069
-0.48705631 1.68734600 0.51306690
-0.32844707 1.75768588 0.49460845
-0.11472626 1.70466243 0.53221157
0.07757868 1.61538372 0.57425089
0.26157043 1.71426747 0.51044959
0.48423435 1.64126820 0.51670833
0.70045752 1.60488807 0.49082968
0.86564165 1.76384274 0.37786741
1.06189370 1.73642693 0.33834012
1.34387093 1.74683651 0.25250095
1.41814567 1.63462788 0.27032533
1.67442450 1.72192815 0.16128220
1.75821846 1.70724187 0.14024235
2.12225070 1.72304150 0.03730065
2.28747047 1.61569233 0.01132568
2.45421081 1.63731173 -0.01908138
2.72262216 1.63651125 -0.03955031
3.18004207 1.65580786 -0.03229359
3.37522252 1.70334732 -0.02213151
3.68801657 1.63277283 -0.00281926
4.34937027 1.73443467 0.02938627
4.68571911 1.65929225 0.04313563
5.00000000 1.72179319 0.04541208
-5.00000000 1.88678869 0.03968869
-4.43941703 1.93502072 0.02509958
-4.00589381 1.83577337 0.01398837
-3.83272082 1.95434607 0.00241390
-3.44962710 1.90587943 -0.01295482
-3.14213706 1.91952062 -0.02357332
-2.91445657 1.86700401 -0.02696493
-2.68693394 1.86924083 -0.02166641
-2.50434241 1.97251608 -0.01328900
-2.28566947 1.83929266 0.01398850
-2.03998611 1.94248450 0.03699765
-1.69173166 1.88774177 0.11331455
-1.56143208 1.94465717 0.12885823
-1.28763604 1.91693131 0.21112972
-1.14772881 1.95688710 0.23653511
-0.88490346 1.96488116 0.30273416
-0.61814294 1.96749148 0.35318510
-0.44407005 1.88993515 0.41517271
-0.30463334 1.97018941 0.38581381
-0.17394416 1.91149307 0.42252018
0.00352543 1.84016975 0.46078346
0.25078314 1.93894339 0.39565822
0.40862275 1.84532462 0.42638295
0.71883804 1.96461097 0.31776288
0.92825237 1.89266113 0.30552350
1.06146528 1.94867733 0.25069008
1.23004490 1.90793809 0.22471048
1.49775720 1.92538779 0.15062674
1.64511215 1.90198799 0.12040898
1.86441629 1.82901174 0.08292524
2.05428464 1.87711355 0.03248666
2.19686620 1.88310294 0.00639291
2.51530628 1.97300875 -0.02769653
2.70013121 1.92223651 -0.03463183
3.11224740 1.86128705 -0.03168626
3.42045155 1.90205500 -0.01879076
3.81608680 1.97091707 -0.00172895
4.22831363 1.95161474 0.01555615
4.69109511 1.94852063 0.03062282
5.00000000 1.88678869 0.03968869
-5.00000000 2.13864619 0.02845434
-4.54290123 2.14499412 0.01725305
-3.95190285 2.08575750 0.00263792
-3.77019001 2.20635113 -0.00580533
-3.45913904 2.14398564 -0.01331280
-3.17593137 2.09214271 -0.02044329
-3.01907571 2.15363867 -0.02139790
-2.65951132 2.16021213 -0.01979444
-2.54347345 2.08998604 -0.01682711
-2.20930053 2.15641111 -0.00105471
-1.96745024 2.05090536 0.03260444
-1.76646163 2.06928341 0.05890701
-1.52525708 2.11941255 0.09044255
-1.37168618 2.20324393 0.09867454
-1.17699296 2.06688347 0.18712887
-0.78599723 2.08278780 0.27061557
-0.60589329 2.11671717 0.28347735
-0.53021541 2.20435503 0.25203220
-0.38522147 2.09591017 0.31648879
-0.11989784 2.08798157 0.33219405
0.00234648 2.09082887 0.33037836
0.28097463 2.16080620 0.28267410
0.47931437 2.20360871 0.24450000
0.69640460 2.10196539 0.25985020
0.88570281 2.11085728 0.22273183
1.08347181 2.10048035 0.18771876
1.32240595 2.18090360 0.11414006
1.53037070 2.15381892 0.08242523
1.67591053 2.11761741 0.06398018
1.82084266 2.20770301 0.02590408
2.12212188 2.10870195 0.00046469
2.24895338 2.08526839 -0.01032321
2.46683955 2.15584515 -0.02249392
2.87122820 2.11927010 -0.02752304
3.07675699 2.14560021 -0.02375949
3.39216681 2.15601236 -0.01649294
3.68584193 2.09701234 -0.00811317
4.03442360 2.16260810 0.00171524
4.52261493 2.15151853 0.01607074
5.00000000 2.13864619 0.02845434
-5.00000000 2.34371835 0.01921857
-4.39792078 2.31307762 0.00592563
-4.08362106 2.40803806 -0.00384462
-3.64388673 2.29439432 -0.00976727
-3.40215949 2.39378294 -0.01309563
-3.22574138 2.30447333 -0.01603937
-3.00149380 2.30187982 -0.01789653
-2.78544654 2.31868409 -0.01788480
-2.55069446 2.28381029 -0.01684928
-2.28059115 2.37061836 -0.01268532
-1.90370301 2.31119958 0.00792150
-1.73026669 2.41068282 0.00949243
-1.56735689 2.35060328 0.03436903
-1.35905770 2.26929032 0.08359313
-1.19828893 2.29065464 0.10855864
-0.82841428 2.34124433 0.15839942
-0.68105323 2.41324436 0.15099599
-0.49640854 2.29553379 0.21508620
-0.32231071 2.32702411 0.21306035
-0.19755265 2.36192648 0.20255271
-0.02713770 2.29693919 0.23206169
0.24230230 2.28741190 0.22720627
0.45996018 2.37870123 0.17354542
0.57588858 2.27486731 0.20311763
0.99982942 2.30083153 0.13346847
1.14380785 2.33738535 0.09994389
1.31852040 2.34205710 0.07230583
1.44096356 2.34084607 0.05482780
1.62902685 2.27468816 0.04126439
1.74726233 2.39612314 0.00927274
2.11481380 2.40885451 -0.01349896
2.18264294 2.27110176 -0.01164785
2.51007143 2.31417615 -0.01924307
2.76262706 2.40702514 -0.01601484
3.07845296 2.30969589 -0.01788459
3.27289345 2.33758784 -0.01487252
3.71930611 2.40656188 -0.00847521
4.02479043 2.42243118 -0.00427861
4.56063014 2.28534165 0.01101088
5.00000000 2.34371835 0.01921857
-5.00000000 2.56345244 0.01139401
-4.54476231 2.52081335 0.00175053
-3.95443587 2.49395098 -0.00760295
-3.78478892 2.57772243 -0.01011873
-3.35645893 2.54398774 -0.01184719
-3.13929957 2.52318065 -0.01241463
-2.89942522 2.55043253 -0.01219038
-2.62732320 2.51121696 -0.01432330
-2.56017514 2.51347356 -0.01467205
-2.22926986 2.59331585 -0.01649445
-2.02478958 2.57676504 -0.01542767
-1.73461344 2.49881648 -0.00075207
-1.45645550 2.56528038 0.01149953
-1.37107421 2.51258843 0.02882017
-1.22185053 2.49355219 0.05246537
-0.79770476 2.48615758 0.11375353
-0.67227922 2.49977293 0.12252268
-0.47058049 2.58887684 0.10952921
-0.33093036 2.53058294 0.13431986
-0.19308564 2.59883564 0.11599791
0.04857693 2.55829437 0.12882898
0.30080832 2.50018038 0.13992804
0.43311445 2.53714018 0.11991119
0.68058269 2.59162620 0.08523915
0.96922317 2.52601988 0.07286359
1.09587180 2.51306845 0.06138760
1.32024744 2.60567432 0.02030080
1.52584241 2.57459279 0.00649473
1.65873979 2.52789239 0.00142505
1.74838586 2.54145958 -0.00602932
1.95597093 2.53694754 -0.01488499
2.31040004 2.56167718 -0.01531867
2.38696522 2.49411876 -0.01516770
2.70855875 2.53097531 -0.01177537
3.07026843 2.58413312 -0.00943523
3.32129184 2.60595174 -0.00900716
3.64759367 2.56207937 -0.00883790
4.24175871 2.55064450 -0.00349872
4.47918512 2.54788895 0.00027051
5.00000000 2.56345244 0.01139401
-5.00000000 2.69103127 0.00859949
-4.28186547 2.65085001 -0.00571748
-3.99346905 2.66896055 -0.00915323
-3.76671748 2.69547395 -0.01048039
-3.47913437 2.67928831 -0.01070126
-3.14050295 2.77549980 -0.00871092
-2.88207225 2.78026617 -0.00857723
-2.71759056 2.71774359 -0.01050517
-2.50645950 2.72434247 -0.01340840
-2.26789416 2.67181193 -0.01700827
-1.95106937 2.68379043 -0.01884800
-1.76782490 2.75514263 -0.01980778
-1.60985879 2.71822257 -0.01374293
-1.36220077 2.72470915 0.00037248
-1.19552087 2.67254183 0.02281354
-0.84820835 2.73366541 0.04856461
-0.70343571 2.79103829 0.04973246
-0.46063656 2.78764719 0.06266168
-0.35198251 2.69833886 0.08510406
-0.15645804 2.74341626 0.07866840
0.06847946 2.70948224 0.08571782
0.24993416 2.69213572 0.08545186
0.48837336 2.74388815 0.06371031
0.56330284 2.69120312 0.07018965
0.94297314 2.67728376 0.04318784
1.14635858 2.74477359 0.01612469
1.25881326 2.79024956 0.00323662
1.47523943 2.77046490 -0.00880488
1.62423729 2.77063172 -0.01610083
1.76938361 2.76541112 -0.02062515
2.05151233 2.78733193 -0.02149757
2.28514390 2.65775646 -0.01526279
2.43327033 2.67225867 -0.01161009
2.87020668 2.65246824 -0.00783354
3.07166153 2.71018495 -0.00680168
3.30454564 2.75997215 -0.00687362
3.59903313 2.77859674 -0.00760039
4.21933687 2.67113669 -0.00537994
4.63444378 2.76399975 -0.00037115
5.00000000 2.69103127 0.00859949
-5.00000000 2.96341748 0.00794262
-4.24551443 2.92924741 -0.00634966
-4.04863160 2.89231347 -0.00847762
-3.78498594 2.96672127 -0.00887552
-3.44510885 2.89502168 -0.00905994
-3.25682389 2.93189909 -0.00804433
-3.01708920 3.00335814 -0.00723591
-2.74948727 2.89787553 -0.00883038
-2.49816663 2.98442183 -0.01265062
-2.28208645 2.99878918 -0.01703363
-2.03025681 2.91793848 -0.02189307
-1.80192278 2.94317288 -0.02365708
-1.58241653 2.89089090 -0.02039294
-1.33914028 2.97593925 -0.01224067
-1.14351411 3.03303051 -0.00119447
-0.92326090 3.05109031 0.01269108
-0.68945424 3.03727694 0.02557986
-0.44359709 3.07741660 0.03204014
-0.35566394 2.86611332 0.05343346
-0.14057227 2.86815595 0.05643102
0.07496936 2.94413195 0.04629726
0.30658645 2.88553630 0.04844706
0.46373969 2.97449343 0.03398936
0.64019923 3.01404299 0.02404814
0.82641222 2.90126072 0.02220808
1.12826406 3.03324830 -0.00147611
1.22806274 3.00262941 -0.00591998
1.45171822 3.02720651 -0.01596912
1.60501115 3.01607827 -0.02079073
1.86741919 3.00317331 -0.02412651
2.05158175 3.04779691 -0.02118758
2.30282698 2.91051325 -0.01389345
2.43106967 2.96987053 -0.00993324
2.78816888 2.99309189 -0.00494585
3.03205412 2.90248625 -0.00480821
3.34111814 3.01025818 -0.00545709
3.59710296 2.86800527 -0.00699284
4.23956239 2.99680277 -0.00420242
4.70163154 2.93850292 0.00123189
5.00000000 2.96341748 0.00794262
-5.00000000 3.28214058 0.01254440
-4.38448669 3.18199239 -0.00034607
-3.99709821 3.32482200 -0.00168917
-3.74766741 3.39815420 -0.00266465
-3.34893092 3.24965340 -0.00666598
-3.19324234 3.25922134 -0.00700367
-2.89923066 3.30983130 -0.00832012
-2.72947858 3.23049381 -0.00934427
-2.46942070 3.24781858 -0.01258903
-2.16743004 3.31532683 -0.01541194
-1.96859119 3.18497362 -0.01974530
-1.82861337 3.35338775 -0.01495658
-1.58615666 3.18680101 -0.01844600
-1.38402140 3.27343196 -0.00986590
-1.19598452 3.24332304 -0.00258116
-0.78545030 3.23745641 0.01766943
-0.66748919 3.24604817 0.02211561
-0.54600156 3.21593163 0.02583901
-0.36102392 3.21331760 0.02990958
-0.14858353 3.22418450 0.03197552
0.05178582 3.25578416 0.03151050
0.23936796 3.30377477 0.02958250
0.39899254 3.25136613 0.02626505
0.72399552 3.32489016 0.01758146
0.92477005 3.32434894 0.01020598
1.16392813 3.21650454 -0.00232316
1.28126078 3.18930774 -0.00764816
1.52532939 3.36453379 -0.00918541
1.64762115 3.18007812 -0.01895384
1.82195141 3.37939408 -0.01443860
2.11379101 3.39280996 -0.01481926
2.27676026 3.18760834 -0.01422563
2.38718707 3.20073387 -0.01166140
2.68960230 3.36045911 -0.00912675
3.14370980 3.23214838 -0.00557732
3.42122350 3.31456193 -0.00478331
3.69007078 3.30636303 -0.00335766
4.21498544 3.21752606 -0.00073248
4.72235492 3.19140028 0.00553826
5.00000000 3.28214058 0.01254440
-5.00000000 3.60916980 0.01776488
-4.39991917 3.59801782 0.00995061
-4.10480147 3.48997658 0.00335397
-3.74257148 3.54482297 -0.00015872
-3.38731375 3.64318524 -0.00374962
-3.13662898 3.61767156 -0.00716149
-2.86127376 3.51570361 -0.00944999
-2.63423230 3.51531956 -0.01081991
-2.54902522 3.60333301 -0.01091887
-2.30581629 3.62727166 -0.00993665
-1.94198067 3.57712116 -0.00748050
-1.74993560 3.49675167 -0.00800222
-1.50337762 3.59397709 0.00301447
-1.36933007 3.59479034 0.00746413
-1.06495575 3.66741770 0.02287279
-0.86039355 3.66734618 0.02962646
-0.68457658 3.55598341 0.02970407
-0.53459696 3.57409200 0.03368684
-0.31728394 3.53342850 0.03543061
-0.10469383 3.51086284 0.03596098
0.10550631 3.58076107 0.03756125
0.19951300 3.50718689 0.03439304
0.41103692 3.66506663 0.03702589
0.63345573 3.63676912 0.03154405
0.98414004 3.59478434 0.01987346
1.15417577 3.48537130 0.00866358
1.25871783 3.62496101 0.01273947
1.44858078 3.50156791 -0.00010766
1.59997762 3.62413371 0.00206492
1.82681633 3.53403129 -0.00809703
1.97116025 3.54625954 -0.01009294
2.24192197 3.65344125 -0.01134401
2.51112982 3.56000620 -0.01251105
2.78735435 3.62615151 -0.01170576
3.01527535 3.59864965 -0.00919631
3.38511428 3.52119147 -0.00470447
3.76564172 3.49131968 -0.00056569
4.18991704 3.52204761 0.00531877
4.48405879 3.59755684 0.01096274
5.00000000 3.60916980 0.01776488
-5.00000000 3.78616897 0.01946267
-4.28637054 3.84111468 0.01375046
-4.07427300 3.89978094 0.01190391
-3.81178709 3.87186792 0.00686729
-3.40416755 3.85649466 -0.00146992
-3.12067160 3.88753418 -0.00664800
-2.87266792 3.90685333 -0.00972848
-2.74204244 3.85463596 -0.01034523
-2.43729422 3.85219994 -0.00825126
-2.20337300 3.86105455 -0.00369183
-1.92335866 3.79232354 0.00132994
-1.71054096 3.87406397 0.01177652
-1.50528965 3.85490927 0.01801757
-1.34858639 3.78423063 0.01942878
-1.05825142 3.85700386 0.03279093
-0.88386269 3.82185928 0.03593006
-0.70483449 3.80363702 0.03923070
-0.46073965 3.77880749 0.04228092
-0.33744089 3.84747377 0.04568643
-0.15592940 3.82766430 0.04602476
0.03567031 3.89377365 0.04776740
0.27558822 3.86917516 0.04569400
0.49099889 3.84969855 0.04254406
0.60011668 3.72523259 0.03596638
0.87575237 3.89797523 0.03732861
1.15302659 3.75110624 0.02299936
1.26289589 3.83121497 0.02400466
1.42263966 3.75656309 0.01492969
1.59727759 3.75693662 0.00931438
1.86545494 3.80014391 0.00252994
2.08399157 3.80138193 -0.00484433
2.22693438 3.86685288 -0.00809479
2.47195625 3.73046503 -0.01340950
2.74425848 3.77391719 -0.01346273
3.01016358 3.77060084 -0.01045741
3.38198002 3.84219694 -0.00391198
3.74805286 3.84343427 0.00351057
4.01354444 3.87574568 0.00899673
4.58612066 3.76977873 0.01556631
5.00000000 3.78616897 0.01946267
-5.00000000 4.12644060 0.01919483
-4.42038411 4.21765524 0.02012838
-3.90956215 4.20924202 0.01427343
-3.78840631 4.28263999 0.01295636
-3.34278364 4.19596759 0.00086231
-3.17444262 4.18679826 -0.00335762
-2.88366534 4.20738119 -0.00791991
-2.65094069 4.10793354 -0.00840348
-2.44580488 4.09096491 -0.00514984
-2.32220852 4.03428734 -0.00300232
-1.98202082 4.14017194 0.01209511
-1.76112240 4.04235638 0.01767949
-1.55693519 4.09336914 0.02827973
-1.30058949 4.15965139 0.03965370
-1.22212266 4.26967162 0.04502896
-0.81556460 4.02938349 0.04482427
-0.65223347 4.05372351 0.04765487
-0.52029313 4.08567009 0.04950933
-0.26679507 4.02700371 0.05021472
-0.16481603 4.13341478 0.05158174
-0.02734464 4.24987281 0.05146196
0.28947135 4.01398881 0.04908655
0.41291192 4.30427891 0.05022865
0.56326682 4.01859772 0.04654211
0.92883179 4.22633266 0.04665939
1.09325011 4.27046070 0.04544999
1.27565723 4.00865160 0.03243832
1.50814529 4.18042601 0.03281210
1.65281126 4.00171914 0.01974752
1.86420495 4.29157083 0.02197181
1.96429419 4.13644725 0.01115939
2.31001477 4.27716944 -0.00508653
2.50986734 4.26953338 -0.01247976
2.72554353 4.18403088 -0.01459052
3.00559365 4.13461003 -0.01108070
3.38089930 4.16555798 -0.00206259
3.66278738 4.07059089 0.00413972
4.06115433 4.31251215 0.01503064
4.72704501 4.25010465 0.01973557
5.00000000 4.12644060 0.01919483
-5.00000000 4.68465326 0.00741397
-4.56489031 4.62762406 0.01849398
-3.95122218 4.68473231 0.01976489
-3.79830710 4.56631761 0.01667854
-3.34013601 4.78032557 0.00949938
-3.19518273 4.65238392 0.00362679
-2.97972426 4.73713503 0.00095605
-2.63739298 4.49246947 -0.00295484
-2.40573992 4.47123358 0.00300538
-2.18503383 4.72126354 0.01837096
-2.04914354 4.74292615 0.02568269
-1.77197154 4.48134663 0.03309505
-1.53702877 4.62719349 0.04592216
-1.37417962 4.54530820 0.04834844
-1.15905758 4.67739469 0.04876365
-0.90141163 4.61927874 0.04604814
-0.65978485 4.55484308 0.04550701
-0.45105051 4.47049879 0.04725265
-0.30614059 4.48723139 0.04648085
-0.20340816 4.76211248 0.03191641
0.10333364 4.55581130 0.04371598
0.22345042 4.59595391 0.04224575
0.36813616 4.66638332 0.03963665
0.55531577 4.77569398 0.03592371
0.98830931 4.75453067 0.04441028
1.16665127 4.53594838 0.04802030
1.34252741 4.49225964 0.04585874
1.48923594 4.58155028 0.04454359
1.59207968 4.48066483 0.03972475
1.78457250 4.56315568 0.03429394
1.98113592 4.54418174 0.02267282
2.23126070 4.68159835 0.00825672
2.46536381 4.63323216 -0.00565559
2.74259027 4.67098140 -0.00897981
3.12741430 4.60574658 -0.00399478
3.42203776 4.48816998 0.00216273
3.83759630 4.48681965 0.01225508
4.34086773 4.52404376 0.01869946
4.65904967 4.52142737 0.01787641
5.00000000 4.68465326 0.00741397
-5.00000000 5.00000000 -0.00529405
-4.34706111 5.00000000 0.01670933
-3.98081777 5.00000000 0.02072126
-3.77666781 5.00000000 0.02019581
-3.40531439 5.00000000 0.01488366
-3.18296162 5.00000000 0.01031825
-2.93075288 5.00000000 0.00650146
-2.71924874 5.00000000 0.00704766
-2.47160818 5.00000000 0.01310823
-2.27669481 5.00000000 0.02074047
-1.96989661 5.00000000 0.03458647
-1.77407723 5.00000000 0.04230436
-1.52335206 5.00000000 0.04766769
-1.30781787 5.00000000 0.04546332
-1.18180650 5.00000000 0.04122114
-0.84919761 5.00000000 0.02662194
-0.64591529 5.00000000 0.01957640
-0.50097352 5.00000000 0.01589634
-0.33612375 5.00000000 0.01304021
-0.14199627 5.00000000 0.01144305
0.03014353 5.00000000 0.01157226
0.23808106 5.00000000 0.01358457
0.42942552 5.00000000 0.01714344
0.61385938 5.00000000 0.02203341
0.93405276 5.00000000 0.03272630
1.12888146 5.00000000 0.03891866
1.26918639 5.00000000 0.04245494
1.48785800 5.00000000 0.04535852
1.62429346 5.00000000 0.04498996
1.78411321 5.00000000 0.04187027
2.04491451 5.00000000 0.02930360
2.26061042 5.00000000 0.01448316
2.40844332 5.00000000 0.00600739
2.74814449 5.00000000 -0.00104748
3.15408530 5.00000000 0.00410424
3.32544759 5.00000000 0.00748292
3.66229317 5.00000000 0.01330459
4.20574974 5.00000000 0.01556901
4.62539289 5.00000000 0.00852110
5.00000000 5.00000000 -0.00529405
