-5.00000000 -5.00000000 -0.00529405
-4.01520746 -5.00000000 0.02061693
-3.34919613 -5.00000000 0.01375088
-3.02127219 -5.00000000 0.00749677
-2.41898368 -5.00000000 0.01497904
-2.08135036 -5.00000000 0.02956681
-1.33836857 -5.00000000 0.04621370
-0.88740420 -5.00000000 0.02819520
-0.77830074 -5.00000000 0.02391229
-0.09767668 -5.00000000 0.01133974
0.20494085 -5.00000000 0.01313170
0.66051045 -5.00000000 0.02347923
1.02667555 -5.00000000 0.03579875
1.41532376 -5.00000000 0.04482053
1.63962301 -5.00000000 0.04482397
2.11483047 -5.00000000 0.02453595
2.71911733 -5.00000000 -0.00103683
3.47029729 -5.00000000 0.01023204
3.91823624 -5.00000000 0.01576484
5.00000000 -5.00000000 -0.00529405
-5.00000000 -4.20769534 0.01785630
-4.05468499 -4.39190692 0.01852286
-3.32319448 -4.01456702 -0.00146614
-2.98126229 -4.03663722 -0.00770952
-2.45469851 -3.99806125 -0.00652851
-2.01250518 -4.43429167 0.01955259
-1.19319792 -4.45537335 0.04828714
-0.98932768 -3.91650065 0.03333638
-0.58101616 -4.28840470 0.04857936
-0.29408603 -4.35472322 0.04859878
0.19130880 -4.36443968 0.04844702
0.78915532 -4.09757254 0.04299182
1.16292858 -4.35030296 0.04512583
1.47559581 -4.13922033 0.03078413
1.59848070 -3.98794888 0.01926446
1.97760813 -4.08464608 0.00811418
2.65544042 -4.48318184 -0.01181523
3.41716285 -4.01302906 -0.00203387
4.21600856 -4.36186319 0.01732944
5.00000000 -4.20769534 0.01785630
-5.00000000 -3.44329513 0.01271808
-4.19429063 -3.20726831 -0.00555690
-3.34705260 -3.45056152 -0.00516325
-3.09283729 -3.21294767 -0.00542273
-2.30057036 -3.39303347 -0.01396883
-1.90232205 -3.36358290 -0.01954369
-1.38735572 -3.27718640 -0.02231368
-0.93576922 -3.53936929 0.01110157
-0.71049146 -3.40692398 0.00900380
-0.22391828 -3.23702988 0.00866095
0.31189486 -3.43116514 0.01575991
0.76611034 -3.25739871 -0.00399416
0.95920823 -3.34118603 -0.00510590
1.47749816 -3.24044929 -0.02476346
1.75989851 -3.30818201 -0.02326585
2.12205571 -3.41482951 -0.01569383
2.53265479 -3.37764338 -0.00849039
3.56186113 -3.32835989 -0.00378104
4.16475091 -3.61193917 0.00555290
5.00000000 -3.44329513 0.01271808
-5.00000000 -2.78078899 -0.00003046
-4.27203789 -2.61588242 -0.01269026
-3.36212000 -2.98408469 -0.00732329
-3.02581379 -2.88428557 -0.00422789
-2.41270860 -2.66083852 -0.01488946
-1.96502169 -2.59364632 -0.02631027
-1.61681403 -2.81863010 -0.03834790
-1.01932113 -2.94608427 -0.01836991
-0.59559126 -2.71245873 0.02689113
-0.21372083 -2.89009827 0.01301744
0.20691324 -2.49769355 0.09630599
0.68010384 -2.61219921 0.03671025
1.02405899 -2.64035393 0.00578153
1.42883778 -2.70171644 -0.02638160
1.76838453 -2.91820103 -0.03681784
1.94778009 -2.52981188 -0.02478490
2.58197804 -2.89652135 -0.00134440
3.21851691 -2.95783811 -0.00197439
3.81049669 -2.65005583 -0.01036444
5.00000000 -2.78078899 -0.00003046
-5.00000000 -2.03281683 0.02845018
-3.76616555 -2.27503012 -0.00995767
-3.38172471 -2.13493910 -0.01452904
-3.01358341 -2.10550699 -0.01954118
-2.57642849 -2.11361073 -0.01586842
-2.09970946 -2.06278657 0.01207890
-1.52525386 -2.24169068 0.04123863
-0.86456907 -2.13055753 0.20604913
-0.51638344 -2.05549272 0.29637069
-0.26288641 -2.13544568 0.27019079
0.14572564 -2.01040628 0.34103840
0.60803118 -1.89732103 0.35422309
0.96462782 -2.18885331 0.14868559
1.48390147 -2.17513112 0.06677351
1.70430249 -1.89961400 0.10156943
1.93331916 -2.20529016 0.00404349
2.60630934 -2.26940348 -0.01520055
3.44619949 -2.03749241 -0.01530086
4.20414446 -1.95398249 0.01186269
5.00000000 -2.03281683 0.02845018
-5.00000000 -1.68177323 0.04307231
-3.92176909 -1.74197216 0.01288803
-3.31524773 -1.72324342 -0.01626684
-2.79028094 -1.77642370 -0.02235397
-2.42450694 -1.80956133 0.00189738
-1.86740378 -1.74200182 0.10689056
-1.21224708 -1.78475247 0.27915184
-0.90541052 -1.81359529 0.35629618
-0.66040404 -1.67047783 0.48316512
-0.21664250 -1.77842890 0.47861142
0.15216290 -1.72276948 0.50440759
0.75092605 -1.78119745 0.38726679
0.96448906 -1.70178264 0.37410553
1.41300632 -1.68634742 0.25168959
1.71127738 -1.78630892 0.13174649
1.97255046 -1.69469816 0.08348912
2.90747054 -1.75256531 -0.03618235
3.25630864 -1.69578675 -0.02629977
3.99530574 -1.73361380 0.01193605
5.00000000 -1.68177323 0.04307231
-5.00000000 -1.48880573 0.04466126
-3.81375728 -1.34517119 0.02151642
-3.56579246 -1.53315670 0.00086018
-3.13246445 -1.42580702 -0.01679379
-2.60833058 -1.51284807 0.00188343
-1.94095981 -1.53283191 0.13869057
-1.36003149 -1.53071792 0.33294843
-1.03035203 -1.26729770 0.55431734
-0.63697448 -1.32985435 0.63643830
-0.00154031 -1.50802502 0.61632451
0.20074607 -1.33658211 0.67655055
0.51746639 -1.29077158 0.65123069
1.12998018 -1.30728291 0.48790591
1.47891556 -1.52448022 0.28984460
1.79933042 -1.32228952 0.23757015
2.22052929 -1.47426128 0.05052123
2.63150846 -1.32359737 -0.01886437
3.16218391 -1.54908923 -0.03025173
4.04603652 -1.40612044 0.02406532
5.00000000 -1.48880573 0.04466126
-5.00000000 -0.89343777 0.03059060
-3.94723988 -1.08703048 0.03609845
-3.40424216 -1.10999276 0.00524167
-3.06454487 -0.96520039 0.00197775
-2.32357350 -1.11143995 0.10803398
-1.95662378 -0.85652354 0.29425365
-1.37898892 -1.11715719 0.47596207
-0.89874304 -0.82119989 0.73156313
-0.80344692 -0.90873701 0.73407561
-0.27345926 -0.94372952 0.80632004
0.09340485 -0.81366783 0.83891129
0.76279243 -1.05621057 0.67831753
0.97295190 -1.08857443 0.61227673
1.47103982 -1.02980245 0.45871363
1.80449165 -0.90628612 0.34727411
1.96372444 -1.06591007 0.23307057
2.85290544 -1.01815999 -0.01835199
3.59894354 -0.93079281 0.00763266
3.78838897 -0.90099418 0.01985462
5.00000000 -0.89343777 0.03059060
-5.00000000 -0.66672821 0.02299488
-4.21647334 -0.66979651 0.05041784
-3.33690173 -0.68217954 0.01706298
-2.86690673 -0.63611811 0.03105690
-2.32155653 -0.74772337 0.16141543
-1.89169967 -0.70967762 0.35355897
-1.60292817 -0.53033789 0.52753478
-0.85522459 -0.61017815 0.78745355
-0.66350702 -0.74995970 0.80147962
-0.21688760 -0.64093693 0.87281312
0.14278176 -0.70130845 0.85858485
0.55332071 -0.68263727 0.81389035
1.14719289 -0.67533101 0.66986178
1.32608602 -0.50251385 0.64116768
1.62655140 -0.74471500 0.46844888
1.99775769 -0.52709716 0.31719842
2.50679256 -0.57863833 0.06091888
3.23189307 -0.66003289 -0.00439157
3.94596914 -0.59066054 0.03266724
5.00000000 -0.66672821 0.02299488
-5.00000000 -0.20005958 0.01297474
-4.01553007 -0.06163176 0.05184656
-3.57556495 -0.21633206 0.03603079
-3.12533794 -0.03436831 0.02797038
-2.29379577 -0.17673172 0.22228733
-2.05517943 -0.05458264 0.34098221
-1.50224242 0.00410110 0.62777713
-0.93892624 -0.14224266 0.82330780
-0.72720621 -0.08384414 0.87261245
-0.23852976 -0.21886862 0.92214808
0.30504321 -0.00058393 0.91649538
0.72922047 -0.24284419 0.84237659
0.95757732 -0.12710637 0.79850893
1.28835539 -0.17665460 0.69405781
1.57635015 -0.29600425 0.56641382
2.17073687 -0.34981440 0.23265260
2.89131319 -0.03804456 0.01109055
3.60533550 -0.29280453 0.01896948
4.12837951 -0.24488439 0.04110532
5.00000000 -0.20005958 0.01297474
-5.00000000 0.40746058 0.01437406
-4.04147099 0.40061684 0.05122453
-3.25899253 0.43744429 0.02380856
-2.95425819 0.43999115 0.03316813
-2.37894658 0.50499432 0.17379301
-1.79322195 0.31414826 0.47074154
-1.60414070 0.32546869 0.56708018
-0.86199718 0.54521886 0.81203476
-0.58638335 0.37705079 0.88461342
-0.32447875 0.44001671 0.90733034
0.27305232 0.47914584 0.89606865
0.63604467 0.54590569 0.83771592
1.10889801 0.27647912 0.75386939
1.46891704 0.38394390 0.61519320
1.73788667 0.18508339 0.50344491
2.00020922 0.52399513 0.32838965
2.70448144 0.20371335 0.03234973
3.44861723 0.42329875 0.01091129
3.92851590 0.37482580 0.03455019
5.00000000 0.40746058 0.01437406
-5.00000000 0.80580326 0.02496107
-3.74284488 0.83415764 0.03444753
-3.43434554 0.78192464 0.02046370
-3.07409952 0.90027730 0.00793351
-2.34592073 0.79633429 0.15628612
-1.88954174 0.85460464 0.34042482
-1.41367885 0.82672230 0.56797580
-1.05964480 0.89950423 0.68148719
-0.67770490 0.76076860 0.81325251
-0.25262751 0.83605157 0.84928707
0.22067649 0.70312312 0.86796980
0.65170284 0.81512055 0.78495760
1.02291827 0.87618676 0.67847504
1.41513624 0.70498388 0.58571128
1.56255310 0.75205460 0.51364308
1.97243819 0.75502178 0.30951912
2.93038948 0.81594294 -0.00836610
3.61021128 0.83984016 0.01198013
4.21266689 0.68913883 0.04162063
5.00000000 0.80580326 0.02496107
-5.00000000 1.07905073 0.03694221
-4.19231012 1.16809460 0.04504838
-3.51735332 1.09526680 0.01299021
-2.94881307 1.05402312 0.00233540
-2.50616510 1.07391586 0.06703511
-1.91917844 1.15493322 0.24682032
-1.35821136 1.00553842 0.53704536
-1.05318109 1.17164445 0.59415884
-0.80932463 1.16394664 0.67189785
-0.21663818 1.08384426 0.78818971
0.11190578 0.98151102 0.81464698
0.56902125 1.14462390 0.70849099
0.93325698 1.10669914 0.63311992
1.48351266 1.13095396 0.43365396
1.65328446 1.16536270 0.35147394
2.06563051 1.21695926 0.15442008
2.66906977 1.04626834 -0.00393955
3.33219723 1.22378266 -0.01723163
4.04315875 1.04939258 0.03219567
5.00000000 1.07905073 0.03694221
-5.00000000 1.46782608 0.04893590
-3.87212461 1.54118397 0.01845866
-3.33472550 1.56681886 -0.01463144
-2.97956169 1.46263199 -0.02303767
-2.46845272 1.66226201 0.00399987
-2.05362550 1.58479989 0.09289718
-1.44059605 1.32280316 0.38407126
-0.97595310 1.50112814 0.48649641
-0.76614596 1.39205018 0.59515573
-0.09375174 1.33617605 0.70478290
0.32770576 1.50315032 0.60596483
0.72250123 1.62083718 0.47832012
1.14750483 1.59653314 0.37177872
1.45667699 1.63853223 0.25640907
1.64835083 1.63220599 0.19597103
2.28449230 1.66754260 0.00742345
2.89960577 1.60306212 -0.04114713
3.42105646 1.57976145 -0.01908131
4.26942700 1.49980134 0.03430178
5.00000000 1.46782608 0.04893590
-5.00000000 1.99014477 0.03528846
-3.93895963 1.87974568 0.00938330
-3.48248471 2.09075076 -0.01259823
-3.02555556 1.83758330 -0.02664234
-2.46375358 1.93010458 -0.00932634
-2.10370509 1.86237443 0.03771520
-1.40405508 1.83426248 0.20587614
-0.98568768 1.83269383 0.33542358
-0.62209324 1.84263378 0.41427613
-0.27458286 1.98814039 0.37831493
0.17305087 2.11215291 0.31339480
0.57931089 2.08181944 0.28699905
1.05687607 1.96899821 0.24367142
1.34442323 1.97451937 0.17298479
1.72145661 2.04388619 0.07053090
2.11749199 1.96875406 0.01173935
2.66176751 1.87858636 -0.03498422
3.48687469 2.02548584 -0.01513219
4.14959482 2.11075055 0.00682173
5.00000000 1.99014477 0.03528846
-5.00000000 2.31508083 0.02043724
-4.13501756 2.52940569 -0.00577817
-3.22286164 2.28492908 -0.01640922
-2.92908670 2.33552321 -0.01731453
-2.60150160 2.48702077 -0.01480916
-2.00788224 2.23156270 0.00792171
-1.59380367 2.25902661 0.04806816
-0.94409561 2.43330720 0.11051762
-0.62037154 2.34532499 0.18291036
-0.21139406 2.29460857 0.23140570
0.27776835 2.30466797 0.21752532
0.66737678 2.34664344 0.16427057
1.05062590 2.37752241 0.10228732
1.44735067 2.20666745 0.08454249
1.57437108 2.50073710 0.01178994
2.15293252 2.44367219 -0.01517389
2.47087023 2.44306096 -0.01566993
3.40694767 2.20314895 -0.01536690
3.80088395 2.37923686 -0.00720115
5.00000000 2.31508083 0.02043724
-5.00000000 2.88364171 0.00748879
-4.28767994 3.04755967 -0.00424198
-3.29148608 3.10809303 -0.00733322
-2.83211907 3.02047031 -0.00788520
-2.42666351 2.80324685 -0.01452503
-1.88834281 2.67104105 -0.01787716
-1.59918846 2.74899806 -0.01524683
-1.04710606 3.03937748 0.00506861
-0.52276842 2.97928398 0.03598243
-0.15370196 2.92719375 0.04872596
0.30660896 3.03938121 0.03419494
0.50092309 2.90679286 0.03885046
1.09689277 3.15674249 -0.00044850
1.42106425 2.89581678 -0.01242212
1.61769414 2.78318492 -0.01644374
2.08397620 2.67914811 -0.01966141
2.51102771 2.94002949 -0.00800903
3.33296140 2.75071812 -0.00707314
4.19740569 2.66032542 -0.00550510
5.00000000 2.88364171 0.00748879
-5.00000000 3.65795309 0.01833986
-3.78800691 3.39669495 -0.00230523
-3.46561341 3.55977346 -0.00346519
-2.91142526 3.36190516 -0.00847022
-2.52619373 3.35710755 -0.01167208
-1.85568780 3.74093384 0.00099898
-1.35207615 3.61775999 0.00944293
-0.90340459 3.57978765 0.02419499
-0.78543871 3.68832871 0.03264121
0.00837638 3.69655147 0.04189389
0.18665883 3.56501920 0.03637574
0.59335405 3.35457825 0.02245226
1.08220818 3.34825639 0.00502975
1.43590079 3.56994939 0.00402069
1.63958464 3.68534791 0.00415728
2.22093608 3.63454225 -0.01131106
2.49252857 3.55495538 -0.01252796
3.40961836 3.68335767 -0.00398107
4.22267742 3.51694552 0.00564924
5.00000000 3.65795309 0.01833986
-5.00000000 3.89779701 0.01992412
-4.33171526 3.86024653 0.01468189
-3.31958544 4.11499958 -0.00065771
-2.93679583 4.04991794 -0.00856702
-2.35097894 4.16701546 -0.00126495
-1.89579213 4.10663114 0.01461361
-1.54543777 4.04010582 0.02621110
-1.04992884 4.18086242 0.04530717
-0.64098875 3.88359571 0.04321575
-0.02471736 3.97401876 0.04967653
0.23337889 3.94326500 0.04798609
0.75105044 3.89275583 0.03966900
1.09361438 3.97097116 0.03546051
1.37031621 4.14922580 0.03577206
1.81270478 3.85975051 0.00704119
2.25651511 3.82516865 -0.00954955
2.67291975 3.87879161 -0.01452453
3.34997711 4.00965836 -0.00384395
4.11961005 4.07821981 0.01367829
5.00000000 3.89779701 0.01992412
-5.00000000 5.00000000 -0.00529405
-4.01520746 5.00000000 0.02061693
-3.34919613 5.00000000 0.01375088
-3.02127219 5.00000000 0.00749677
-2.41898368 5.00000000 0.01497904
-2.08135036 5.00000000 0.02956681
-1.33836857 5.00000000 0.04621370
-0.88740420 5.00000000 0.02819520
-0.77830074 5.00000000 0.02391229
-0.09767668 5.00000000 0.01133974
0.20494085 5.00000000 0.01313170
0.66051045 5.00000000 0.02347923
1.02667555 5.00000000 0.03579875
1.41532376 5.00000000 0.04482053
1.63962301 5.00000000 0.04482397
2.11483047 5.00000000 0.02453595
2.71911733 5.00000000 -0.00103683
3.47029729 5.00000000 0.01023204
3.91823624 5.00000000 0.01576484
5.00000000 5.00000000 -0.00529405
