-5.00000000 -5.00000000 2.50000000
-4.34308030 -5.00000000 2.28951148
-4.03644839 -5.00000000 2.29439024
-3.46682407 -5.00000000 2.48920651
-2.94938322 -5.00000000 2.88203208
-2.56679321 -5.00000000 3.29282563
-2.40223909 -5.00000000 3.49175070
-2.12353932 -5.00000000 3.83266770
-1.72996097 -5.00000000 4.29182374
-1.43244335 -5.00000000 4.61508075
-1.18103543 -5.00000000 4.86833672
-1.02398044 -5.00000000 5.01592772
-0.70086589 -5.00000000 5.28983465
-0.48086995 -5.00000000 5.44897332
-0.20640023 -5.00000000 5.61120543
0.04113460 -5.00000000 5.71994552
0.34897024 -5.00000000 5.80329269
0.60721228 -5.00000000 5.82847090
1.04635296 -5.00000000 5.77982650
1.34277060 -5.00000000 5.69494406
1.72493390 -5.00000000 5.54532980
2.04117256 -5.00000000 5.39964600
2.21745232 -5.00000000 5.31451435
2.67585615 -5.00000000 5.10809261
2.97257402 -5.00000000 5.00716394
3.20303976 -5.00000000 4.95854010
3.49387908 -5.00000000 4.95853285
3.88890946 -5.00000000 5.08454948
4.29964738 -5.00000000 5.35948390
5.00000000 -5.00000000 6.10000000
-5.00000000 -4.43227301 1.83915657
-4.46583539 -4.54302273 1.66479552
-3.99468227 -4.17448551 1.15060950
-3.57836500 -4.20431317 1.23422489
-3.00363860 -4.18226865 1.49050020
-2.61272182 -4.62460724 2.48915056
-2.26626383 -4.64907442 2.90394309
-2.04476259 -4.13058393 2.26022857
-1.59449313 -4.45606655 3.25311529
-1.43868153 -4.50671894 3.50966815
-1.17040359 -4.49936951 3.74861775
-0.85569705 -4.22597421 3.46254869
-0.59336657 -4.50601115 4.18870477
-0.35220896 -4.32753765 3.93091213
-0.23209143 -4.19658973 3.71465227
0.03652133 -4.32146872 4.02149261
0.38131043 -4.68968749 4.92221378
0.79729264 -4.23858214 3.83087068
1.18794202 -4.50932004 4.41223814
1.36766196 -4.05542793 3.31405166
1.71979746 -4.27325039 3.67269503
1.88313237 -3.99681276 2.95824683
2.34042237 -4.24361536 3.25611098
2.70013146 -4.26018098 3.08812556
2.98339311 -4.19097655 2.78760962
3.24070016 -4.46429251 3.40068354
3.47626125 -4.31120709 2.99790802
3.83242660 -4.09993379 2.59470322
4.42634760 -4.30463072 3.51805205
5.00000000 -4.43227301 4.44465222
-5.00000000 -3.53811241 1.32925024
-4.28906215 -3.43107009 0.75497785
-4.09426254 -3.49631120 0.68966498
-3.32717556 -3.37468373 0.62534823
-2.88929233 -3.45094748 0.87384243
-2.59005426 -3.58161901 1.17783370
-2.38793178 -3.56523085 1.32209731
-1.89613473 -3.53045535 1.66758120
-1.55717986 -3.75298528 2.17214675
-1.39988480 -3.46587235 1.95765604
-1.09422408 -3.76051936 2.53404798
-0.94743866 -3.66887267 2.51039682
-0.65257474 -3.49890996 2.47407017
-0.44946014 -3.47661304 2.53938082
-0.28981176 -3.70537739 2.88611676
0.02505537 -3.86282691 3.17612916
0.45224068 -3.66936775 2.85030618
0.74326087 -3.80660081 3.01192032
1.11574155 -3.40869285 2.29457148
1.45516065 -3.45192785 2.18497701
1.69844501 -3.44602818 2.02950465
1.99826666 -3.49755684 1.92661678
2.30815635 -3.70839884 2.11628551
2.53198540 -3.43507424 1.53266526
2.96165454 -3.77261058 1.90404264
3.19765456 -3.81975373 1.91412548
3.46377373 -3.53612657 1.38275006
4.00601355 -3.76323423 1.98102857
4.33006136 -3.59372229 1.92574863
5.00000000 -3.53811241 2.52250574
-5.00000000 -3.17297740 1.36246206
-4.44047529 -3.16374142 0.84401286
-4.05878422 -3.13466815 0.61746724
-3.54935326 -3.06537246 0.49387855
-3.06517784 -3.14911409 0.62613017
-2.48595485 -3.13340021 0.96360656
-2.23635505 -3.12751813 1.12754162
-2.07959999 -3.18375147 1.26388654
-1.72336317 -3.11563897 1.44626679
-1.35154734 -3.03195500 1.62061675
-1.13284162 -3.15450627 1.84491312
-0.85091676 -3.14410822 2.00764575
-0.69165700 -3.02587751 2.00350210
-0.56128903 -3.19594421 2.20337292
-0.29072694 -3.27580335 2.36365395
0.01263437 -3.19024165 2.29363935
0.39021695 -3.15125707 2.20513236
0.76638951 -3.23912220 2.21100872
1.18562790 -3.18232785 1.99016141
1.52996222 -3.20256200 1.81814577
1.74255467 -3.22326261 1.70332727
2.04845384 -3.17915218 1.46131733
2.37797767 -3.25363097 1.36488237
2.77725594 -3.32152919 1.25785277
3.05444772 -3.18951353 0.98757059
3.27336145 -3.27345526 1.02676860
3.49366139 -3.18577433 0.91094934
3.98262783 -3.19414311 1.10347846
4.22487029 -3.11042072 1.19631829
5.00000000 -3.17297740 2.05754973
-5.00000000 -2.99181890 1.42767411
-4.29702376 -2.82165989 0.82058192
-3.89456591 -2.90923698 0.56323320
-3.56530677 -2.74466256 0.48455294
-2.81716383 -2.79334740 0.65050489
-2.63164054 -2.73296394 0.74013924
-2.33578988 -2.84728386 0.94037814
-1.91736129 -2.81782839 1.16769556
-1.76746113 -2.98057814 1.33575998
-1.42750687 -2.87321327 1.47925128
-1.15641834 -2.92429437 1.67038074
-0.90108045 -2.93298145 1.82556129
-0.69460855 -2.94577047 1.94522136
-0.57665501 -2.75002572 1.86885296
-0.30268603 -2.82774306 1.97406234
0.05262888 -3.00972777 2.11603809
0.22245721 -2.85606794 1.96390347
0.51020365 -2.80935717 1.87486586
1.18978034 -2.80204574 1.64807468
1.51978016 -2.97687883 1.60508491
1.83868203 -2.83084508 1.28773881
2.05927925 -2.96036477 1.24719867
2.25766748 -2.86609822 1.05501503
2.55323985 -3.06403293 1.06810489
3.05570126 -2.94481609 0.74227864
3.31456390 -3.01193902 0.73997306
3.54771213 -2.99416844 0.72708470
3.79561392 -2.83025359 0.67948424
4.48008793 -2.96592177 1.30524894
5.00000000 -2.99181890 1.89530102
-5.00000000 -2.50224191 1.70158466
-4.29455010 -2.42283553 0.98552816
-3.88192865 -2.55719597 0.62810133
-3.30345083 -2.25988163 0.53517250
-3.09092848 -2.30224908 0.54781089
-2.63324034 -2.36217279 0.72232114
-2.41081967 -2.33354210 0.84002015
-1.89881851 -2.60356630 1.11180541
-1.68356739 -2.63665919 1.23501794
-1.24111184 -2.58992215 1.46628319
-1.03383516 -2.50851519 1.55771951
-0.97911007 -2.59709108 1.61115601
-0.67621627 -2.57093228 1.74655284
-0.47184954 -2.52904717 1.78918024
-0.39663237 -2.51441172 1.79515587
-0.14768013 -2.60592797 1.84116618
0.27926486 -2.61518496 1.79563271
0.71623680 -2.55937923 1.67197470
1.20153491 -2.65214082 1.54474325
1.47982434 -2.62758018 1.38545863
1.63284770 -2.49281511 1.23036228
2.10878084 -2.59509769 0.97342396
2.29424049 -2.72160941 0.93260288
2.64087638 -2.64168076 0.69403227
2.94371844 -2.67408309 0.57942341
3.18645686 -2.61234529 0.46955055
3.58803258 -2.52187014 0.43726051
3.74022988 -2.33414154 0.43740628
4.19537183 -2.55774468 0.80429950
5.00000000 -2.50224191 1.61764440
-5.00000000 -2.33915682 1.81949650
-4.45119877 -2.21909662 1.25973680
-4.02943303 -2.20495894 0.86932772
-3.53797160 -2.18133585 0.59888323
-2.99609079 -2.08008812 0.63032367
-2.57542844 -2.11221413 0.80026291
-2.40596670 -2.22301048 0.86113657
-2.11137195 -2.23687923 1.01200652
-1.46577273 -2.36612152 1.32422932
-1.31854590 -2.32247492 1.39992685
-1.10654185 -2.29365025 1.50353082
-0.89816637 -2.33305232 1.60076738
-0.73793780 -2.30935474 1.66546094
-0.54937134 -2.35754638 1.72916085
-0.27278535 -2.28093575 1.75070831
-0.02033350 -2.36820371 1.75059184
0.17734913 -2.31737634 1.71334588
0.49187542 -2.32112294 1.64961138
0.94086366 -2.35451723 1.52553589
1.44642813 -2.39263584 1.30296681
1.81904332 -2.30492885 1.04892980
2.09424874 -2.42530765 0.90905540
2.31253814 -2.41901926 0.77136121
2.61387289 -2.37058862 0.58596916
2.98643275 -2.29397990 0.40000763
3.14714756 -2.25100964 0.34417002
3.46595759 -2.14429669 0.32094552
3.93209638 -2.18899899 0.52242167
4.05982770 -2.18396958 0.61108998
5.00000000 -2.33915682 1.57549710
-5.00000000 -2.03110159 2.06132280
-4.17188448 -1.85718619 1.19496942
-3.82002891 -1.91718050 0.85833934
-3.57829852 -1.83760684 0.75662736
-2.92239714 -1.74116105 0.76093961
-2.58534650 -1.74254117 0.89206794
-2.24514654 -2.02857120 0.98733238
-1.84958189 -2.04131539 1.17661557
-1.53159662 -2.21110817 1.30530652
-1.33489576 -1.97691806 1.42030579
-1.07075072 -2.19396341 1.52283437
-0.87200194 -2.03863329 1.60872128
-0.71135106 -2.06869462 1.66470301
-0.41711366 -2.01851195 1.72546641
-0.30304330 -2.07196476 1.73524851
-0.08802810 -1.94255417 1.72359123
0.35589793 -2.02995884 1.65064110
0.71977346 -1.94915391 1.54434458
1.05262439 -1.97766823 1.41875148
1.28415380 -1.91756223 1.29903718
1.72205100 -2.09783319 1.06515347
1.96295389 -2.04796930 0.89836105
2.22987798 -2.18916238 0.75481850
2.57230058 -2.05367007 0.53034229
2.83410960 -1.93382929 0.38839325
3.12426289 -2.05437906 0.31297448
3.25132218 -1.96841629 0.28782296
3.61266148 -1.90386229 0.34719297
4.40672632 -1.86469385 0.90669937
5.00000000 -2.03110159 1.54862805
-5.00000000 -1.65772713 2.35762358
-4.16432921 -1.59401056 1.34920099
-3.79064108 -1.67946784 0.96117662
-3.51217573 -1.49234069 0.88784561
-3.06425288 -1.49293885 0.80805958
-2.57148479 -1.56233502 0.93943086
-2.32226467 -1.60033068 1.03785562
-1.91271172 -1.59094231 1.21650948
-1.55479758 -1.80327335 1.34255348
-1.36538575 -1.61463509 1.43967947
-1.11289344 -1.62717068 1.53528595
-0.88841217 -1.72002057 1.61002150
-0.73185311 -1.83390466 1.65732882
-0.47653068 -1.65848019 1.71200608
-0.28702893 -1.70352300 1.72739687
0.10590521 -1.67289954 1.69505112
0.28352774 -1.62903206 1.65898469
0.61225272 -1.55723272 1.56657334
1.03991539 -1.73318230 1.40503785
1.36587174 -1.59436323 1.22555758
1.73414554 -1.80670138 1.01624767
2.02891509 -1.74861843 0.81725787
2.25295024 -1.72085659 0.67262391
2.52459972 -1.75618298 0.51782997
2.81002453 -1.54139712 0.36531482
3.01109900 -1.55148931 0.29319387
3.29538471 -1.68694769 0.27038008
3.65228750 -1.52874386 0.36904866
4.03902239 -1.60669842 0.60551770
5.00000000 -1.65772713 1.57453564
-5.00000000 -1.41925207 2.54023552
-4.25316535 -1.47383925 1.52126481
-3.78910842 -1.34874669 1.14170387
-3.30340635 -1.22294587 0.93440688
-2.80165899 -1.17859394 0.94936341
-2.49237508 -1.17968834 1.04499437
-2.33170560 -1.20527041 1.10130939
-1.86655015 -1.24245288 1.27922436
-1.49461724 -1.30079995 1.41621836
-1.25961046 -1.32165017 1.50052009
-0.98138686 -1.37302846 1.59144756
-0.83070879 -1.42192024 1.63512484
-0.65249709 -1.30687610 1.68046447
-0.44480088 -1.46405318 1.71510108
-0.18630579 -1.42277933 1.72588176
-0.00286255 -1.46231306 1.71179019
0.32404779 -1.46839999 1.64971898
0.61649491 -1.45421582 1.56422786
1.09039316 -1.46409492 1.36712639
1.31816300 -1.42398381 1.24243110
1.65886253 -1.42176559 1.03515327
1.95349470 -1.46454946 0.84824167
2.23765208 -1.50036407 0.67018098
2.50101026 -1.44741052 0.51505213
2.83642605 -1.33004660 0.34954901
3.03075869 -1.32697882 0.28357827
3.27950753 -1.33537071 0.26558268
3.74069682 -1.25283637 0.43216539
4.28947158 -1.25779199 0.86351782
5.00000000 -1.41925207 1.61592129
-5.00000000 -1.25525104 2.66017026
-4.40441116 -1.15289429 1.89775481
-3.73176287 -1.18921188 1.18523899
-3.36201145 -1.11261720 1.00635847
-3.04024807 -1.00623730 0.97789388
-2.56525500 -1.09157950 1.03556858
-2.38584336 -1.09607534 1.09720527
-1.97347862 -1.04621727 1.25915137
-1.56114086 -1.11395943 1.40605234
-1.29996022 -1.15123383 1.49604401
-1.01730671 -1.15461365 1.58713809
-0.82659291 -1.14010543 1.64050197
-0.58363981 -1.14054034 1.69298377
-0.34320246 -1.25065900 1.72239363
-0.21770461 -1.10522517 1.72369457
0.10270343 -1.14778370 1.69703704
0.26008248 -1.14715189 1.66620458
0.67321161 -1.24954928 1.54255079
0.92724849 -1.17163798 1.43501171
1.26950850 -1.18616243 1.25694508
1.78101685 -1.25755282 0.94933418
2.04913287 -1.29404187 0.78190090
2.24968844 -1.33790175 0.65919122
2.61220250 -1.29822925 0.45489785
2.74898362 -1.23783087 0.38880285
2.98027924 -1.09615601 0.29937750
3.42468383 -1.07272546 0.29834559
3.69248291 -1.09040512 0.41466027
4.29823168 -1.10776902 0.89483988
5.00000000 -1.25525104 1.65221259
-5.00000000 -1.01854543 2.82255052
-4.52285738 -0.99392282 2.14115375
-3.83884756 -0.85061182 1.45658548
-3.32129788 -0.88819357 1.09873158
-2.99225508 -0.88529655 1.01875809
-2.56582651 -0.89375251 1.06945245
-2.36788233 -0.78818742 1.14324112
-2.02528699 -0.87790555 1.25585385
-1.52065736 -0.93672381 1.43139089
-1.19635875 -0.90460748 1.53881235
-1.06498274 -0.80668724 1.57821010
-0.80966643 -0.94765673 1.64478299
-0.61327233 -0.96719467 1.68535065
-0.28284394 -0.77167789 1.71113619
-0.09994390 -0.85617007 1.71278043
0.16235553 -0.88973796 1.68266950
0.29965629 -0.82923010 1.65177878
0.76784888 -0.81167471 1.49169626
0.96727119 -0.90300764 1.40282115
1.32217765 -1.08622399 1.22051542
1.74998009 -1.16818647 0.96472546
2.03945710 -1.06456041 0.78309070
2.21461510 -0.99027542 0.67877746
2.66301505 -0.91210460 0.43865757
2.79685950 -0.91666570 0.37662504
3.10631883 -0.79492814 0.27900235
3.42206093 -0.86098477 0.30127321
3.55187272 -0.93540020 0.34887503
4.29374893 -0.87758682 0.92274009
5.00000000 -1.01854543 1.71148025
-5.00000000 -0.69388497 3.02062968
-4.36654354 -0.70516986 2.08303561
-3.83451223 -0.63887262 1.55578417
-3.29970452 -0.62500697 1.21369997
-2.99687644 -0.61861776 1.11704066
-2.59753157 -0.53061309 1.11930457
-2.27655713 -0.59624380 1.18929986
-1.89183890 -0.53482054 1.32059524
-1.62394342 -0.54059173 1.40849727
-1.21585773 -0.56797994 1.53302134
-1.00341716 -0.54110430 1.58829659
-0.83259457 -0.47488509 1.62289486
-0.47313192 -0.64081640 1.69043138
-0.27605748 -0.67907794 1.70569364
-0.11009933 -0.66944346 1.70319004
0.12326567 -0.62422103 1.67684573
0.41166297 -0.59010031 1.61083411
0.53918973 -0.56343922 1.56794760
0.90195097 -0.63820125 1.41617438
1.32952132 -0.60075562 1.17715158
1.61106766 -0.65628109 1.01745909
2.01988247 -0.76411780 0.78647223
2.20353984 -0.82372594 0.68403638
2.75684234 -0.65390063 0.40541109
2.93418384 -0.63051821 0.33452611
3.12781168 -0.51276465 0.28376556
3.47588225 -0.60113822 0.31817484
3.59393631 -0.65649973 0.37106372
4.20625235 -0.58622276 0.86307376
5.00000000 -0.69388497 1.79895724
-5.00000000 -0.49088926 3.12806578
-4.41309910 -0.37935434 2.26513525
-3.91412936 -0.50055593 1.68345609
-3.35711595 -0.45593629 1.31069537
-3.03125544 -0.47762079 1.17348188
-2.41519810 -0.29267270 1.16176157
-2.33682144 -0.39549265 1.17896510
-1.93517669 -0.21457341 1.30111863
-1.52783349 -0.25625386 1.42964985
-1.22916836 -0.18330081 1.50698663
-0.99685114 -0.17353027 1.56143159
-0.79883075 -0.36934390 1.62121777
-0.47878225 -0.38393279 1.66806293
-0.29849484 -0.26030371 1.66460908
-0.04977004 -0.36040892 1.67245941
0.17885727 -0.39955932 1.64973640
0.30102026 -0.26792406 1.61149732
0.68975635 -0.35725032 1.49036687
0.92150940 -0.42053838 1.38499098
1.32123216 -0.37217666 1.15863550
1.66306349 -0.55581265 0.97935824
2.02771691 -0.57516447 0.77421380
2.25523309 -0.44351492 0.64719293
2.79916961 -0.46780760 0.39312768
3.01381950 -0.38745490 0.31698366
3.15560331 -0.29069070 0.28398737
3.35861032 -0.39345245 0.28283952
3.64924049 -0.38675685 0.39717860
4.42301436 -0.43754727 1.11837050
5.00000000 -0.49088926 1.85555698
-5.00000000 -0.14022125 3.27989864
-4.42754182 -0.00889345 2.36997122
-3.94507901 -0.14401242 1.81846714
-3.56965620 -0.04201578 1.54253223
-3.00656078 -0.12056836 1.24381485
-2.45832877 -0.14692132 1.15411294
-2.28774606 -0.04771894 1.17870742
-2.06310112 -0.03705028 1.24608680
-1.54191551 0.01788434 1.39852319
-1.34157612 -0.00786192 1.45730831
-1.10520822 0.08183851 1.50166271
-0.87996014 0.13860788 1.53695054
-0.60288339 -0.03653497 1.60912741
-0.33435806 -0.02999133 1.62890200
-0.10148320 -0.06754251 1.63485511
0.06893701 -0.13314538 1.63227894
0.42720883 0.04032672 1.53268843
0.60563341 0.02832011 1.47356313
0.84341631 0.07768211 1.35720289
1.41370908 -0.26161660 1.09388699
1.69625600 -0.17965986 0.92647085
2.07684090 -0.22613967 0.72587808
2.39781470 -0.17520902 0.56332041
2.81853825 -0.14520847 0.38518281
3.09793822 -0.04335853 0.29765498
3.19969384 0.00837859 0.27937945
3.52997096 -0.02151983 0.32903746
3.80755776 0.06954924 0.50739630
4.43216249 -0.00868399 1.18370797
5.00000000 -0.14022125 1.95444419
-5.00000000 0.28696039 3.39871140
-4.58514816 0.17792196 2.61361753
-4.20405731 0.17676462 2.12042155
-3.43772110 0.16732403 1.47093223
-2.84160963 0.19716069 1.18782018
-2.52889041 0.08758228 1.13817391
-2.27894845 0.20838944 1.14639510
-1.97327224 0.22256729 1.23526155
-1.67124436 0.38426868 1.29137916
-1.40678442 0.31287625 1.38212302
-1.03772370 0.41711078 1.44319996
-0.94404437 0.33955003 1.48131685
-0.59625342 0.36052141 1.52712514
-0.33911200 0.28635322 1.56309220
-0.13794328 0.23792683 1.57407887
0.03723617 0.24988355 1.55796760
0.37837182 0.18011438 1.51507776
0.62185388 0.22653532 1.42519951
0.85861099 0.24276982 1.31795146
1.16503775 0.14875918 1.17702985
1.71371938 0.14254246 0.87723056
1.95377640 0.00392397 0.76711157
2.39013181 0.05550088 0.54686656
2.60307509 0.14688879 0.44705956
3.03801277 0.18309859 0.30594716
3.18359072 0.28082873 0.27914432
3.55706838 0.26244738 0.34956950
3.76569263 0.38008489 0.49679635
4.24506200 0.28759570 0.98556285
5.00000000 0.28696039 2.07293125
-5.00000000 0.39948514 3.41637050
-4.48621450 0.39394982 2.48022101
-4.20761065 0.55382784 2.11889260
-3.32691944 0.46134433 1.37732910
-2.74913423 0.24147584 1.15627342
-2.42278246 0.40732004 1.08912959
-2.21952880 0.36256526 1.13193810
-1.92053424 0.56970277 1.16766863
-1.53471062 0.61980481 1.26309280
-1.26043201 0.56147734 1.35225079
-1.14435529 0.53491023 1.38711095
-0.94769642 0.52905342 1.42881911
-0.71474505 0.45871631 1.48657219
-0.35673515 0.42672456 1.52464689
-0.13049550 0.45125698 1.51075932
0.13918522 0.38789418 1.49954147
0.38751984 0.32799567 1.46795651
0.70921883 0.42286535 1.32809348
1.06113924 0.36049048 1.19124411
1.32118656 0.40588078 1.04597730
1.62707669 0.27444360 0.90384185
1.90394414 0.33058456 0.74387143
2.38510251 0.23685426 0.52551505
2.55186393 0.22160581 0.45820465
2.96073429 0.42989716 0.30789438
3.23235357 0.52889020 0.28314526
3.51599227 0.47071319 0.35101734
3.84884834 0.53429196 0.59301920
4.37606198 0.47746812 1.18831093
5.00000000 0.39948514 2.10317779
-5.00000000 0.83725875 3.43079879
-4.48221877 0.79657287 2.45326637
-4.04752826 0.84381145 1.89601284
-3.75903324 0.78820114 1.62519779
-2.99302959 0.63423402 1.15970908
-2.59810704 0.80786292 0.98349174
-2.30353188 0.78621261 1.00346649
-1.89837006 0.75470506 1.11606231
-1.73747950 0.83378345 1.13255773
-1.37398312 0.77839946 1.25011543
-1.12686792 0.84095815 1.28382497
-1.01512711 0.78306625 1.32916021
-0.70472933 0.71774304 1.40357562
-0.44202312 0.59960595 1.46614155
-0.22985333 0.55762321 1.47883770
0.02711055 0.51719161 1.46729593
0.37435081 0.49180254 1.40370388
0.82078541 0.60265787 1.21284597
0.96593037 0.55233610 1.17545821
1.41423862 0.58069379 0.95413589
1.75356214 0.53221828 0.78276465
1.93570970 0.53033235 0.68553654
2.19105328 0.48475358 0.56762620
2.48960154 0.67561873 0.40527181
2.85665731 0.60626113 0.31271640
2.98363235 0.84660215 0.27327390
3.33626747 0.88722004 0.32869898
3.62144740 1.01977126 0.50201019
3.99069472 1.01841404 0.84119935
5.00000000 0.83725875 2.22260621
-5.00000000 1.13164838 3.39942458
-4.62809457 1.24435476 2.63438744
-4.17358752 1.14205397 1.96564557
-3.34376059 1.01218696 1.20749245
-2.89957543 0.93240914 1.00594780
-2.63623429 0.99411695 0.91648975
-2.21637312 1.08858088 0.91644256
-2.07682051 1.06718390 0.95586833
-1.63099779 1.06468498 1.06872010
-1.33237071 1.15080733 1.10630719
-1.19819191 1.03282125 1.18898492
-0.97647770 1.05980623 1.22426698
-0.67973611 0.93280553 1.32264427
-0.46949578 0.88211699 1.35683532
-0.23015232 0.90470653 1.34070285
-0.00518300 0.79470788 1.35818594
0.24301835 0.87901547 1.27398277
0.54427426 0.75137515 1.24431039
1.05749254 0.87231241 1.02362348
1.44234920 0.94141618 0.83898032
1.61602852 0.93483238 0.75665527
1.89449444 1.01121797 0.59780018
2.05379450 0.83391655 0.55761230
2.36451082 0.93480990 0.40263163
2.65146771 1.03047962 0.30204095
3.06210774 1.11735682 0.26347585
3.24921958 1.07868116 0.30698676
3.58642991 1.18915362 0.49926926
4.24806673 1.29528869 1.21585196
5.00000000 1.13164838 2.31406986
-5.00000000 1.30499373 3.36945698
-4.53359166 1.39650786 2.44426378
-4.00478236 1.39038881 1.66482593
-3.42311993 1.34058095 1.09369294
-3.14930273 1.30076289 0.93379358
-2.61652819 1.22641360 0.81907948
-2.41084235 1.32157424 0.79111864
-2.09883919 1.26515667 0.87091248
-1.57381907 1.27647349 0.99074903
-1.31276414 1.35235928 1.02187532
-1.18070052 1.23837562 1.10368489
-0.96378642 1.14703064 1.18976144
-0.78270451 1.17695249 1.20908665
-0.46797970 1.19071983 1.23272258
-0.26791627 1.12066935 1.25694216
0.01174411 1.09290054 1.23581319
0.37498715 1.05518513 1.17228497
0.68292881 0.98685174 1.11051081
0.97556964 1.07624441 0.98402919
1.22543282 1.16769712 0.86460439
1.67815901 1.30885327 0.63620259
1.92153370 1.13378255 0.55812891
2.13554100 1.16910925 0.45206999
2.51331026 1.08390278 0.32948717
2.70024737 1.26404534 0.26630253
2.96461063 1.24117632 0.24991778
3.38669393 1.29559994 0.38019267
3.68638237 1.42192326 0.61442289
4.01243980 1.45394591 0.96009628
5.00000000 1.30499373 2.37448875
-5.00000000 1.64902592 3.29357180
-4.25241572 1.68530042 1.91356037
-4.00409224 1.72776320 1.53205434
-3.32446736 1.55389419 0.90132441
-2.98050117 1.59696391 0.70708447
-2.59509223 1.58824168 0.66357633
-2.43644847 1.52451434 0.70298728
-2.18985324 1.55535792 0.72789038
-1.87571965 1.61540080 0.76604633
-1.47215016 1.59012032 0.87694696
-1.24433219 1.51943448 0.96620365
-1.05511823 1.57317533 0.99106484
-0.71695172 1.35166495 1.14743126
-0.58861122 1.32725857 1.17185622
-0.39697727 1.50787724 1.11356755
-0.04413090 1.36901190 1.14102087
0.21450626 1.36185000 1.09843326
0.40821960 1.40718380 1.03883892
0.87350242 1.34255934 0.93152653
1.36909413 1.62507555 0.69060797
1.61900559 1.48338266 0.62381581
1.87855476 1.65499882 0.48198232
2.16094007 1.64203873 0.37056462
2.32249251 1.43591448 0.33910223
2.66335440 1.46820454 0.25609431
2.91615790 1.48117155 0.24023949
3.22813688 1.61875377 0.32270540
3.65882498 1.62738777 0.62283186
4.05892061 1.73680516 1.08654049
5.00000000 1.64902592 2.51352227
-5.00000000 1.84678174 3.24529904
-4.31310328 2.02315956 1.91895045
-3.96100108 2.00364573 1.37914662
-3.44474292 1.92597636 0.81505679
-3.11222396 1.94481011 0.59570432
-2.61991195 1.82460727 0.55996484
-2.47135730 1.79711809 0.58103619
-2.27688370 1.81381399 0.59918118
-1.91690659 1.98678011 0.59679339
-1.43810898 1.85296984 0.77682128
-1.13362032 1.90033231 0.84523017
-1.00737538 1.84624167 0.89861244
-0.82077063 1.87585615 0.93305087
-0.58795404 1.77320630 1.00769259
-0.41105606 1.84037777 1.00070720
-0.15069823 1.71966788 1.03408505
0.09472838 1.80481517 0.97919326
0.34477671 1.72849498 0.95335856
0.86500528 1.63770279 0.84854066
1.31706317 1.87351733 0.65799585
1.50407637 1.87108159 0.59475161
1.82074860 1.89782915 0.47336380
2.12544939 2.05940122 0.35526997
2.51380611 1.87589057 0.26499090
2.74876318 1.91329865 0.24901706
2.99375880 1.86615879 0.26571295
3.31350697 1.81653146 0.38766724
3.59099837 1.90752504 0.61168211
4.41083221 1.85976831 1.61819517
5.00000000 1.84678174 2.60799120
-5.00000000 2.29237136 3.14735358
-4.53876611 2.25159312 2.25724903
-3.86039617 2.40719510 1.14300874
-3.61878244 2.34871454 0.86527484
-2.96764610 2.14350423 0.47375283
-2.65061040 2.24784200 0.39382797
-2.42872843 2.29256252 0.38869205
-2.04963320 2.35042448 0.43673915
-1.87813841 2.27958996 0.50101719
-1.44406882 2.23396341 0.64280842
-1.13237981 2.19032016 0.75219749
-0.93286786 2.21043266 0.80399363
-0.69373114 2.31878811 0.83422646
-0.52883581 2.02534173 0.93573063
-0.28716013 2.09856663 0.93088352
-0.19308202 2.00295708 0.95413587
0.18562512 2.15756439 0.87711713
0.34195451 2.12435841 0.85526473
0.95222125 2.18988750 0.71120305
1.22263631 2.32792949 0.63161800
1.71422679 2.31504741 0.48885567
1.99321781 2.53797522 0.42543919
2.08710031 2.38693634 0.38126113
2.58613795 2.29989482 0.29720310
2.77279614 2.20896935 0.28807508
3.09446354 2.24631342 0.36300499
3.34689805 2.25346833 0.49704835
3.86437567 2.26176756 0.99776660
4.38003657 2.23283117 1.72097283
5.00000000 2.29237136 2.88101689
-5.00000000 2.57712620 3.11017143
-4.30359789 2.53841250 1.78261445
-4.09827750 2.61533799 1.44398783
-3.59185558 2.50756794 0.81325654
-2.92997968 2.48217442 0.38012389
-2.65703758 2.48586404 0.33127596
-2.43547194 2.46211927 0.34051906
-2.07749011 2.48566579 0.39536112
-1.87238935 2.49786898 0.44541167
-1.48797398 2.52218528 0.55978247
-1.19436030 2.45644064 0.66873269
-0.93788673 2.54849109 0.73128567
-0.81987260 2.56513812 0.76023341
-0.54516853 2.50001438 0.82550295
-0.27300733 2.54644517 0.84400479
-0.07055159 2.41806743 0.86007741
0.19988955 2.45611152 0.82764060
0.45664723 2.38793160 0.79218770
0.94262570 2.48860860 0.69224313
1.34776892 2.53431508 0.60041450
1.59008195 2.66060799 0.55150463
1.86113037 2.67312899 0.48348645
2.13523885 2.74992810 0.44405193
2.68652081 2.60951832 0.38708780
2.83816917 2.67602058 0.44303027
3.09593171 2.59913174 0.48808369
3.41426208 2.61658419 0.68380832
3.85679525 2.60456919 1.13598118
4.21093899 2.63965118 1.67040650
5.00000000 2.57712620 3.12209903
-5.00000000 2.64839562 3.10554791
-4.46678169 2.64687320 2.04643930
-4.11375370 2.65478684 1.46174516
-3.57388316 2.65514999 0.78243081
-3.11397389 2.76206415 0.43605175
-2.57504451 2.69838448 0.29823842
-2.42054611 2.71573261 0.30161049
-1.99800286 2.74823514 0.37503869
-1.75852688 2.79996481 0.43962110
-1.37544778 2.79398905 0.56604848
-1.22666356 2.70776744 0.62206914
-1.05567964 2.79988524 0.67107434
-0.64208355 2.64444186 0.78936801
-0.52729192 2.75961467 0.79879335
-0.33900722 2.72921509 0.82202383
-0.08778107 2.61171023 0.83716512
0.24950212 2.66440537 0.80659993
0.40719337 2.48236300 0.79252561
0.83749386 2.64124337 0.71560831
1.19142359 2.75134692 0.65795182
1.74670172 2.87233705 0.56055977
1.89848119 2.87464468 0.52817598
2.14744049 2.81180441 0.46238749
2.75263605 2.86185751 0.51342125
2.89549457 2.75047740 0.49346505
3.10802660 2.70392926 0.54373892
3.32819116 2.73599359 0.68286501
3.92867105 2.80704048 1.35465654
4.47162249 2.71799021 2.18111826
5.00000000 2.64839562 3.19234888
-5.00000000 3.12323104 3.13102849
-4.33300379 3.20471597 1.78041227
-4.08573924 3.13664409 1.39763124
-3.56702223 3.19619307 0.80401305
-2.81755272 3.24810901 0.39011209
-2.51395335 3.00623161 0.30386913
-2.39817249 2.94433680 0.30251751
-1.96566805 3.01151998 0.38434067
-1.66229331 3.13593297 0.48541416
-1.41265651 3.17716979 0.57399841
-1.23074833 3.06591696 0.62080419
-1.01140746 3.23150115 0.71273967
-0.79365148 3.13491424 0.75528352
-0.57771273 3.29417354 0.82493677
-0.31070761 2.97498169 0.82013457
-0.09111725 2.99986322 0.83111245
0.25911987 2.85356003 0.80798935
0.54572767 2.89726769 0.78186155
0.73853335 2.93940695 0.76438567
1.19662171 3.06098197 0.72630923
1.62882677 3.16965257 0.69605918
1.90793464 3.13398997 0.63467066
2.18850814 3.12149007 0.60127588
2.78717878 3.20841487 0.75831579
3.04612330 3.05468481 0.73804562
3.30043126 3.10046366 0.91149978
3.43161553 3.08520872 0.99815373
3.98814734 3.01981696 1.60817759
4.15027464 3.17466545 2.02801271
5.00000000 3.12323104 3.76572756
-5.00000000 3.35648239 3.18054658
-4.42066071 3.37927869 1.94751435
-4.03589126 3.40288421 1.35820870
-3.70234345 3.44788258 0.98313046
-3.15766327 3.34973601 0.54784768
-2.60502667 3.30992688 0.37183131
-2.37797339 3.37992554 0.39281761
-2.00756712 3.39604217 0.45227951
-1.62946143 3.40129429 0.55408544
-1.47992515 3.53910013 0.65910916
-1.23626641 3.56744492 0.75126473
-1.03870811 3.51732440 0.78665235
-0.71593078 3.58422690 0.89996494
-0.61733458 3.40053010 0.84448787
-0.33141836 3.44195256 0.89899001
-0.02260410 3.40971720 0.91394249
0.26794772 3.35754402 0.90481218
0.40713029 3.28276999 0.87427594
0.98356081 3.20628405 0.80238798
1.36471726 3.30832788 0.80000542
1.81834375 3.40871032 0.80994450
2.11583640 3.48771450 0.87065170
2.20542835 3.53951162 0.93187648
2.61145139 3.59376926 1.08459281
3.11129320 3.51969674 1.20709662
3.29387895 3.41474140 1.19853179
3.61266259 3.44443845 1.52373798
3.79660108 3.48086412 1.81298023
4.44578963 3.30158237 2.75751929
5.00000000 3.35648239 4.11126693
-5.00000000 3.78187171 3.43209704
-4.36460008 3.61722457 1.94640965
-4.07300758 3.60250360 1.48588312
-3.74846163 3.87681435 1.31880248
-3.00621072 3.82804996 0.74261119
-2.56765304 3.76019625 0.60800612
-2.39793593 3.68785871 0.55905698
-1.94500682 3.64818396 0.60599324
-1.73708760 3.89676554 0.89759199
-1.44274351 3.66190500 0.74863343
-1.17476668 3.89018797 1.04462275
-1.06428786 3.80682351 0.98567190
-0.90462062 3.94878540 1.19897288
-0.52541987 3.95377552 1.33059905
-0.36859064 3.90575397 1.31315988
-0.03443072 3.80941428 1.27740278
0.19319892 3.76955021 1.28013944
0.65411086 3.71605197 1.28938937
1.05670761 3.55087301 1.06985917
1.43238982 3.57499754 1.04290480
1.74838563 3.78321437 1.31190305
2.02540696 3.76753488 1.25954023
2.32521844 3.84480593 1.41960597
2.64786270 3.81245156 1.43640691
3.05351591 3.87522350 1.72768189
3.19121601 3.83737627 1.73663911
3.62179373 3.65618655 1.83308710
3.79870100 3.93905060 2.68413986
4.37019638 3.87213730 3.68735921
5.00000000 3.78187171 4.96431062
-5.00000000 4.28134027 4.05778304
-4.50909303 4.08289573 2.71496141
-4.13362534 4.06812053 2.05309943
-3.45994514 4.34925699 1.66041765
-2.97400664 4.50274792 1.60930466
-2.62746274 4.54190641 1.62670684
-2.27167997 4.32995893 1.35466926
-1.89845278 4.17343754 1.22252161
-1.65602948 4.12304875 1.21713708
-1.38842021 4.32050383 1.61147987
-1.26332319 4.29432882 1.60933697
-1.13789367 4.33451051 1.72389421
-0.74689682 4.49884634 2.19441517
-0.57858446 4.42236715 2.11849835
-0.24419635 4.11914223 1.69364940
0.01115074 4.04380937 1.65109734
0.23841273 4.26284253 2.11606105
0.66047893 4.36680012 2.42375040
1.13018523 3.90367449 1.59650725
1.41189071 4.38628699 2.54560626
1.65468929 4.05408546 1.84216439
1.96950394 4.14157795 2.01658883
2.20029810 4.21246051 2.19190691
2.79759639 4.38234563 2.76962813
2.97224501 4.26508061 2.55944804
3.17666866 4.52321802 3.40290504
3.49932774 4.27754549 3.08143819
3.90400019 4.09679736 3.27891795
4.41069168 4.32032992 5.03380721
5.00000000 4.28134027 6.39801016
-5.00000000 5.00000000 5.30000000
-4.34308030 5.00000000 3.95174773
-4.03644839 5.00000000 3.45878540
-3.46682407 5.00000000 2.79428851
-2.94938322 5.00000000 2.49550951
-2.56679321 5.00000000 2.46658435
-2.40223909 5.00000000 2.50073709
-2.12353932 5.00000000 2.59452415
-1.72996097 5.00000000 2.76195678
-1.43244335 5.00000000 2.90541301
-1.18103543 5.00000000 3.03176984
-1.02398044 5.00000000 3.11093544
-0.70086589 5.00000000 3.26931910
-0.48086995 5.00000000 3.37109358
-0.20640023 5.00000000 3.48845609
0.04113460 5.00000000 3.58330733
0.34897024 5.00000000 3.68485449
0.60721228 5.00000000 3.75630984
1.04635296 5.00000000 3.85861653
1.34277060 5.00000000 3.92257730
1.72493390 5.00000000 4.01132407
2.04117256 5.00000000 4.10138831
2.21745232 5.00000000 4.16478244
2.67585615 5.00000000 4.41323829
2.97257402 5.00000000 4.65668895
3.20303976 5.00000000 4.89785090
3.49387908 5.00000000 5.29316919
3.88890946 5.00000000 6.00635579
4.29964738 5.00000000 6.94291457
5.00000000 5.00000000 8.90000000
