-5.00000000 -5.00000000 2.50000000
-4.35538146 -5.00000000 2.29072457
-3.40388542 -5.00000000 2.52600056
-2.95768668 -5.00000000 2.87414505
-2.19033550 -5.00000000 3.75187558
-1.74705744 -5.00000000 4.27256403
-1.63821386 -5.00000000 4.39397119
-0.94990050 -5.00000000 5.08245867
-0.63948931 -5.00000000 5.33666100
-0.16114378 -5.00000000 5.63381492
0.23943403 -5.00000000 5.78027737
0.68654768 -5.00000000 5.82801559
0.95647290 -5.00000000 5.79836380
1.53580428 -5.00000000 5.62397373
2.13416000 -5.00000000 5.35481664
2.64075991 -5.00000000 5.12213425
2.89984237 -5.00000000 5.02875883
3.41172603 -5.00000000 4.95070143
4.37177422 -5.00000000 5.42118221
5.00000000 -5.00000000 6.10000000
-5.00000000 -4.17247127 1.61417543
-4.35674946 -4.33026322 1.38125221
-3.44669450 -3.79303112 0.86305763
-2.93152010 -3.84084674 1.15996736
-2.13533914 -3.83080256 1.79270503
-1.73098591 -4.41856204 3.04278153
-1.31805925 -4.40946750 3.43410163
-1.00424845 -3.61626997 2.40428388
-0.48316554 -4.19614454 3.62048140
-0.24054247 -4.32463960 3.96411728
0.27740453 -4.38122253 4.17257051
0.92971696 -3.97267580 3.26651729
1.25719638 -4.25618997 3.78817936
1.70202185 -3.88002165 2.80685782
1.91891785 -3.67658667 2.28612421
2.45785925 -3.87169404 2.35209629
2.92013900 -4.47064824 3.51346769
3.52515134 -3.80471494 1.86449862
4.46413377 -4.25380032 3.42638509
5.00000000 -4.17247127 3.78633832
-5.00000000 -3.02794889 1.41272275
-4.37589955 -2.83753369 0.87767978
-3.38557562 -2.99967606 0.49289399
-3.01912261 -2.70464033 0.54698980
-1.94364318 -3.03455322 1.25962167
-1.66115650 -2.99915362 1.41080513
-1.40697578 -2.89924335 1.50590557
-0.91710469 -3.13062514 1.95741288
-0.64896198 -3.01858626 2.01868056
-0.32101087 -2.89502916 2.02161955
0.29074611 -3.13704825 2.20789852
0.80768013 -2.92557610 1.89146720
1.02488231 -3.00287409 1.88351522
1.75476949 -2.89688868 1.39048967
2.24981211 -2.99430007 1.16462673
2.64984909 -3.12571125 1.08410550
2.93592018 -3.09830124 0.93222905
3.68804502 -2.94949563 0.72451435
4.40079159 -3.23441834 1.48383724
5.00000000 -3.02794889 1.92473377
-5.00000000 -2.59020113 1.64290858
-4.44144005 -2.53373475 1.06609022
-3.36654070 -2.55161358 0.48285251
-2.92501206 -2.48124879 0.57816226
-2.08729954 -2.55304627 1.00518677
-1.67409868 -2.56870787 1.22571638
-1.54873163 -2.64961078 1.31282761
-1.04875742 -2.66838661 1.60001500
-0.58450743 -2.59537559 1.78798516
-0.33126711 -2.68082894 1.87793002
0.08423819 -2.53411394 1.78779835
0.68074547 -2.56296859 1.68320155
1.07131895 -2.56810873 1.55650273
1.67620117 -2.61701326 1.26119615
2.26869339 -2.74629749 0.96354357
2.47928097 -2.60553201 0.75894743
2.93340404 -2.74153023 0.62697447
3.31207837 -2.70244522 0.50234442
3.97338490 -2.46835006 0.60435610
5.00000000 -2.59020113 1.65050783
-5.00000000 -2.37154653 1.79525493
-3.90478333 -2.32628437 0.72314310
-3.40602477 -2.14412704 0.58008703
-2.93032191 -2.08552485 0.64994804
-2.30647038 -2.22933093 0.91196761
-1.71306156 -2.31107848 1.20354306
-1.46546433 -2.44110394 1.32384290
-0.80935181 -2.34555601 1.64041797
-0.51363467 -2.29525623 1.72844535
-0.36021861 -2.35218223 1.75695402
0.02863598 -2.25699421 1.72793071
0.60502325 -2.13904498 1.59482799
0.99228701 -2.35449704 1.50623761
1.77148847 -2.38845186 1.10475574
2.12855121 -2.21456006 0.82465702
2.44453900 -2.45385343 0.70771766
2.88699321 -2.47186779 0.49836449
3.42636081 -2.14367679 0.31475739
4.38130293 -2.04909696 0.87941743
5.00000000 -2.37154653 1.58203404
-5.00000000 -1.74598732 2.28828268
-4.07394566 -1.82050710 1.12130504
-3.33145714 -1.67540201 0.74811909
-2.62112187 -1.76554948 0.87084940
-2.06312636 -1.97341180 1.08681384
-1.57508365 -1.92086787 1.31986435
-1.23848107 -2.00886386 1.45972782
-0.84700074 -2.04641944 1.61796484
-0.56671251 -1.78985717 1.69786931
-0.27857350 -1.98219686 1.73239705
0.08647442 -1.87664386 1.69988944
0.76347779 -1.93924422 1.52899306
0.98754540 -1.80626324 1.43312751
1.63038752 -1.84264646 1.08686027
2.12648229 -2.03743882 0.79011446
2.40045847 -1.87469970 0.59905785
2.91418050 -1.87648579 0.34917560
3.14280780 -1.71633131 0.27621608
4.08151695 -1.71182626 0.63049705
5.00000000 -1.74598732 1.56362598
-5.00000000 -1.51779390 2.46578158
-3.95661450 -1.35940002 1.28172012
-3.64885475 -1.47331770 0.97309795
-3.08240686 -1.29390792 0.87510794
-2.34724127 -1.42132421 1.05968482
-1.62168559 -1.54923304 1.34294229
-1.33031594 -1.56018690 1.45784005
-1.00640386 -1.26549182 1.58721922
-0.49696274 -1.36067492 1.70798914
-0.04073464 -1.56180353 1.71585014
0.20589399 -1.38512883 1.67733585
0.55453136 -1.32325866 1.58406267
1.15902976 -1.36621230 1.32721399
1.73936489 -1.64812110 0.99845585
2.23885559 -1.47165575 0.66853083
2.55387075 -1.55369960 0.48973499
2.76577470 -1.35611101 0.38079652
3.03357933 -1.51277669 0.28619030
4.12346946 -1.34514083 0.70138973
5.00000000 -1.51779390 1.59692597
-5.00000000 -1.05687021 2.79721674
-4.10502780 -1.14776585 1.55346258
-3.41773241 -1.08776754 1.04288370
-2.94750959 -0.85792108 1.02592224
-1.94491433 -1.05740715 1.26874552
-1.66808998 -0.67703025 1.39196392
-1.35424586 -1.09104487 1.48058918
-0.75705006 -0.65973275 1.64850032
-0.59353363 -0.80443665 1.68369810
-0.16994282 -0.89878274 1.71734678
0.16113941 -0.72988348 1.67665046
0.77088066 -1.06505823 1.50079023
0.97050013 -1.12620445 1.41263189
1.71232585 -1.17586920 0.98858931
2.28366952 -1.00657190 0.63901607
2.41323536 -1.18758699 0.56330317
2.90236938 -1.00092865 0.32924865
3.52880188 -0.83569408 0.34035764
3.82928822 -0.81129102 0.51694034
5.00000000 -1.05687021 1.70152623
-5.00000000 -0.44932358 3.14837284
-4.45981906 -0.56428923 2.26086068
-3.33221289 -0.54385517 1.26366825
-2.62549899 -0.42997138 1.13097792
-1.95402773 -0.47788850 1.30077825
-1.63922006 -0.40708400 1.40220836
-1.53454969 -0.14977781 1.41950136
-0.67549112 -0.29517921 1.63458461
-0.45100776 -0.52876164 1.68414821
-0.08982068 -0.40329975 1.67945637
0.21827449 -0.50735241 1.65199840
0.57062603 -0.46115765 1.54870908
1.09664378 -0.49866278 1.29910395
1.37644591 -0.30689131 1.12005223
2.02796517 -0.76067877 0.78174488
2.56423817 -0.39405892 0.49536609
2.88075352 -0.38855068 0.36297877
3.24652608 -0.42521002 0.27383342
4.06949152 -0.32897247 0.73898850
5.00000000 -0.44932358 1.86724452
-5.00000000 -0.04461706 3.31318528
-4.34177087 -0.00443658 2.26210389
-3.76919096 -0.12805667 1.67321959
-3.01807380 -0.05960918 1.25343089
-1.90099771 0.05999560 1.28485128
-1.71827371 0.14851905 1.32684224
-1.46783719 0.19856719 1.38971709
-0.85115363 0.10507031 1.54835943
-0.52865284 0.09940925 1.59255130
-0.11341334 -0.01873647 1.62695678
0.35773222 0.07740063 1.54387422
0.67606469 -0.01701381 1.45179317
0.86274842 0.03381096 1.35489008
1.28739411 -0.06359711 1.14076322
1.94931691 -0.24186094 0.79445512
2.71322326 -0.21562597 0.42750536
3.11328598 0.03729733 0.29336845
3.66945528 -0.01291706 0.40432098
4.30872437 -0.00983071 1.02797270
5.00000000 -0.04461706 1.98131124
-5.00000000 0.23505228 3.38854951
-4.40052008 0.29582534 2.36237766
-3.26078141 0.21192525 1.36703512
-2.72228685 0.18511392 1.15628610
-1.98420842 0.38315264 1.19744993
-1.58464035 0.34321543 1.32623788
-1.53451827 0.35303132 1.33802791
-0.75381532 0.43076355 1.48896969
-0.42716529 0.30071375 1.55579886
-0.22800047 0.30047899 1.56046628
0.31970180 0.28041259 1.50078450
0.64168021 0.32759604 1.38841355
1.04247633 0.20038362 1.23351362
1.67648483 0.15985089 0.89498446
2.23262261 0.00790340 0.62575029
2.52143104 0.21317926 0.47147735
3.01618827 0.12653029 0.31369922
3.50502712 0.37556365 0.33516490
4.08258365 0.39097231 0.80787160
5.00000000 0.23505228 2.05880850
-5.00000000 0.63328456 3.43424936
-4.09709658 0.78018607 1.96377419
-3.59628699 0.63009317 1.52920859
-2.97433700 0.70385530 1.12843696
-1.93649017 0.67470634 1.13143588
-1.63013792 0.78525633 1.17991706
-1.42164762 0.75810603 1.24550350
-1.14231138 0.82219602 1.28784036
-0.57883260 0.57648160 1.46587017
-0.25054485 0.57927714 1.47181392
0.25401141 0.40776436 1.46905128
0.70480709 0.51070846 1.29275981
1.06348230 0.58096234 1.12342306
1.56781066 0.39195765 0.91481035
1.84668000 0.42436254 0.75580286
2.40632196 0.42216573 0.48468692
2.95530640 0.59630295 0.29540253
3.56909183 0.80944720 0.43463147
4.39880120 0.63504231 1.25403661
5.00000000 0.63328456 2.16553735
-5.00000000 1.15412202 3.39595713
-4.50395133 1.26333595 2.41882382
-3.73220505 1.11467792 1.48231548
-2.79602206 0.91893802 0.97826418
-2.18626936 1.01431461 0.95072953
-1.69237523 1.16417439 1.01044972
-1.41058037 0.98565922 1.15830683
-1.16882921 1.14046054 1.14915472
-0.77336081 1.05218245 1.26212452
-0.28232179 0.85808486 1.36316758
0.07445144 0.69983586 1.38359027
0.59408742 0.87239442 1.18103390
0.95874039 0.85095229 1.06797116
1.65390276 0.97271245 0.72813486
1.91062545 1.03524790 0.58449557
2.33809538 1.09175832 0.38473035
2.72572639 0.87723898 0.30607283
3.15243306 1.23960138 0.28038278
4.12730657 1.15720081 1.02941850
5.00000000 1.15412202 2.32159645
-5.00000000 1.46261774 3.33676818
-4.13323738 1.57543261 1.76880072
-3.44386188 1.52709001 1.00663954
-2.93448752 1.37571655 0.80323676
-2.27416254 1.61956324 0.68513538
-1.82938113 1.55937268 0.80177921
-1.50558629 1.31427842 0.99090741
-1.06648304 1.40256120 1.05910400
-0.75409929 1.24779313 1.18417449
-0.21433023 1.10062066 1.26098390
0.24248447 1.22713798 1.14031052
0.64094833 1.35299407 0.99591462
1.09294943 1.40080448 0.84406296
1.58737118 1.57001863 0.61870505
1.91027979 1.60154834 0.47673589
2.48911393 1.58593206 0.27928179
2.79602407 1.52789731 0.23967614
3.23815761 1.59285235 0.32537033
4.42189824 1.58974453 1.54274232
5.00000000 1.46261774 2.43467786
-5.00000000 1.96381741 3.21701169
-4.15259854 1.89913914 1.69423135
-3.60761671 2.14767043 0.89861274
-3.04550637 1.77203115 0.64456402
-2.31173136 1.93546924 0.54105726
-1.89513458 1.84727276 0.65997466
-1.53495982 1.78522470 0.77751915
-1.09311338 1.72876924 0.91998769
-0.64270059 1.68029535 1.03288141
-0.38690677 1.87475662 0.99109854
0.00594098 2.02993639 0.93138633
0.40525141 1.95158849 0.88063159
0.90050702 1.84843045 0.78614395
1.34805940 1.98216920 0.63023745
2.06553499 2.21286595 0.37524692
2.42597533 2.04228423 0.28247638
2.70558791 1.86673458 0.24732398
3.37163252 2.12392117 0.48050186
4.29872909 2.24548239 1.59797573
5.00000000 1.96381741 2.67017684
-5.00000000 2.54245875 3.11315245
-4.35807146 2.61654962 1.86099953
-3.26535782 2.38458441 0.55299105
-2.88350768 2.41630210 0.37948609
-2.45693834 2.53848707 0.32252663
-1.84905146 2.32908576 0.49414386
-1.66974348 2.35117021 0.54014699
-0.99715039 2.51008413 0.72030118
-0.60485535 2.40698712 0.83237263
-0.31358000 2.32939740 0.87815669
0.11795502 2.28031885 0.86420160
0.46635855 2.27327956 0.80463785
0.84830456 2.33814588 0.71916854
1.56528542 2.39836158 0.53572240
1.87836872 2.72244332 0.48999361
2.55241229 2.64915277 0.38738605
2.73690856 2.61639348 0.39751616
3.33676464 2.37292180 0.52761498
3.91949182 2.52521492 1.17707184
5.00000000 2.54245875 3.08940848
-5.00000000 2.69792039 3.10356930
-4.53519612 2.89517772 2.14203215
-3.34127201 2.94855982 0.58796191
-2.69632283 2.86326792 0.30605310
-2.20551896 2.70262459 0.33290918
-1.76206620 2.63570546 0.45378948
-1.65106197 2.68984429 0.48209594
-1.17366729 2.91533408 0.63153761
-0.50585543 2.87795851 0.79740843
-0.24405328 2.80898695 0.82370446
0.17723385 2.78989567 0.81318527
0.34807514 2.65933730 0.79390229
0.92771072 2.80694383 0.71522396
1.52948030 2.83335655 0.59975246
1.97136436 2.87672981 0.51438363
2.52973011 2.79779748 0.44417350
2.82354943 2.92464565 0.56879207
3.34763167 2.75621833 0.70771524
4.42025785 2.67381874 2.05238089
5.00000000 2.69792039 3.24360248
-5.00000000 3.35859847 3.18113486
-4.06649215 3.19196542 1.37391426
-3.64365232 3.38961907 0.91139619
-2.78343016 3.15420541 0.35996775
-2.27628911 3.09545272 0.33326351
-1.67836349 3.56689365 0.61564842
-1.46099837 3.45351723 0.62677039
-0.96432352 3.47534328 0.79060638
-0.80377038 3.60112046 0.88976875
-0.13374080 3.50577905 0.95226864
0.07625870 3.31061608 0.88353283
0.45272464 2.96842248 0.80106554
0.93043481 2.95671955 0.74083867
1.61171377 3.32429948 0.77619356
2.06218230 3.53242965 0.91546230
2.74022520 3.55430404 1.08112695
2.89626770 3.46310072 1.04175928
3.51894174 3.54935347 1.55100647
4.47639215 3.29789186 2.81720592
5.00000000 3.35859847 4.11461720
-5.00000000 3.98160736 3.64778550
-4.63436755 3.72892623 2.54462216
-3.47370405 4.10393134 1.32249463
-2.87223722 4.06629164 0.95308952
-2.01729729 4.13575190 1.13576692
-1.70232638 4.06257948 1.11847553
-1.58029998 3.99043689 1.05479643
-1.24216073 4.21260161 1.48027168
-0.70727936 3.86121073 1.14974883
-0.17682430 3.87212561 1.32437201
0.13430349 3.77209394 1.26967164
0.68769261 3.60925980 1.15223924
1.06658173 3.69615332 1.26517872
1.52372169 3.98067760 1.70735585
2.36918367 3.80219606 1.34752400
2.77507597 3.81567467 1.48835852
3.01198949 3.87706764 1.70958470
3.44472597 3.98924497 2.27937600
4.32044629 4.00851158 3.92830638
5.00000000 3.98160736 5.49302766
-5.00000000 5.00000000 5.30000000
-4.35538146 5.00000000 3.97340000
-3.40388542 5.00000000 2.74199295
-2.95768668 5.00000000 2.49792276
-2.19033550 5.00000000 2.56974917
-1.74705744 5.00000000 2.75405836
-1.63821386 5.00000000 2.80508181
-0.94990050 5.00000000 3.14794449
-0.63948931 5.00000000 3.29830619
-0.16114378 5.00000000 3.50662375
0.23943403 5.00000000 3.65089158
0.68654768 5.00000000 3.77625276
0.95647290 5.00000000 3.83893890
1.53580428 5.00000000 3.96572771
2.13416000 5.00000000 4.13320456
2.64075991 5.00000000 4.38892248
2.89984237 5.00000000 4.59083383
3.41172603 5.00000000 5.17031418
4.37177422 5.00000000 7.12527744
5.00000000 5.00000000 8.90000000
