-5.00000000 -5.00000000 2.50000000
-4.58712582 -5.00000000 2.33339900
-4.37260941 -5.00000000 2.29260351
-3.84573875 -5.00000000 2.33222629
-3.55389458 -5.00000000 2.44336648
-3.36030825 -5.00000000 2.55327659
-3.15506850 -5.00000000 2.70148620
-2.93405387 -5.00000000 2.89672040
-2.75700213 -5.00000000 3.07776243
-2.56518130 -5.00000000 3.29472713
-2.40284064 -5.00000000 3.49101091
-2.25159071 -5.00000000 3.67717673
-1.98970890 -5.00000000 3.99224582
-1.83064193 -5.00000000 4.17743363
-1.71636491 -5.00000000 4.30709060
-1.53891214 -5.00000000 4.50211527
-1.42870148 -5.00000000 4.61899218
-1.30019823 -5.00000000 4.75077469
-1.09220088 -5.00000000 4.95288379
-0.92608267 -5.00000000 5.10340891
-0.81960948 -5.00000000 5.19427427
-0.60198417 -5.00000000 5.36437144
-0.37890187 -5.00000000 5.51416468
-0.29302969 -5.00000000 5.56459709
-0.13478354 -5.00000000 5.64642722
0.09842860 -5.00000000 5.73984479
0.26490426 -5.00000000 5.78628356
0.37929715 -5.00000000 5.80836771
0.60690149 -5.00000000 5.82846514
0.77942331 -5.00000000 5.82262865
0.93320265 -5.00000000 5.80252394
1.09851903 -5.00000000 5.76738372
1.32592859 -5.00000000 5.70061220
1.54305147 -5.00000000 5.62111207
1.76407676 -5.00000000 5.52812714
1.88886385 -5.00000000 5.47154452
2.11970068 -5.00000000 5.36181037
2.22934235 -5.00000000 5.30877268
2.45602253 -5.00000000 5.20188717
2.63794646 -5.00000000 5.12327696
2.80798373 -5.00000000 5.05903222
2.96049803 -5.00000000 5.01059417
3.10050756 -5.00000000 4.97573175
3.36061913 -5.00000000 4.94901007
3.60858422 -5.00000000 4.98013766
3.80372195 -5.00000000 5.04524215
4.14635816 -5.00000000 5.24113109
4.44434728 -5.00000000 5.48695743
4.55738077 -5.00000000 5.59647388
5.00000000 -5.00000000 6.10000000
-5.00000000 -4.65165130 2.06933866
-4.65522841 -4.71620844 1.95634869
-4.30735109 -4.49219189 1.55835124
-3.97772300 -4.51132736 1.55496246
-3.64426839 -4.49404388 1.58841341
-3.40669985 -4.75682928 2.09273351
-3.11804613 -4.77338304 2.30698565
-3.01611234 -4.46013815 1.86661318
-2.73006901 -4.68958142 2.49087477
-2.61127212 -4.72885477 2.68286984
-2.40058288 -4.73746104 2.92757867
-2.09600592 -4.58688760 2.97151348
-1.88620612 -4.71892548 3.47115488
-1.72949162 -4.58962795 3.37508380
-1.65711730 -4.49307234 3.26016150
-1.52071320 -4.54027919 3.49449436
-1.40001662 -4.76995137 4.10907750
-1.21807510 -4.47360866 3.65333108
-1.02498794 -4.68858522 4.28057025
-0.91861576 -4.41794185 3.79006764
-0.75136116 -4.59904390 4.29271088
-0.62460825 -4.44354777 4.03822093
-0.31751188 -4.59764139 4.52887159
-0.21896208 -4.58784291 4.54429783
-0.06838493 -4.54566705 4.49267154
0.14736213 -4.71597058 4.95839601
0.30652590 -4.64178235 4.79148658
0.47635182 -4.53529646 4.53545472
0.72331911 -4.63874019 4.79532549
0.92964035 -4.50914026 4.44780945
1.00265773 -4.55375900 4.55297109
1.24203806 -4.45069581 4.25529257
1.40319940 -4.47339358 4.27277519
1.54770100 -4.53253974 4.37621606
1.68268964 -4.49315171 4.22604003
1.90930941 -4.44814949 4.00895573
2.09096571 -4.66364008 4.46678117
2.15492772 -4.44930305 3.87638392
2.44032292 -4.73227866 4.45947851
2.59580405 -4.67719850 4.22595799
2.82144116 -4.54639899 3.75861345
2.97377109 -4.50916815 3.59401693
3.05934413 -4.65633889 3.96863469
3.29974193 -4.73350752 4.14535697
3.62761028 -4.57017520 3.71551364
3.80026381 -4.68291462 4.09651042
4.09070669 -4.40362964 3.49901353
4.40498492 -4.48354769 3.96328778
4.60022285 -4.50690970 4.21222040
5.00000000 -4.65165130 5.05215797
-5.00000000 -4.03890764 1.52096612
-4.62381904 -4.07340003 1.25889422
-4.29496263 -4.20156590 1.22825367
-4.10294309 -3.96680138 0.96841548
-3.70837407 -4.19676417 1.19485681
-3.49755232 -4.23766240 1.29984390
-3.28900892 -4.05428156 1.17464617
-2.92572583 -4.26632439 1.65595973
-2.77221831 -4.15750632 1.63252333
-2.58168256 -4.14369862 1.77675851
-2.39621428 -4.15981360 1.96842470
-2.18761130 -4.12290818 2.11491509
-1.95588723 -4.25778023 2.53938213
-1.68378429 -4.14365331 2.61820850
-1.53920515 -4.06497923 2.62637801
-1.46970663 -4.12121252 2.77829166
-1.34567776 -4.00365237 2.69828882
-1.20059431 -3.89554151 2.65000255
-1.06042107 -4.12890737 3.13748374
-0.84045856 -4.12190337 3.28404593
-0.73685258 -3.90255749 2.98268920
-0.63554819 -4.16876265 3.49326447
-0.38500903 -4.25699976 3.77832020
-0.22360866 -4.09650246 3.53164308
-0.02419875 -4.05773895 3.50249210
0.18348997 -4.23270505 3.85480940
0.36978656 -4.20812483 3.80710207
0.57769181 -4.28230877 3.94995533
0.74346195 -4.31927715 4.01541752
0.95588738 -4.18425569 3.68874603
1.10623842 -4.22462945 3.74903600
1.24071948 -4.24430420 3.76483475
1.39481210 -3.98119699 3.14954041
1.54019207 -4.12634862 3.40781067
1.68365987 -4.01385821 3.09841470
1.89184412 -4.10212278 3.18872344
1.99770297 -3.97693548 2.84927999
2.20903380 -3.97723720 2.72345134
2.42282607 -4.16892304 3.02881724
2.57284199 -4.04583697 2.65963488
2.86470259 -4.17014414 2.79058616
2.96048229 -4.08820437 2.55969436
3.14833756 -4.14726035 2.62837506
3.44672859 -4.02877252 2.32439529
3.53262959 -4.22311100 2.78700699
3.73734391 -4.08931778 2.52810516
4.02289104 -4.17044960 2.86988172
4.40073186 -4.19021145 3.21372627
4.61252271 -4.19456963 3.42555201
5.00000000 -4.03890764 3.47687869
-5.00000000 -3.76104887 1.38194394
-4.72511605 -3.70980063 1.11810045
-4.33187172 -3.72796634 0.88149130
-3.83317661 -3.81054101 0.81923838
-3.66612042 -3.71995934 0.76192610
-3.48329624 -3.69567482 0.77725721
-3.15596072 -3.70898798 0.91127281
-2.92453067 -3.83606249 1.16002370
-2.70555867 -3.74000579 1.22670885
-2.51508253 -3.83679209 1.47406783
-2.36954661 -3.76774725 1.52564284
-2.22677150 -3.89301107 1.78546791
-1.88565727 -3.80989295 1.97718882
-1.70237455 -3.85116964 2.18044897
-1.58190817 -3.84753693 2.27508574
-1.46115071 -3.76081341 2.25753550
-1.28348244 -3.80955055 2.46144308
-1.17185561 -3.67529253 2.36377310
-1.01521615 -3.79270882 2.63560547
-0.84623980 -3.65417038 2.55620302
-0.79158434 -3.70030906 2.65217572
-0.60310819 -3.74363149 2.81802458
-0.43380749 -3.71367145 2.85087574
-0.21558749 -3.86730571 3.14668318
-0.11420279 -3.89856864 3.21713180
0.19550569 -3.90125218 3.24394503
0.36944618 -3.84615133 3.14118313
0.44103398 -3.92075066 3.26008786
0.77333546 -3.87169839 3.11722429
0.97866340 -3.80131721 2.94328835
1.03945339 -3.77703296 2.88346222
1.20022330 -3.80396603 2.87740496
1.42045110 -3.76249992 2.71387231
1.59451256 -3.70495641 2.52309043
1.75524596 -3.74932673 2.51860506
1.88140457 -3.72632433 2.40212868
1.97785783 -3.63739466 2.17911708
2.26602500 -3.71452287 2.15227151
2.42011901 -3.81442072 2.25767120
2.63025295 -3.78710523 2.08831753
2.79941003 -3.84061897 2.10809070
2.97906044 -3.84303339 2.03301485
3.23253564 -3.83343574 1.93291303
3.36005701 -3.72919227 1.71606264
3.57969685 -3.83918017 1.94192228
3.77465739 -3.69808886 1.73423811
4.02347805 -3.71035197 1.89329708
4.33337508 -3.75335142 2.21303992
4.57088396 -3.72494711 2.38146283
5.00000000 -3.76104887 2.90446972
-5.00000000 -3.61829879 1.34186911
-4.63224982 -3.48778165 0.98809925
-4.46528663 -3.55566810 0.88529661
-4.05575470 -3.44402262 0.66028737
-3.53974691 -3.50098665 0.64247829
-3.41884007 -3.43163929 0.62948996
-3.22190190 -3.39804326 0.67307105
-2.95830036 -3.48596813 0.85501443
-2.79071808 -3.46237488 0.94509273
-2.57447357 -3.55938767 1.17186935
-2.31854293 -3.46432499 1.29393945
-2.09372462 -3.60672955 1.59138670
-1.94134109 -3.54120277 1.64440097
-1.75758456 -3.55505584 1.79400916
-1.62243310 -3.60461142 1.94679666
-1.41922861 -3.60804315 2.10092867
-1.28330000 -3.42994894 2.00027303
-1.12965115 -3.54576233 2.23307461
-0.98958691 -3.51419690 2.28950454
-0.87085578 -3.46085332 2.30371858
-0.70685211 -3.45804636 2.39747677
-0.57389754 -3.47853448 2.48929029
-0.37859939 -3.48093798 2.56860925
-0.23293257 -3.61081158 2.77010333
-0.18232920 -3.61279886 2.78240442
0.15274303 -3.52840505 2.68515772
0.31805503 -3.62530283 2.80448589
0.40133723 -3.58889506 2.74062969
0.72077404 -3.54696829 2.61477601
0.90183572 -3.49132331 2.48521443
1.10674217 -3.60781598 2.58434515
1.27609818 -3.51947179 2.37820079
1.42542520 -3.59681306 2.42471144
1.53357576 -3.40864858 2.07676007
1.72143102 -3.54649164 2.17440901
1.88383436 -3.43733634 1.90108152
2.02593885 -3.46991381 1.86595077
2.28795496 -3.46971743 1.71511554
2.42472744 -3.52797677 1.73361846
2.62801009 -3.46931991 1.53667764
2.90940919 -3.57233700 1.57197854
3.06196096 -3.53032994 1.44565517
3.19112836 -3.54532065 1.42939308
3.33228068 -3.47535629 1.29384273
3.61817784 -3.54955690 1.42624501
3.79986590 -3.46944571 1.36402322
4.10276547 -3.56189831 1.69019824
4.38452530 -3.47280486 1.78290082
4.59043017 -3.43804236 1.93062476
5.00000000 -3.61829879 2.65150298
-5.00000000 -3.22799534 1.34832053
-4.58890215 -3.29925289 0.94533613
-4.43003758 -3.25220265 0.82796684
-3.99939762 -3.21665000 0.59667031
-3.50156373 -3.13296716 0.50767697
-3.29295319 -3.10298822 0.53217465
-3.11387719 -3.23008813 0.63693730
-2.97697824 -3.09309565 0.64747691
-2.79203367 -3.16685283 0.77984754
-2.53893848 -3.23275600 0.97891411
-2.36729262 -3.23913378 1.10280905
-2.12431907 -3.19652097 1.24260480
-1.89482307 -3.32170027 1.48575298
-1.77795501 -3.18424587 1.45919065
-1.64018402 -3.18132113 1.54526027
-1.44693452 -3.22415000 1.70248683
-1.34409033 -3.29317670 1.82803910
-1.20532269 -3.15511495 1.80031861
-1.05345345 -3.17289730 1.90891457
-0.83691785 -3.15680662 2.02635663
-0.76907500 -3.13756342 2.04935228
-0.61932400 -3.12036371 2.11222906
-0.43180911 -3.28115361 2.33297646
-0.33823734 -3.16255898 2.24340303
-0.15579468 -3.32357086 2.43322959
0.07646142 -3.27606760 2.38197387
0.24451052 -3.26661636 2.35391443
0.40739899 -3.32526633 2.39541864
0.64379531 -3.19886198 2.19981399
0.85322422 -3.22672007 2.17071905
1.04837421 -3.35671204 2.25490873
1.20485714 -3.23825608 2.04309587
1.35645439 -3.27913046 2.01159075
1.60248758 -3.28326681 1.86688670
1.77645112 -3.19699563 1.65114968
1.92516878 -3.14934052 1.50402285
2.12942419 -3.17772183 1.41256758
2.29606472 -3.17774342 1.31974137
2.45043104 -3.19808783 1.26149080
2.75829773 -3.20890463 1.12692424
2.93443062 -3.24586814 1.09752048
3.06035691 -3.25482742 1.06220339
3.26978935 -3.27713865 1.03198541
3.44536963 -3.29678242 1.04068361
3.60125129 -3.15229039 0.89027662
3.80731907 -3.27699556 1.10366379
4.11853560 -3.20554371 1.21105951
4.34463728 -3.24993498 1.45003470
4.58993327 -3.28405338 1.72772784
5.00000000 -3.22799534 2.11503184
-5.00000000 -3.09896060 1.38595574
-4.63392768 -3.09246601 1.01837053
-4.23314733 -3.05118035 0.71899868
-3.92186827 -2.95696731 0.56924372
-3.56368286 -2.86632731 0.48059341
-3.35036970 -2.86036854 0.48046200
-3.11620341 -2.89968262 0.53825679
-2.94725189 -2.89635444 0.60634026
-2.71510244 -2.87925002 0.72561082
-2.54124201 -2.94143258 0.84828380
-2.36757458 -3.01529790 0.98653635
-2.12554349 -2.98321540 1.12195986
-1.88176902 -2.96117623 1.25668370
-1.75431842 -2.96106077 1.33271930
-1.53931072 -3.04352705 1.51288151
-1.43071441 -3.01521366 1.56123983
-1.34397140 -2.95229735 1.57475440
-1.18329351 -3.03478183 1.72529065
-1.06658143 -3.01688134 1.78356018
-0.87183331 -2.94997500 1.85325340
-0.74925503 -2.99099270 1.94876304
-0.62011820 -3.02675539 2.03787316
-0.43786024 -3.05147839 2.12268262
-0.34002987 -3.04963713 2.14285688
-0.19666672 -3.05563680 2.16410547
0.05564021 -3.14838122 2.24822723
0.12960717 -3.02708216 2.12369709
0.37719065 -3.04921261 2.10615308
0.52681890 -3.04414008 2.07075149
0.86477047 -3.12671537 2.06042733
0.98029777 -3.04501618 1.93971230
1.14587321 -3.00554350 1.83416440
1.43739498 -2.97944780 1.65729442
1.63338484 -2.99757259 1.55037615
1.76613256 -3.04967689 1.50916268
1.93123140 -3.08836409 1.43889553
2.03029384 -3.07745487 1.36774118
2.20554731 -3.02841756 1.22002587
2.56833949 -3.07544296 1.07188016
2.71269920 -3.09697626 1.02516002
2.92486462 -3.07336963 0.91115450
3.00852049 -3.10363001 0.91063720
3.24115962 -3.01544067 0.75537579
3.44898615 -3.04991115 0.76867510
3.59537730 -3.05886895 0.79500253
3.82130156 -3.06250979 0.87816574
4.02776278 -2.97597795 0.92476447
4.36349569 -3.03537793 1.24995698
4.65577711 -3.08820747 1.59005994
5.00000000 -3.09896060 1.98659461
-5.00000000 -2.86225271 1.48733170
-4.48726628 -2.86988809 0.96049641
-4.29183790 -2.77221458 0.83295285
-3.78481652 -2.80726246 0.53406761
-3.54581751 -2.78219335 0.48002383
-3.26118665 -2.56567086 0.48645405
-3.09965860 -2.60999719 0.51633487
-2.88052604 -2.62731416 0.59865607
-2.78242746 -2.58310905 0.64283895
-2.47196187 -2.63795879 0.81194679
-2.37750813 -2.71984061 0.87967019
-2.18879615 -2.86100221 1.03081292
-1.89068180 -2.88965751 1.21526774
-1.71053586 -2.79301328 1.27462168
-1.60904051 -2.74788074 1.31356763
-1.41072156 -2.75858846 1.43200450
-1.34620191 -2.78459146 1.48160956
-1.17017736 -2.72647973 1.55644057
-0.97187612 -2.77846024 1.69495780
-0.91410220 -2.83546412 1.75895021
-0.75059066 -2.75155135 1.79839052
-0.61547029 -2.78567965 1.87627439
-0.44974624 -2.76407206 1.91097553
-0.35827258 -2.79459956 1.94551208
-0.27843522 -2.82679234 1.97516193
-0.10974033 -2.78713336 1.94787437
0.16919533 -2.91311850 2.01806484
0.40060378 -2.87028416 1.94439328
0.59346340 -2.87637344 1.90803251
0.87528211 -2.88616050 1.83755803
1.03508925 -2.84749736 1.74904448
1.17964379 -2.77683393 1.63479620
1.46033088 -2.88621640 1.56769816
1.63242218 -2.90237052 1.47381410
1.75638177 -2.88636650 1.38149747
1.91006785 -2.84882621 1.25449227
2.12795213 -2.84365586 1.11503943
2.21616772 -2.83716200 1.05761226
2.43877806 -2.90443883 0.98409373
2.70114496 -2.81549083 0.78039843
2.84023722 -2.80853079 0.71266505
3.03910714 -2.84592879 0.66537395
3.16014807 -2.89581487 0.66896489
3.46523079 -2.78597613 0.55557678
3.61643536 -2.78257745 0.58033288
3.77049899 -2.67339186 0.57328440
4.19207046 -2.77673530 0.91014319
4.30906632 -2.83706280 1.04997765
4.58400551 -2.74859736 1.26529578
5.00000000 -2.86225271 1.79959021
-5.00000000 -2.59522669 1.63967280
-4.54998700 -2.52045834 1.18122431
-4.17865109 -2.57254701 0.81899447
-3.76459901 -2.49121895 0.58853702
-3.57349081 -2.50154279 0.51818507
-3.26196464 -2.35291345 0.51416191
-3.16774378 -2.46156811 0.50816045
-2.89136957 -2.34947743 0.60393413
-2.68391987 -2.43117849 0.69153554
-2.49192268 -2.42198568 0.79005027
-2.30961359 -2.46001786 0.88446413
-2.13167180 -2.63083558 0.99339800
-1.84327889 -2.65196989 1.15216258
-1.70520815 -2.56589218 1.20860440
-1.55851005 -2.61549277 1.29810470
-1.40737835 -2.62890132 1.38527999
-1.33255609 -2.54758129 1.40630984
-1.13641417 -2.60325550 1.52784191
-1.02717136 -2.62263529 1.59422792
-0.87098431 -2.54252836 1.64951458
-0.77970645 -2.60970493 1.71720038
-0.62710508 -2.60470452 1.77809086
-0.50561648 -2.53386113 1.78418115
-0.35671057 -2.62977526 1.84858633
-0.23115366 -2.61416227 1.84682695
-0.11313809 -2.56595732 1.82085341
0.09485561 -2.66493847 1.85084503
0.25039896 -2.66282625 1.82669203
0.65335047 -2.64004750 1.73036102
0.82701721 -2.53789832 1.62974058
1.02206360 -2.59039672 1.58735551
1.14468762 -2.52866575 1.50675405
1.32865897 -2.56496997 1.43589141
1.59370395 -2.62664102 1.31735805
1.73869318 -2.60341580 1.21467435
1.88400913 -2.64410719 1.14238113
2.14425239 -2.67267597 0.99332538
2.24836675 -2.69720858 0.94461846
2.42420596 -2.65833987 0.81922821
2.64349523 -2.62201642 0.68156759
2.83531149 -2.69663277 0.63717661
2.99823348 -2.65483331 0.54786219
3.14676433 -2.63496598 0.49101732
3.30046103 -2.63627838 0.46518614
3.61323381 -2.46320953 0.42336861
3.77937577 -2.46282298 0.48947972
3.98332477 -2.41604268 0.59599556
4.42267020 -2.58573036 1.02221255
4.58610567 -2.52708196 1.16447140
5.00000000 -2.59522669 1.65260981
-5.00000000 -2.43680200 1.74759428
-4.51328132 -2.41482979 1.20413478
-4.15331056 -2.36396205 0.89147537
-3.72111308 -2.31533134 0.62395165
-3.45603582 -2.26193667 0.55123837
-3.35983464 -2.23881637 0.54410336
-3.09752564 -2.24110162 0.55984964
-2.93521238 -2.21450745 0.61291932
-2.68499695 -2.25348247 0.71327888
-2.57160087 -2.31215098 0.75974302
-2.39338815 -2.35602947 0.84653073
-2.12374907 -2.40505713 0.98341684
-1.88042037 -2.41758534 1.10892963
-1.74792665 -2.48738461 1.17794884
-1.60012621 -2.46842679 1.25453895
-1.41758036 -2.50194027 1.35349701
-1.30339531 -2.45115447 1.40874057
-1.21126665 -2.48423205 1.46049607
-0.96770186 -2.42344719 1.57660136
-0.90513939 -2.45103365 1.61112974
-0.75842494 -2.41964574 1.67169322
-0.60609368 -2.43935555 1.73016504
-0.48990030 -2.45449656 1.76227808
-0.40907775 -2.44169659 1.77137685
-0.24082794 -2.48398875 1.79349642
-0.05171127 -2.47053423 1.78006821
0.08994287 -2.45989228 1.76028592
0.23807427 -2.48833575 1.74682305
0.59416377 -2.43172206 1.65314941
0.75428883 -2.48113537 1.62764708
1.02306466 -2.45109156 1.52532704
1.12712110 -2.41724622 1.47032478
1.39710524 -2.45171002 1.35088853
1.54249213 -2.43371303 1.26195583
1.80116718 -2.50252297 1.12816985
1.89880983 -2.47207997 1.05269609
2.09467018 -2.52477428 0.94894730
2.27533440 -2.55441614 0.85090336
2.40700354 -2.49815160 0.74757923
2.68415378 -2.48410774 0.59384620
2.85375690 -2.54131197 0.54297882
2.96469833 -2.45606406 0.46194762
3.11725797 -2.47547625 0.42138037
3.32784132 -2.35236750 0.34919141
3.57664370 -2.30147711 0.37020388
3.81509143 -2.30965430 0.46973505
3.97053121 -2.31550721 0.56493900
4.29179151 -2.32008722 0.82090199
4.48484362 -2.36477621 1.01384579
5.00000000 -2.43680200 1.59790510
-5.00000000 -2.33310513 1.82406486
-4.49985112 -2.29651919 1.26259914
-4.15082323 -2.22306161 0.96207924
-3.73346766 -2.18627355 0.67986069
-3.49424553 -2.18753657 0.58407943
-3.30085483 -2.10484925 0.58230494
-3.09771621 -2.12821629 0.59057478
-2.94710379 -2.08504110 0.64430465
-2.76419172 -2.15407951 0.69870050
-2.58372332 -2.15260070 0.78579544
-2.27988631 -2.28432392 0.91591731
-2.20509087 -2.31870627 0.94988369
-1.84708026 -2.33207534 1.13302400
-1.64491274 -2.34650006 1.23457411
-1.52855423 -2.40122249 1.29105341
-1.38535797 -2.39535727 1.36449037
-1.26270885 -2.40660468 1.42725647
-1.13863832 -2.39023120 1.48919375
-0.98004994 -2.36461333 1.56503313
-0.90499010 -2.36467612 1.60002000
-0.78603228 -2.36864764 1.65264589
-0.67330219 -2.32001892 1.68919045
-0.50591436 -2.33781001 1.73539111
-0.36205790 -2.37190442 1.76033645
-0.29859687 -2.35554270 1.76081691
-0.07621576 -2.37552177 1.75753252
0.14273135 -2.34172737 1.72333174
0.24514881 -2.35217697 1.70770400
0.56120805 -2.33814643 1.63625070
0.80578237 -2.35311939 1.57110674
0.96934274 -2.35099511 1.51402038
1.15153335 -2.35486685 1.44004847
1.39327730 -2.36894620 1.32465144
1.65117381 -2.34889687 1.16828402
1.72618382 -2.37814049 1.13029638
1.94748702 -2.39107837 0.99161011
2.14702657 -2.41980247 0.87361837
2.26347357 -2.42487770 0.80321095
2.45313865 -2.44099799 0.69781044
2.61734806 -2.38083211 0.58764573
2.79770953 -2.40347175 0.50973354
2.89654605 -2.32316584 0.44211791
3.07936823 -2.30263366 0.37330825
3.23949943 -2.23769422 0.32721809
3.43318195 -2.20618386 0.32418495
3.64148498 -2.16354390 0.37110386
3.97190401 -2.19843067 0.54968258
4.38622859 -2.22740438 0.89478884
4.57885242 -2.26105601 1.09152800
5.00000000 -2.33310513 1.57437025
-5.00000000 -2.19037222 1.93464417
-4.67543458 -2.16037541 1.55373509
-4.09625631 -2.09206849 0.98579546
-3.89803573 -2.09234740 0.82581369
-3.50820757 -2.05484070 0.63763904
-3.29898004 -1.94941276 0.63827014
-3.18911270 -2.01336789 0.61567602
-2.94555497 -1.95286151 0.68706087
-2.70361707 -2.02699538 0.76222156
-2.49983385 -2.08035583 0.84657301
-2.29505902 -2.09054418 0.94839520
-2.12345375 -2.19878082 1.01304330
-1.89949785 -2.17185323 1.13082114
-1.72851008 -2.28479784 1.19891676
-1.53837879 -2.23947783 1.29874926
-1.34581513 -2.23323606 1.39263501
-1.27537282 -2.24751994 1.42524630
-1.12257183 -2.20890952 1.49883323
-1.01911651 -2.28988891 1.54436193
-0.88227253 -2.22673743 1.60412463
-0.79220177 -2.18235998 1.63914918
-0.55443489 -2.19022355 1.71144022
-0.47771561 -2.24556855 1.72995793
-0.37877607 -2.22503150 1.74028716
-0.20037604 -2.17695179 1.74085766
-0.06469276 -2.22678883 1.73571875
0.16639041 -2.21031230 1.70196906
0.36585550 -2.18243038 1.65933614
0.49898889 -2.17462138 1.62677157
0.78271549 -2.19085044 1.54728925
0.94828817 -2.15275050 1.48313933
1.13772840 -2.21009792 1.41279675
1.44745713 -2.22805867 1.25821930
1.65228956 -2.18408754 1.12638094
1.75913364 -2.25277954 1.07407862
1.93102238 -2.30110914 0.97488430
2.06811977 -2.26898478 0.87710828
2.28186298 -2.23064914 0.73272375
2.44597054 -2.25067749 0.64121356
2.62502209 -2.23548416 0.54140526
2.79744283 -2.22470824 0.45742022
2.91582433 -2.24919350 0.41434219
3.01884076 -2.18485627 0.36300189
3.16912757 -2.11646245 0.31453930
3.51006488 -2.01525917 0.31947521
3.78558270 -2.08076941 0.42962086
4.07200909 -2.05378731 0.61374209
4.36401078 -2.11377623 0.86494184
4.52759297 -2.05221939 1.02363981
5.00000000 -2.19037222 1.55560281
-5.00000000 -2.00524038 2.08196948
-4.56512553 -2.02157217 1.52089117
-4.09336319 -2.00677394 1.03128483
-3.78069708 -1.92251018 0.82907244
-3.57718081 -1.88283197 0.73588507
-3.27566204 -1.82198332 0.68450749
-3.15385769 -1.77792491 0.70169426
-2.87979451 -1.82901406 0.74858557
-2.72707812 -1.81061869 0.81377904
-2.48234787 -1.88107930 0.90557427
-2.35522692 -1.95971218 0.94830999
-2.17197467 -2.01038312 1.02717970
-1.94302975 -2.03279515 1.13352809
-1.69049839 -2.06724833 1.24793270
-1.56641344 -2.10123961 1.30184328
-1.40854442 -2.05969213 1.37953625
-1.24086686 -2.14746805 1.44842848
-1.16048430 -2.14531410 1.48495913
-1.01657059 -2.03388508 1.55203647
-0.83613240 -2.07861304 1.62184647
-0.74178902 -2.07422446 1.65502537
-0.64917089 -2.05095539 1.68249367
-0.47669304 -2.09796138 1.72098750
-0.30618146 -2.02451017 1.73321866
-0.20325107 -2.10660574 1.73676859
0.00039964 -2.04401956 1.71719408
0.20519769 -2.03237965 1.68313761
0.28234677 -2.10204262 1.67123456
0.52887795 -2.06944539 1.60970649
0.77133842 -2.07020038 1.53706333
0.97416601 -2.03387729 1.45817317
1.17567001 -2.06903550 1.37277927
1.34041389 -2.03182291 1.28306630
1.60295972 -2.02078080 1.12766030
1.75696982 -2.04129221 1.03270753
1.92176939 -2.07592708 0.93041688
2.04960546 -2.06974098 0.84543361
2.26227374 -2.12582973 0.72111322
2.38488245 -2.13908599 0.65033019
2.51568212 -2.12862951 0.57455667
2.66003143 -2.02962547 0.48196810
2.85985057 -2.03536407 0.39299177
3.06036396 -1.94489669 0.31212062
3.20946518 -1.92434083 0.28583724
3.38733444 -1.86586659 0.28734755
3.63345674 -1.86336895 0.35465587
3.87440285 -1.82099116 0.47928923
4.25420445 -1.87514078 0.76547194
4.46519857 -1.86537919 0.96385146
5.00000000 -2.00524038 1.54859346
-5.00000000 -1.89375019 2.17096264
-4.68793257 -1.85113330 1.79300581
-4.26301834 -1.87576021 1.27767455
-3.73388522 -1.76471145 0.87751247
-3.58128654 -1.75849510 0.79425215
-3.37951810 -1.73741346 0.73248870
-3.15277573 -1.65159735 0.74623293
-2.91670896 -1.68311435 0.78006626
-2.75134138 -1.67644339 0.83999296
-2.52458074 -1.74967417 0.91718215
-2.30026067 -1.85526944 0.99740040
-2.14952580 -1.86739162 1.06583795
-1.77384416 -1.96534793 1.22367773
-1.71563976 -1.92524502 1.25601540
-1.49548259 -1.87143261 1.36065607
-1.41370386 -1.89729664 1.39350572
-1.23922074 -1.97461367 1.46200055
-1.10546980 -1.92948432 1.52087310
-0.95285766 -1.90806115 1.58146691
-0.80970709 -1.88110850 1.63269447
-0.76302339 -1.91160380 1.64752056
-0.57876922 -1.92561340 1.69701187
-0.38722191 -1.93642926 1.72584389
-0.29373567 -1.92447999 1.73053066
-0.13824969 -1.88021971 1.72616414
0.02218428 -1.96873745 1.71167346
0.21407643 -1.92812305 1.67758844
0.28329343 -1.95241542 1.66370479
0.61811856 -1.86506567 1.57219100
0.75024996 -1.86523942 1.52908221
1.02797844 -1.86556457 1.41958309
1.16843363 -1.85093594 1.35209776
1.43185495 -1.93042773 1.21821331
1.61588851 -1.88934862 1.10148193
1.71165886 -1.95074413 1.04833293
1.93060269 -1.97603542 0.90822567
2.05301907 -2.00374402 0.83211039
2.23696040 -1.99191995 0.71300431
2.38962480 -1.98559679 0.62012251
2.60121018 -1.96375267 0.50116133
2.73719176 -1.94599986 0.43273525
2.85686951 -1.89432702 0.37379955
2.92366271 -1.80915215 0.33837666
3.14260049 -1.84264751 0.28551169
3.46166602 -1.78281588 0.29832706
3.66155401 -1.75357148 0.36673835
3.97964570 -1.76670714 0.55136400
4.31904306 -1.77574038 0.82908563
4.44368177 -1.78507046 0.94728030
5.00000000 -1.89375019 1.55173687
-5.00000000 -1.70616554 2.31965625
-4.62777189 -1.69730562 1.82674769
-4.23538489 -1.74264048 1.33212564
-3.73712947 -1.58724002 0.97198892
-3.59086958 -1.54583713 0.90169588
-3.34632790 -1.55275766 0.80176483
-3.11205914 -1.45228762 0.81840807
-2.93234486 -1.53571611 0.81917371
-2.71819842 -1.45330076 0.90815616
-2.52499942 -1.51627264 0.96828982
-2.27907531 -1.50895111 1.07306425
-2.02980605 -1.66390474 1.15512881
-1.87943022 -1.60868037 1.22817218
-1.71977362 -1.70681844 1.28327362
-1.57315803 -1.64396338 1.35256526
-1.33772946 -1.75123101 1.43908669
-1.27917469 -1.63524534 1.47186106
-1.14266276 -1.71012254 1.51931035
-0.96390985 -1.67571092 1.58598280
-0.80920831 -1.68928604 1.63597271
-0.72000535 -1.62659819 1.66227402
-0.59307937 -1.80973918 1.69259094
-0.44904270 -1.80961122 1.71700191
-0.32107445 -1.80753373 1.72745669
-0.19863891 -1.70973161 1.72707960
0.08124263 -1.73236845 1.69928174
0.20246831 -1.70620068 1.67684753
0.43579026 -1.66368750 1.62053425
0.58791025 -1.62267209 1.57522962
0.83266173 -1.64520194 1.48941226
0.94216501 -1.71862861 1.44764338
1.09143496 -1.66743675 1.37676961
1.44342276 -1.80726846 1.19780129
1.55218169 -1.74400130 1.12583526
1.71658298 -1.77239999 1.02414841
1.88633330 -1.83907191 0.91982612
2.09830281 -1.75836440 0.77321479
2.18459263 -1.86357745 0.72874489
2.37135030 -1.72996739 0.60205259
2.52157626 -1.68273834 0.51388710
2.71865123 -1.67792734 0.41403726
2.78305352 -1.69191838 0.38562325
2.91977609 -1.73698435 0.33321133
3.24714655 -1.57295219 0.26512062
3.38831035 -1.61924783 0.28042071
3.59369078 -1.62000736 0.34060174
3.83511373 -1.58395635 0.46577388
4.31658526 -1.55362712 0.84785192
4.61764178 -1.65119659 1.13875472
5.00000000 -1.70616554 1.56821709
-5.00000000 -1.48194997 2.49304739
-4.48231815 -1.46205956 1.80270140
-4.28073818 -1.47727549 1.55050080
-3.85123739 -1.41212614 1.15716320
-3.44476543 -1.32798166 0.93683528
-3.26741199 -1.36834140 0.86247359
-3.15613521 -1.36983755 0.84853256
-2.87411905 -1.31854258 0.89524517
-2.70983562 -1.28570553 0.94987603
-2.53156753 -1.30394181 1.00806041
-2.38182674 -1.38395661 1.05204223
-2.14446186 -1.37067562 1.15167607
-1.91994414 -1.44661674 1.23317547
-1.71565495 -1.39232816 1.32218932
-1.55163683 -1.53271780 1.37300525
-1.40324033 -1.50872313 1.43381387
-1.22881302 -1.53724459 1.49801045
-1.09237898 -1.48679005 1.55002677
-1.00687132 -1.46298306 1.57995438
-0.82600013 -1.44184152 1.63605252
-0.70015373 -1.45155465 1.66896220
-0.59205367 -1.51738786 1.69230476
-0.40725938 -1.55260969 1.71943307
-0.23119113 -1.50550491 1.72687502
-0.07805383 -1.56012298 1.71950972
0.12272892 -1.52787141 1.69254178
0.20417302 -1.52696831 1.67681771
0.44632061 -1.52829245 1.61706070
0.53851220 -1.45212235 1.58950151
0.82343640 -1.48500411 1.48859498
0.98022684 -1.48848440 1.42108535
1.09519768 -1.48590329 1.36570388
1.28280435 -1.56554576 1.27078471
1.54141789 -1.60899700 1.12129340
1.70888264 -1.59031196 1.01387179
1.89970031 -1.59053129 0.88984442
2.08406578 -1.60424593 0.77131390
2.15848924 -1.55035962 0.72134741
2.34331760 -1.53124597 0.60745439
2.52241431 -1.52835840 0.50563018
2.72444360 -1.44713092 0.40115943
2.77111000 -1.52448116 0.38192421
2.94126883 -1.44045715 0.31068377
3.19242813 -1.37492534 0.26274611
3.41876611 -1.33953385 0.28973659
3.53234932 -1.35094183 0.32550857
4.00718614 -1.37841134 0.60316541
4.30232513 -1.39090401 0.85601654
4.62456974 -1.44219222 1.17662560
5.00000000 -1.48194997 1.60355443
-5.00000000 -1.42303199 2.53740988
-4.46134295 -1.35865625 1.84319188
-4.34927769 -1.33077773 1.72265730
-3.91222438 -1.28221662 1.28511212
-3.44178322 -1.23960615 0.97866173
-3.28798700 -1.25084383 0.91766698
-3.06721911 -1.19082447 0.91184971
-2.95242695 -1.15506241 0.92929737
-2.68651922 -1.21720297 0.97237069
-2.47041342 -1.24447665 1.04178838
-2.32953753 -1.28036339 1.09044180
-2.19824618 -1.20469061 1.15381636
-1.87255507 -1.28376989 1.27223738
-1.67930972 -1.31608342 1.34434412
-1.58876688 -1.34049634 1.37700984
-1.35895280 -1.34903776 1.46291669
-1.27889253 -1.25772132 1.49748503
-1.13672651 -1.37401907 1.54040291
-0.88523143 -1.30090225 1.62223457
-0.80587747 -1.34229337 1.64337533
-0.71431702 -1.28960692 1.66685341
-0.44452472 -1.29069933 1.71415229
-0.34963793 -1.30466391 1.72250371
-0.21849388 -1.32264947 1.72610224
-0.11664935 -1.32386727 1.72246417
0.13100261 -1.31757497 1.69221726
0.28423017 -1.36295554 1.65998854
0.45484294 -1.36442501 1.61478065
0.63453881 -1.30289386 1.55694767
0.79982294 -1.32877658 1.49485529
0.96813480 -1.33057097 1.42125358
1.10606597 -1.37464222 1.35522712
1.35483721 -1.39534879 1.21959854
1.48022553 -1.42649057 1.14669075
1.78618501 -1.51672070 0.95911266
1.86982706 -1.42913078 0.90044368
2.08167094 -1.44100093 0.76556381
2.18947866 -1.50759102 0.70021673
2.35040469 -1.49005283 0.60191328
2.56410306 -1.38327076 0.48016332
2.69804992 -1.31967183 0.41232601
2.81297131 -1.28031495 0.35971732
3.00250340 -1.28310523 0.29060802
3.24756261 -1.28212833 0.26376721
3.41005716 -1.28572462 0.28880727
3.67852018 -1.23868501 0.39812576
3.89548369 -1.25638803 0.53266357
4.17733096 -1.27165587 0.75788606
4.58867715 -1.28363723 1.16596954
5.00000000 -1.42303199 1.61514939
-5.00000000 -1.19088088 2.70567682
-4.58206931 -1.16081691 2.12369733
-4.09738037 -1.21504076 1.50664876
-3.71185876 -1.17981413 1.17526338
-3.52429964 -1.07613860 1.10521107
-3.27560640 -1.00347420 1.02631430
-3.04485009 -1.08734636 0.94856854
-2.86889180 -0.94607538 1.00018550
-2.74492553 -1.03249412 0.99770383
-2.55926736 -1.02277142 1.04958591
-2.38398436 -1.02385801 1.10830389
-2.07772812 -1.01347645 1.22350067
-1.93567127 -1.07659074 1.27029624
-1.74252992 -0.97539228 1.35049479
-1.55821032 -1.07503864 1.40984995
-1.36913897 -1.14949863 1.47220718
-1.23919360 -1.04729297 1.52103079
-1.07672661 -1.11409530 1.57023171
-0.90855409 -1.05222739 1.61985494
-0.77489145 -1.09089618 1.65342935
-0.67499807 -1.10085306 1.67549826
-0.51292915 -1.02241933 1.70200172
-0.35471601 -1.16573946 1.72062910
-0.23279016 -1.21251629 1.72525601
-0.09031050 -1.06468840 1.71834636
0.14067755 -1.09011070 1.69020268
0.26364721 -1.17104708 1.66542460
0.40919818 -1.12524004 1.62789007
0.63316691 -1.05010169 1.55432839
0.75850166 -1.20724411 1.50919034
0.90137810 -1.07806025 1.44361980
1.12045569 -1.22447778 1.34090669
1.30525579 -1.13225928 1.23322429
1.58928426 -1.27006716 1.07032799
1.76751018 -1.25438650 0.95770838
1.85645957 -1.31383328 0.90398240
2.03818232 -1.24212227 0.78752746
2.24744060 -1.23453189 0.65973720
2.39047231 -1.26810711 0.57577787
2.56354490 -1.23476034 0.48056265
2.68036023 -1.23082057 0.42140539
2.85248864 -1.11040015 0.34569330
2.98608363 -1.08531139 0.29791216
3.10189266 -1.06592996 0.27272205
3.47734444 -1.01216277 0.31695106
3.70697707 -1.02965810 0.42637366
3.87352499 -1.00561653 0.53848496
4.32545604 -1.14415196 0.91607311
4.48856425 -1.20251790 1.07336105
5.00000000 -1.19088088 1.66770509
-5.00000000 -1.02903524 2.81565516
-4.59733540 -1.05673338 2.20614797
-4.26412899 -1.03213684 1.79622028
-3.75745308 -0.94481542 1.33884452
-3.43584247 -0.91547300 1.13915777
-3.34577397 -0.91514716 1.09597788
-3.05923049 -0.87893572 1.02842240
-2.91904083 -0.90279134 1.01078596
-2.68311056 -0.81559266 1.05735224
-2.53075606 -0.86355699 1.08388701
-2.28076715 -0.84121286 1.16741948
-2.13602535 -0.89020434 1.21459307
-1.95698724 -0.88004615 1.28033820
-1.70602471 -0.90456651 1.36840431
-1.52422705 -0.86869832 1.43341560
-1.43779706 -0.90326866 1.46110128
-1.26811284 -0.89363107 1.51670907
-1.11392076 -0.88042832 1.56392425
-0.88949019 -0.85235718 1.62466893
-0.75864439 -0.87798575 1.65527914
-0.63182319 -0.86946119 1.67968924
-0.44564249 -0.87405729 1.70550234
-0.29220306 -0.88708359 1.71634788
-0.15838156 -0.97371210 1.71955377
-0.05948500 -0.96319016 1.71376949
0.15848285 -0.95718942 1.68507124
0.31498339 -0.96165987 1.65136366
0.46790199 -0.95939123 1.60857275
0.57197059 -0.97751088 1.57470836
0.76507765 -0.90308056 1.49741692
0.93667745 -0.98408038 1.42257991
1.07080211 -1.02914912 1.35698405
1.39489994 -1.06574359 1.17632474
1.53890014 -1.07186350 1.08984388
1.72964945 -1.14805003 0.97642917
1.90315374 -1.11601798 0.86753551
2.11294863 -1.15660621 0.74020474
2.26253436 -1.08307671 0.65087936
2.44254487 -1.08523015 0.54840112
2.53404572 -1.07283901 0.49909913
2.67920593 -0.99642614 0.42775417
2.84230796 -0.93249081 0.35641606
3.02269789 -0.90430067 0.29332186
3.16665119 -0.86425601 0.27036531
3.42758190 -0.84803926 0.30303201
3.72479728 -0.94381651 0.44129019
4.06246938 -0.91893426 0.69826664
4.30233827 -0.94425207 0.92266054
4.61464255 -0.99045503 1.25213368
5.00000000 -1.02903524 1.70874618
-5.00000000 -0.93062214 2.87917357
-4.58602267 -0.87392861 2.29090732
-4.33522446 -0.88191455 1.96052930
-3.69177601 -0.87286513 1.32581297
-3.55184385 -0.84979969 1.24060534
-3.31235382 -0.82432363 1.12603730
-3.06318936 -0.75128282 1.08012733
-2.81072729 -0.73309647 1.06379374
-2.66392282 -0.72701152 1.07810677
-2.50093106 -0.71997979 1.11200881
-2.32201863 -0.67585941 1.16884737
-2.06383278 -0.67874477 1.25669612
-1.87975533 -0.67937196 1.32009581
-1.75350514 -0.69375592 1.36263381
-1.51773492 -0.72521228 1.44048140
-1.38969225 -0.66049463 1.48228394
-1.25335955 -0.72877876 1.52368238
-1.10654124 -0.76146858 1.56643991
-0.87112940 -0.67466587 1.62488808
-0.79879839 -0.69247783 1.64139615
-0.66769138 -0.74808423 1.66909282
-0.41423037 -0.72284668 1.70102279
-0.29310265 -0.72765122 1.70829391
-0.14244315 -0.80614009 1.71245586
-0.05847548 -0.79976041 1.70750851
0.08847820 -0.86086241 1.69383760
0.26975649 -0.87316450 1.66015227
0.44411747 -0.82821379 1.61240493
0.54797242 -0.74593225 1.57525323
0.72698505 -0.85491668 1.51134877
0.94317102 -0.78813205 1.40723220
1.10165966 -0.85849233 1.32908351
1.25336697 -0.83499591 1.24207112
1.47554283 -0.87826487 1.11483879
1.78079742 -0.94776270 0.93511785
1.86684023 -1.03517170 0.88681585
2.13326914 -1.00415436 0.72630937
2.28313603 -1.00409652 0.63933469
2.37053362 -0.94610640 0.59067823
2.58289568 -0.86547451 0.47992864
2.76373449 -0.89560490 0.39223165
2.92594109 -0.81434729 0.32852956
3.08389244 -0.73650983 0.28501018
3.19674773 -0.81974495 0.26986268
3.46491508 -0.71656300 0.31540324
3.66445088 -0.76806017 0.40966563
4.08519847 -0.75306885 0.73218111
4.35438015 -0.83899512 0.99071999
4.63482673 -0.85688143 1.30146825
5.00000000 -0.93062214 1.73465887
-5.00000000 -0.72730005 3.00168126
-4.51080446 -0.73127459 2.25786566
-4.15340686 -0.69859826 1.83777009
-3.85460049 -0.70653394 1.54173354
-3.57203331 -0.68250773 1.33751514
-3.35880538 -0.62661753 1.24090058
-3.14072889 -0.65491232 1.14000995
-2.87246478 -0.59611020 1.10533760
-2.69671670 -0.60846622 1.09821662
-2.42691585 -0.54698576 1.14827639
-2.27810640 -0.51395276 1.19297810
-2.07383771 -0.57707804 1.25825800
-1.96581178 -0.56121518 1.29520953
-1.76246224 -0.56113538 1.36312174
-1.60931557 -0.54975261 1.41318145
-1.41228480 -0.55281033 1.47497874
-1.30970649 -0.56028279 1.50581164
-1.10977507 -0.50124171 1.55963794
-0.89139990 -0.59648655 1.61716172
-0.73402401 -0.59489548 1.64953464
-0.61786141 -0.51988251 1.66374742
-0.52220655 -0.56580763 1.67975197
-0.30428275 -0.63635531 1.70186959
-0.15622686 -0.59297744 1.69935311
0.04004459 -0.61742997 1.68751295
0.18030843 -0.70047398 1.67172312
0.32805452 -0.64971897 1.63694439
0.45848879 -0.58158891 1.59613597
0.56565281 -0.59298027 1.56038529
0.76278673 -0.65741458 1.48416333
0.88590441 -0.60288220 1.42116285
1.12692531 -0.64476674 1.29687526
1.35293203 -0.67531615 1.17046495
1.55101466 -0.82553391 1.06577812
1.76276575 -0.79753535 0.93772694
1.86193989 -0.80391490 0.87960534
2.08321122 -0.77134442 0.75072966
2.22768659 -0.76403674 0.66993058
2.49555378 -0.73720388 0.52754595
2.63674268 -0.77775588 0.45628068
2.75403420 -0.72427770 0.40390209
2.92511034 -0.66679159 0.33615713
3.06194416 -0.60905445 0.29478173
3.33803390 -0.57961298 0.28108233
3.47836342 -0.57915833 0.31875185
3.75666517 -0.62633702 0.46907544
3.89796039 -0.58751547 0.57607119
4.32400533 -0.61637653 0.98517616
4.61786331 -0.66665806 1.31682694
5.00000000 -0.72730005 1.78974650
-5.00000000 -0.60495509 3.06934716
-4.56761474 -0.64285413 2.37478195
-4.36132997 -0.56330368 2.13558892
-3.96618130 -0.62836854 1.67857704
-3.58512826 -0.58356305 1.39182881
-3.27574426 -0.55372559 1.23343613
-3.13381824 -0.46727445 1.20962877
-2.86971548 -0.51221223 1.12879093
-2.66967199 -0.46158237 1.12571748
-2.47802861 -0.46518994 1.14323370
-2.30199275 -0.43366540 1.18820674
-2.13227085 -0.33014328 1.24221002
-1.89030644 -0.35233256 1.32086537
-1.76571940 -0.36028403 1.36101249
-1.60587130 -0.33517461 1.41022836
-1.44826479 -0.37790965 1.45962278
-1.27715374 -0.33199914 1.50607935
-1.07210074 -0.32412391 1.55850291
-0.90970487 -0.33994233 1.59660734
-0.72467943 -0.38282605 1.63556883
-0.65066707 -0.41134434 1.64987824
-0.36771345 -0.37670357 1.67555998
-0.21808499 -0.46569659 1.68900161
-0.15336172 -0.42930864 1.68457144
0.05736945 -0.45681911 1.67255405
0.16986075 -0.50081563 1.66029399
0.34371922 -0.44431996 1.61879630
0.44345108 -0.47930157 1.59359578
0.61195021 -0.40915447 1.52812249
0.73315621 -0.39979540 1.47531152
0.87529813 -0.50568986 1.41745310
1.07780324 -0.54156523 1.31394651
1.21189940 -0.59273352 1.24395536
1.56929603 -0.63717488 1.04041724
1.71172192 -0.59811540 0.95447181
1.91211862 -0.58975919 0.83943004
2.08078461 -0.66169691 0.74855868
2.24357208 -0.66750247 0.65981328
2.42926997 -0.58755786 0.56209574
2.65082217 -0.55658153 0.45557656
2.77715666 -0.54919016 0.40016982
2.93721012 -0.45781831 0.34056156
3.05968580 -0.47383638 0.30051752
3.33618081 -0.38520472 0.27932387
3.45377522 -0.44891993 0.30772748
3.72910713 -0.42752547 0.44894431
4.01825852 -0.39217497 0.68693768
4.33747822 -0.46600344 1.01611230
4.60127440 -0.56788377 1.31411740
5.00000000 -0.60495509 1.82363385
-5.00000000 -0.31585254 3.20948204
-4.62266864 -0.30830369 2.57531444
-4.22373773 -0.37616544 2.03878892
-3.79241596 -0.40705433 1.61465199
-3.60783463 -0.28319406 1.51759505
-3.38990090 -0.30560531 1.37775609
-2.99611396 -0.29150052 1.21303111
-2.90353698 -0.36097399 1.17292010
-2.56785856 -0.26813230 1.14693814
-2.47902971 -0.26077387 1.15262941
-2.22923808 -0.19106239 1.20648702
-2.06996387 -0.23561161 1.25920535
-1.88446841 -0.19334585 1.31589433
-1.73006433 -0.17906013 1.36312088
-1.53834168 -0.15239040 1.41862689
-1.40634911 -0.11029749 1.45214132
-1.28443400 -0.16786861 1.49103890
-1.07531834 -0.09016514 1.53390443
-0.90619246 -0.16159629 1.57891303
-0.79179363 -0.11934927 1.59451933
-0.63204699 -0.24149021 1.63452850
-0.51436748 -0.12865901 1.63277271
-0.26829208 -0.20809785 1.65831724
-0.12697096 -0.20842360 1.65729172
0.01653970 -0.27539760 1.65717222
0.19172322 -0.27956082 1.63464264
0.30001241 -0.16968813 1.59928805
0.41253936 -0.30311581 1.58667295
0.54649978 -0.18028450 1.52812225
0.77065048 -0.23589330 1.43919852
0.84775756 -0.18183096 1.39420167
1.08191000 -0.25001690 1.27873725
1.24789243 -0.24105976 1.18518650
1.48596896 -0.28292258 1.05526776
1.76473234 -0.33054588 0.90302981
1.98067198 -0.44025536 0.79239760
2.15212412 -0.35510835 0.69590523
2.27244669 -0.41270630 0.63712524
2.46669329 -0.46366035 0.54233457
2.72877087 -0.31103547 0.42292386
2.84829218 -0.37514604 0.37542518
3.06128735 -0.20864744 0.30671303
3.16297510 -0.25814912 0.28325751
3.28166379 -0.18090715 0.27455777
3.48842827 -0.20040975 0.31448874
3.78799367 -0.17520341 0.48889428
4.07166278 -0.21813173 0.74559912
4.37204145 -0.33580778 1.06996206
4.57469170 -0.30448207 1.32470381
5.00000000 -0.31585254 1.90488569
-5.00000000 -0.12898388 3.28400029
-4.74821143 -0.16641362 2.81086206
-4.26070434 -0.13043777 2.14401939
-3.99108738 -0.16683555 1.85592272
-3.56300894 -0.21125431 1.50654258
-3.26414854 -0.19987956 1.33924114
-3.01133168 -0.17182550 1.23914224
-2.80421236 -0.17267722 1.18014740
-2.57752413 -0.15024285 1.15080104
-2.48217207 -0.14358256 1.15208450
-2.24400065 -0.10190003 1.19583334
-2.12683146 -0.02692651 1.22486587
-1.91238825 -0.00653128 1.28999311
-1.71923487 -0.00189935 1.34885551
-1.62975771 0.03071600 1.37126091
-1.38870010 0.04480507 1.43726701
-1.32109727 0.01671194 1.45926001
-1.11263802 0.04036482 1.50677642
-0.93179716 -0.01301397 1.55349993
-0.78580048 -0.01735850 1.58042074
-0.64008327 -0.01192877 1.60057365
-0.51190971 0.00671421 1.61119423
-0.28517273 -0.07544732 1.63797049
-0.11113105 -0.08741796 1.63851924
0.04681627 -0.08582874 1.62722663
0.13294242 -0.05491963 1.61176707
0.27648795 -0.09765535 1.59385090
0.44248206 -0.08865832 1.55025262
0.54493840 -0.07738298 1.51421099
0.75123709 -0.04320598 1.42171420
0.90166959 -0.03976237 1.34652278
1.07393794 -0.10956658 1.26481888
1.23158866 -0.13693051 1.18139908
1.44212656 -0.18498899 1.06913798
1.75899384 -0.20725574 0.89466221
1.97811142 -0.24373511 0.77924779
2.18789669 -0.26430407 0.67173099
2.32211290 -0.21930201 0.60219322
2.60590906 -0.22483196 0.47248754
2.72967355 -0.21063610 0.42079181
2.91226431 -0.14263142 0.35241623
3.07436811 -0.11866136 0.30371296
3.16507163 -0.08751079 0.28431525
3.40031815 -0.03888613 0.28730795
3.56150425 -0.04620688 0.34350468
3.70661205 -0.00917626 0.42914381
3.98396267 -0.01736703 0.66510342
4.32333023 -0.07360931 1.03907182
4.48293990 -0.04316922 1.24505212
5.00000000 -0.12898388 1.95760820
-5.00000000 -0.08286599 3.30030845
-4.59877431 -0.07256467 2.59783412
-4.36183783 -0.00073311 2.28741259
-4.04439270 -0.08614507 1.92303359
-3.66361991 -0.10807401 1.59745970
-3.40671769 -0.10865713 1.43132003
-3.15978968 -0.13938159 1.30196390
-2.85365683 -0.08458139 1.19861735
-2.54690730 -0.09178448 1.14951768
-2.39427057 -0.00030320 1.15256551
-2.28613071 -0.00382905 1.17458768
-2.14183896 -0.00988638 1.21820128
-1.93948614 0.04825969 1.27448332
-1.69250284 0.11600077 1.33995640
-1.59634899 0.17160671 1.35859849
-1.42151044 0.10346122 1.41925098
-1.28607688 0.12621823 1.45081997
-1.19519048 0.14822873 1.46911918
-1.02098629 0.09812345 1.51711156
-0.78482684 0.07344071 1.56515547
-0.62721692 0.11554319 1.57906094
-0.50902937 0.03390931 1.60661191
-0.22097070 0.01568527 1.62286074
-0.13674657 0.02987167 1.61889514
0.02171254 0.01940921 1.61126248
0.13718517 0.01321452 1.59906359
0.30746462 -0.02705413 1.57556164
0.38625271 0.05412321 1.54130925
0.62732731 0.08379265 1.45458911
0.67400119 -0.00043019 1.44997184
0.90442845 0.01357376 1.33690143
1.04059074 0.05409066 1.25900021
1.23377111 -0.04529672 1.16808611
1.40849610 -0.06062971 1.07286988
1.72561867 -0.06906611 0.89814609
1.84291907 -0.07392283 0.83499064
2.09990482 -0.18990766 0.71096733
2.24661180 -0.16657969 0.63522441
2.56991617 -0.15868021 0.48498907
2.69786730 -0.06827328 0.42756285
2.93691004 -0.04620897 0.34234981
3.06013382 -0.03356001 0.30680003
3.21141921 0.02489639 0.27809202
3.45156996 0.03838584 0.30055426
3.50927704 0.04815823 0.32077116
3.80095838 0.14312091 0.50502017
4.01885100 0.12567051 0.70874450
4.35795017 0.02094968 1.09267893
4.65323102 0.04732161 1.49241686
5.00000000 -0.08286599 1.97057752
-5.00000000 0.21047066 3.38330450
-4.77315597 0.14823261 2.91687392
-4.53640029 0.12054209 2.53610747
-3.84189954 0.06764646 1.76043301
-3.63141324 0.06720563 1.59670932
-3.31306870 0.14631657 1.39761132
-3.09054694 0.06383558 1.28751604
-2.89298170 0.13099014 1.20973231
-2.59318868 0.09841493 1.14214304
-2.35751607 0.08980346 1.14821356
-2.24746448 0.16003711 1.16240357
-2.05280898 0.27334078 1.20049231
-1.82966706 0.25489138 1.27318150
-1.72751299 0.25662259 1.30366816
-1.54633337 0.36949570 1.33074781
-1.38214381 0.34501409 1.38107401
-1.27338244 0.29772068 1.41959925
-1.20017888 0.31042658 1.43424609
-1.03349005 0.29818218 1.47370523
-0.76691076 0.29782864 1.52108141
-0.70166255 0.22334817 1.54731282
-0.50226543 0.23287054 1.56671602
-0.31652890 0.25588102 1.57111307
-0.20042503 0.25959787 1.57049934
-0.05119944 0.20409863 1.57760298
0.17631936 0.18041408 1.55712605
0.25948898 0.17785574 1.54270155
0.44852676 0.13397011 1.50685832
0.58513419 0.16104067 1.45488755
0.71698517 0.18788656 1.39527588
0.84920109 0.17127301 1.33722597
1.07917730 0.22359514 1.21002839
1.31844980 0.19254062 1.08653662
1.48358164 0.11108466 1.00805909
1.68746523 0.08477765 0.89966759
1.88633774 0.01042644 0.80195424
2.13981019 0.00688346 0.67147757
2.27527647 0.07478737 0.59767906
2.42851370 0.04853639 0.53046482
2.67015903 0.08226919 0.42757199
2.85389389 0.06843706 0.36380865
3.04024689 0.16639771 0.30613598
3.11894369 0.23963253 0.28774171
3.41277117 0.31445799 0.29879356
3.55155719 0.25388393 0.34634112
3.76287131 0.32409080 0.48802663
4.11259730 0.29173563 0.82802062
4.35234255 0.25383579 1.11702826
4.65739627 0.26968507 1.54264017
5.00000000 0.21047066 2.05208672
-5.00000000 0.34314556 3.40828677
-4.79023911 0.35437221 2.96979946
-4.38211280 0.33760599 2.33938910
-3.91975397 0.35924079 1.83488318
-3.67520967 0.37094769 1.62772720
-3.36097509 0.31451377 1.41687895
-3.11074986 0.28716787 1.28507281
-2.87552915 0.26530423 1.19136724
-2.59124389 0.28405521 1.11889429
-2.36814117 0.23242666 1.12588645
-2.24886445 0.27831092 1.14119411
-2.01872073 0.33390356 1.19814087
-1.88778952 0.40216103 1.22225241
-1.72859956 0.46201274 1.25451393
-1.60132963 0.48849865 1.28404046
-1.41256372 0.42660287 1.35259344
-1.29760229 0.48940533 1.36463278
-1.11912048 0.43609073 1.42095023
-1.01254306 0.41260422 1.44945820
-0.85252021 0.42744916 1.47463412
-0.69935823 0.37724906 1.51071270
-0.57888488 0.37366834 1.52546314
-0.37560780 0.36765407 1.54083312
-0.21343890 0.30436552 1.55923059
-0.06906243 0.31769331 1.54885350
0.11278143 0.30720961 1.53153975
0.27294032 0.27568119 1.51260829
0.39647956 0.28894238 1.47905956
0.55258392 0.28350482 1.43409263
0.74817966 0.32227345 1.34794779
0.91186379 0.33887415 1.26972715
1.04825097 0.33653019 1.20327801
1.24262557 0.31218205 1.10685232
1.57347877 0.28629337 0.93123985
1.67819628 0.18239571 0.89066323
1.88825473 0.15937304 0.78092711
2.11606499 0.18139408 0.66037912
2.32887594 0.15583860 0.56237963
2.50946271 0.20841402 0.47697327
2.66315274 0.24416761 0.41342148
2.80631325 0.21724942 0.36792879
2.99025350 0.31929572 0.30947085
3.08186336 0.33080799 0.29075584
3.30911075 0.40950219 0.28467461
3.51313524 0.45468819 0.34761823
3.83137133 0.49269699 0.56951666
4.06785421 0.52289831 0.81469862
4.39877253 0.42699248 1.20884094
4.55001886 0.44060663 1.42265590
5.00000000 0.34314556 2.08809958
-5.00000000 0.54395002 3.43030103
-4.69791259 0.59538538 2.80964600
-4.52194574 0.53821010 2.52953195
-4.03351157 0.57774574 1.92712810
-3.70118643 0.43946641 1.64174934
-3.34392965 0.47322805 1.38565821
-3.04944604 0.39902173 1.24104896
-2.83922603 0.34744569 1.16726953
-2.60494701 0.42045307 1.09601812
-2.41716596 0.48056458 1.07356919
-2.19879575 0.46572297 1.11437676
-2.08721127 0.50291049 1.13700064
-1.82712230 0.58279765 1.19123907
-1.70931180 0.56326626 1.23141194
-1.56358655 0.58478811 1.26620488
-1.38503082 0.62066313 1.30253778
-1.29802423 0.56223806 1.34290245
-1.22607322 0.63251949 1.33761534
-1.04372451 0.54776260 1.40452859
-0.89777722 0.56605577 1.42635638
-0.75707573 0.53162340 1.45932160
-0.46819499 0.47574284 1.50561258
-0.36211578 0.45904984 1.51476787
-0.26429746 0.43145141 1.52349067
-0.10989941 0.40723808 1.52416279
0.11575331 0.38776560 1.50357529
0.29231006 0.39142830 1.46696835
0.43221591 0.40873887 1.42398195
0.58887754 0.40131283 1.37928249
0.85189972 0.43412121 1.26720134
0.96363287 0.43443695 1.21791783
1.15249074 0.39185289 1.13744491
1.29269013 0.37026189 1.06868711
1.56647893 0.41386966 0.91110910
1.71514620 0.32225788 0.84721029
1.85532479 0.39885729 0.75640616
2.07503176 0.39492345 0.64281846
2.24698110 0.29969422 0.57763183
2.37252007 0.30962836 0.51922208
2.56001955 0.39752095 0.42900057
2.81223369 0.37869745 0.34968080
2.95678164 0.45399351 0.30678835
3.07361498 0.48565210 0.28614139
3.31942635 0.51765353 0.29386651
3.57552753 0.56671213 0.39620701
3.71436899 0.65041414 0.50443570
3.92369405 0.59531260 0.67684463
4.31231005 0.62604423 1.13614515
4.59083999 0.66225585 1.53317674
5.00000000 0.54395002 2.14157556
-5.00000000 0.70485017 3.43495936
-4.68137072 0.79514813 2.77316844
-4.32140287 0.72654102 2.23974370
-3.86086557 0.67792014 1.74344087
-3.73595862 0.72123159 1.62221990
-3.43788127 0.68829691 1.39860677
-3.07412241 0.59741080 1.20843612
-2.83966532 0.51827617 1.13206992
-2.60297084 0.57374662 1.05885932
-2.46949057 0.58667323 1.04593596
-2.20135068 0.69028852 1.05444690
-2.06546864 0.72393764 1.08005610
-1.89216555 0.69455850 1.13771193
-1.73024363 0.72758336 1.17258196
-1.56294122 0.71863155 1.22216063
-1.40313406 0.70991305 1.26760785
-1.28178706 0.74267452 1.28599596
-1.21392200 0.70046093 1.31714168
-1.04644614 0.76081189 1.33135053
-0.88759062 0.72109810 1.37552228
-0.71313854 0.66617124 1.42109615
-0.51735197 0.57494173 1.47103081
-0.41918902 0.61416929 1.46150194
-0.27518651 0.53293170 1.48977270
-0.16047181 0.56425560 1.47143288
0.11666556 0.49284686 1.46199879
0.23320017 0.49074648 1.43897589
0.42402231 0.53196006 1.37245117
0.70164662 0.50429961 1.29661367
0.84908782 0.53668373 1.22858926
0.94531740 0.52918364 1.19267858
1.16048803 0.49930785 1.10489626
1.35239630 0.48032150 1.01226715
1.51789703 0.48778210 0.92167681
1.63328671 0.52311929 0.85055847
1.85256069 0.51683018 0.73268333
1.94565835 0.54837723 0.67630226
2.09634076 0.52673220 0.60437161
2.35372289 0.51874884 0.48794588
2.56263702 0.55319186 0.40189490
2.73297564 0.59206171 0.34415029
2.83285941 0.58375785 0.32059497
3.04341989 0.64662015 0.28229833
3.26753236 0.72602087 0.29865791
3.51741190 0.75028065 0.39536087
3.73841019 0.84005981 0.56238129
4.02878672 0.84942838 0.84548046
4.26910775 0.79963882 1.12158232
4.64773123 0.80346021 1.65332915
5.00000000 0.70485017 2.18509360
-5.00000000 0.87359551 3.42848851
-4.72122727 0.92436636 2.83665194
-4.52722571 0.92899308 2.50675064
-3.90207331 0.87129330 1.73722747
-3.66336370 0.87025503 1.51614308
-3.40794537 0.81554068 1.33618003
-3.14602620 0.80387541 1.17577267
-2.83460947 0.75032501 1.05758456
-2.58127562 0.73484273 1.00698501
-2.46210164 0.68256553 1.01874411
-2.29031512 0.80518534 0.99991190
-2.03851815 0.78979907 1.06595220
-1.89720959 0.85285466 1.08196890
-1.74077878 0.83657975 1.13061490
-1.60917090 0.84581847 1.16295614
-1.40735433 0.86585405 1.20801274
-1.30841111 0.86129000 1.23427865
-1.22117850 0.88066938 1.24705811
-1.01536619 0.79800217 1.32340692
-0.89759706 0.79401519 1.34656150
-0.81523365 0.77549991 1.36695958
-0.57942102 0.74786893 1.40448872
-0.40633319 0.70868619 1.42617689
-0.34089357 0.70679578 1.42619954
-0.15252965 0.63273198 1.44378495
0.04923185 0.63538640 1.41498680
0.30479399 0.61744815 1.36752167
0.38140300 0.63158173 1.34133561
0.70890641 0.62144062 1.24484153
0.83966345 0.62596692 1.19659353
1.03418543 0.64084645 1.11472975
1.20234267 0.62720111 1.04540287
1.36580593 0.62931432 0.96561020
1.46574706 0.61716636 0.91757112
1.67497462 0.64799464 0.79815160
1.80902851 0.61828404 0.73292634
1.95123001 0.62907578 0.65519124
2.13492292 0.64276610 0.56026220
2.22347864 0.67282334 0.51270913
2.53831736 0.61801379 0.39883653
2.67236833 0.64392296 0.35302518
2.79432767 0.67903900 0.31735549
3.04259822 0.73768480 0.27793064
3.16204107 0.80873890 0.28245872
3.33994433 0.89589560 0.33065516
3.73549636 0.91172814 0.57354868
3.94047767 1.00933095 0.78571271
4.21953784 0.93230366 1.09054816
4.55423220 0.96007704 1.55511353
5.00000000 0.87359551 2.23325249
-5.00000000 0.96958924 3.42015227
-4.73627949 1.08266870 2.85185474
-4.43967540 1.01934910 2.36045250
-3.90594599 1.03305054 1.68974653
-3.60742219 0.92691885 1.44794373
-3.34078618 0.97346304 1.22358866
-3.22761277 0.90471279 1.18097996
-2.82523326 0.89449441 0.99717092
-2.62215933 0.88788588 0.95658498
-2.47955670 0.87310307 0.95614105
-2.33899363 0.88126705 0.96665785
-2.08420527 0.94520389 1.00001347
-1.89858669 0.94324355 1.04796796
-1.75877558 1.02798764 1.05090316
-1.56168643 1.01525295 1.10742869
-1.50141020 0.98937384 1.13376097
-1.32355133 0.99465500 1.17588393
-1.24626337 0.95544324 1.21063501
-1.01042291 0.97492344 1.25326710
-0.92526147 0.92613396 1.28936331
-0.82155852 0.92431405 1.30742455
-0.54900903 0.79798713 1.38710164
-0.38650750 0.75582308 1.40769795
-0.29810561 0.80162179 1.38683064
-0.21840899 0.79280084 1.38517133
0.04292475 0.68959621 1.39354768
0.22714612 0.71471468 1.34530234
0.35051411 0.68936757 1.32518460
0.61219553 0.72758024 1.23303666
0.81946205 0.72204550 1.16611475
0.99767375 0.71664840 1.10197405
1.21054899 0.70896862 1.01535298
1.36140619 0.72548736 0.93993391
1.45340020 0.82016983 0.86796275
1.70822173 0.76830669 0.75090569
1.78509338 0.78393618 0.70652602
1.90116447 0.80798244 0.64022278
2.03353086 0.84166227 0.56582650
2.32710198 0.82544549 0.43759502
2.51524682 0.75916017 0.38162947
2.68507692 0.76726934 0.33104803
2.79107018 0.82125121 0.29984989
2.89602780 0.81636750 0.28325797
3.13473024 0.92195505 0.27791415
3.34695762 0.97920731 0.33896772
3.60653338 1.08005521 0.49959137
3.99456933 1.10342144 0.86356337
4.26538885 1.11143237 1.19254280
4.55357659 1.06477488 1.58217631
5.00000000 0.96958924 2.26219288
-5.00000000 1.16835659 3.39369223
-4.61832490 1.17423507 2.62675463
-4.28620013 1.17755541 2.10677234
-3.84103592 1.15093025 1.57622693
-3.61623438 1.11457172 1.37475643
-3.41971430 1.13576063 1.20151640
-3.14598070 1.02459201 1.07700456
-2.89397090 1.12735478 0.91324410
-2.67887461 0.99323977 0.92214695
-2.54583758 1.05930311 0.88599394
-2.28844827 1.11244849 0.89288005
-2.10795946 1.06517840 0.94941405
-1.86955235 1.22201935 0.94163207
-1.78668700 1.18806898 0.97650811
-1.61776591 1.12169749 1.04774512
-1.47420208 1.14367308 1.07448967
-1.33622071 1.07180140 1.13983842
-1.26551216 1.10222203 1.14350929
-1.13065535 1.15745727 1.15030935
-0.96787777 1.05725692 1.22700057
-0.84736182 1.00768498 1.26918906
-0.70727431 1.00341750 1.29081196
-0.47836522 0.90723255 1.34651591
-0.31874011 0.94260045 1.33080845
-0.17429905 0.85564510 1.35558048
-0.01010922 0.89840170 1.31661329
0.19815841 0.88768105 1.28077399
0.38516477 0.85037755 1.24962033
0.63371615 0.87791816 1.16677281
0.78124105 0.89971663 1.11147966
0.98000904 0.96914670 1.01874813
1.16310478 0.98477474 0.94536469
1.29842044 0.98852412 0.88914484
1.44570191 0.99850330 0.82137633
1.60117160 1.06203516 0.73147550
1.77813743 0.98034118 0.66359666
1.90686035 1.09906229 0.57261585
2.07258308 0.97402983 0.51879107
2.23959335 0.91764175 0.45540502
2.44073974 0.95704617 0.37191712
2.64540961 0.98423077 0.30963344
2.79899129 0.96853646 0.28094006
2.85942648 0.98567364 0.27092239
3.06219950 1.16931430 0.26213038
3.38900998 1.23902695 0.37714299
3.56674207 1.30743476 0.49953850
4.02380009 1.23816794 0.92538311
4.18202838 1.32305609 1.13713334
4.45992357 1.20515210 1.48414720
5.00000000 1.16835659 2.32640871
-5.00000000 1.38369845 3.35368413
-4.72006539 1.46962945 2.76977344
-4.29122188 1.48918572 2.02996196
-3.89456364 1.42671506 1.51491742
-3.69430011 1.33065381 1.34219189
-3.36018891 1.38690342 1.01988157
-3.13287060 1.29977914 0.92560492
-2.99903026 1.26567555 0.88207567
-2.74492691 1.22721888 0.83062062
-2.51613448 1.26460000 0.80447085
-2.38685731 1.23530970 0.82907151
-2.11815256 1.27829900 0.86131906
-1.99967280 1.29364657 0.88056639
-1.74924030 1.35652489 0.91165682
-1.70691389 1.40742248 0.89918182
-1.50841941 1.35400827 0.97240707
-1.35094454 1.34832612 1.01423150
-1.22900532 1.24901848 1.08772020
-1.04231665 1.23791129 1.13479678
-0.93306237 1.20974683 1.16916079
-0.78842187 1.15946705 1.21546031
-0.68820893 1.18703990 1.21779572
-0.46086147 1.12512954 1.25903362
-0.40243816 1.21482274 1.22412418
-0.24682788 1.18787710 1.22934149
0.01694017 1.12437947 1.22280646
0.17803357 1.06892858 1.21364716
0.39008981 1.06725117 1.16382778
0.61450735 1.16762343 1.06588140
0.73621122 1.06737788 1.06497145
0.92452154 1.03710252 1.01464618
1.16105567 1.15927329 0.89139276
1.21440888 1.24981864 0.84462142
1.46178049 1.29453427 0.73458878
1.67635359 1.20178327 0.66162394
1.74224138 1.29153266 0.61048855
1.89259112 1.31984521 0.53431288
2.08356125 1.29354798 0.45237882
2.23647825 1.26078831 0.39483377
2.35784524 1.28443380 0.34781153
2.58098071 1.18816306 0.29804069
2.69130660 1.29808169 0.26468930
2.90366705 1.22007095 0.24976209
3.10524596 1.32564344 0.26880387
3.39008214 1.34990626 0.38640971
3.57747473 1.47085918 0.52909231
4.03018168 1.47716010 0.98648479
4.25689012 1.40832637 1.25709689
4.43865367 1.41878089 1.51455564
5.00000000 1.38369845 2.40386315
-5.00000000 1.58028945 3.30992033
-4.62988493 1.55551946 2.58577795
-4.37833515 1.63217865 2.13091051
-3.96858132 1.56334434 1.54822599
-3.58900531 1.48905869 1.15619822
-3.46076369 1.54679176 1.00989940
-3.16766090 1.48188423 0.84459915
-3.01880502 1.42339835 0.80786759
-2.81021791 1.49889586 0.71557723
-2.63753968 1.45396729 0.72168467
-2.44152130 1.52016025 0.70426180
-2.19198007 1.55074967 0.72953075
-1.98218950 1.52619842 0.78225570
-1.84079449 1.57769873 0.79092630
-1.68260741 1.47989135 0.87261598
-1.48843609 1.51712375 0.90473624
-1.41414232 1.50616357 0.92855858
-1.27548135 1.52114897 0.95754482
-1.10312933 1.41031662 1.04730074
-0.97957349 1.38394401 1.08630865
-0.78960541 1.39954011 1.11694903
-0.63933444 1.35201675 1.15706919
-0.54288683 1.34937038 1.16681578
-0.41348212 1.30930370 1.18741655
-0.29169379 1.36060396 1.16615771
-0.08714732 1.24617436 1.19167322
0.16974350 1.27780885 1.13744460
0.28396279 1.28020195 1.11187191
0.54326670 1.25832388 1.05430440
0.77379206 1.27990634 0.98145556
0.91797160 1.32976552 0.92170362
1.09851597 1.34099600 0.85936619
1.33490037 1.38544295 0.76175676
1.46312108 1.50267519 0.68311701
1.61786176 1.53992011 0.61240868
1.74402265 1.55024729 0.55706731
1.90893184 1.49536985 0.49468429
2.09232681 1.54128873 0.40957161
2.31500095 1.53284905 0.33015379
2.47532036 1.50110102 0.28918087
2.53247430 1.40360694 0.28522797
2.67493334 1.42442335 0.25727808
2.82984972 1.42533629 0.24142483
3.02938214 1.48146636 0.25357653
3.28513851 1.59844406 0.34874298
3.62348620 1.63180686 0.59175802
3.83337232 1.64270534 0.79961175
4.20843005 1.63166906 1.25339497
4.42059331 1.66653551 1.56581598
5.00000000 1.58028945 2.48339361
-5.00000000 1.67632742 3.28698245
-4.58301749 1.69593673 2.47147295
-4.36051758 1.71411358 2.08038145
-3.78043720 1.64974331 1.27848087
-3.63057977 1.65977695 1.10931319
-3.44617830 1.63599130 0.95006948
-3.24163226 1.64734404 0.79796707
-3.06898943 1.62376410 0.72460823
-2.81313012 1.58715949 0.67522472
-2.69488501 1.65194537 0.63590236
-2.47672323 1.62259405 0.65642869
-2.27455958 1.61604816 0.68661463
-2.06861126 1.67254889 0.69907685
-1.81797363 1.66759589 0.75627733
-1.67524538 1.64257829 0.80207742
-1.55212280 1.63315455 0.83753224
-1.42768019 1.63385880 0.86974482
-1.31475746 1.59821709 0.91458207
-1.05784103 1.55536943 0.99763018
-0.96687397 1.51821549 1.03390739
-0.79370166 1.53696260 1.06198008
-0.62572578 1.47638127 1.11032766
-0.49671552 1.44058227 1.13484564
-0.37078400 1.47560342 1.12546142
-0.20566800 1.42753570 1.13685425
-0.11622902 1.44577401 1.12241625
0.15804160 1.38734666 1.10101178
0.25995620 1.45699411 1.05638143
0.50245926 1.38802250 1.02152954
0.67287737 1.43477087 0.96109097
0.79634897 1.46062327 0.91848563
0.98662071 1.48874732 0.85351900
1.31664944 1.56092114 0.72439964
1.40652143 1.59916858 0.68270759
1.64985634 1.67570301 0.57303309
1.75759335 1.67378160 0.52951282
1.99774030 1.70472678 0.42603954
2.13763679 1.66478819 0.37658723
2.26536300 1.62423136 0.33643167
2.47871650 1.67087573 0.27615674
2.56361838 1.58879127 0.26471052
2.69577737 1.64880653 0.24493321
2.84945697 1.65433168 0.23787824
3.15044616 1.66723059 0.29428560
3.34437575 1.72724892 0.39508780
3.62521075 1.79308260 0.62109266
4.05865646 1.81292706 1.10692898
4.28823115 1.78643536 1.41146530
4.54816655 1.73653182 1.78624987
5.00000000 1.67632742 2.52585546
-5.00000000 1.84239114 3.24637315
-4.67784910 1.79962770 2.62385058
-4.33192903 1.86764856 1.99210645
-3.87359683 1.81596812 1.32387820
-3.57096349 1.82012868 0.97473502
-3.46145612 1.75217304 0.90466409
-3.21486968 1.79918364 0.70812080
-3.07627524 1.78448886 0.65009554
-2.81334109 1.81243211 0.57414834
-2.68968755 1.87574949 0.53812942
-2.49822188 1.82519873 0.56635350
-2.35399009 1.88793035 0.55551973
-2.01795443 1.83873077 0.63632940
-1.86356448 1.80590719 0.68510770
-1.76248872 1.82020047 0.70354590
-1.60821488 1.81960643 0.74368305
-1.41664515 1.83229531 0.79098109
-1.27214308 1.72669308 0.87295551
-1.15724318 1.74175791 0.89801912
-1.00346463 1.66981281 0.96537546
-0.81771966 1.79404772 0.96193055
-0.66585022 1.72421676 1.01400474
-0.46562732 1.67225809 1.05311550
-0.40025016 1.72587923 1.03798958
-0.28123635 1.66616572 1.05810747
-0.12061447 1.63979298 1.05707966
0.05646114 1.61651384 1.04237745
0.27474137 1.63897067 0.99502754
0.51389725 1.55932612 0.96430064
0.59877025 1.67893770 0.90781491
0.86224075 1.66339991 0.84244519
0.98417074 1.64203989 0.81288930
1.22607796 1.72001514 0.71862401
1.50475420 1.77152040 0.61138923
1.59564234 1.91986898 0.55484853
1.84758009 1.97389525 0.45600892
1.91702390 1.93417958 0.43332937
2.07995233 1.95283327 0.37326421
2.26575713 1.95433145 0.31602814
2.39983979 1.78972818 0.28754570
2.62751835 1.76744512 0.25065105
2.70322084 1.87062601 0.24760825
2.86687080 1.77109655 0.24220583
3.05967371 1.85562034 0.28082005
3.39908681 1.93669689 0.46174234
3.62459248 1.97965005 0.65801970
3.86365184 1.96357005 0.90804337
4.28612488 1.88456971 1.44090046
4.50045999 1.97674706 1.80381694
5.00000000 1.84239114 2.60575735
-5.00000000 2.07158812 3.19206830
-4.58291987 2.04138727 2.38954638
-4.33491829 2.12174052 1.92999230
-3.75129099 2.01356031 1.10125694
-3.63231578 2.06960528 0.94736616
-3.35616795 1.95111834 0.73498204
-3.17275749 1.98590589 0.60785782
-3.02673538 1.93903160 0.56614628
-2.85331794 1.95146990 0.52076010
-2.69822624 1.99838339 0.48727204
-2.46984348 2.07849503 0.46238041
-2.35926769 2.06156156 0.48180093
-1.99288660 2.05904825 0.55037425
-1.86956957 2.07808172 0.57272801
-1.74834204 1.96445182 0.64792384
-1.59432717 1.96820627 0.68825468
-1.44180811 1.98641407 0.72513915
-1.31313420 1.93147864 0.78268077
-1.08520268 2.02417828 0.81661115
-0.96253231 2.04319134 0.84434642
-0.87658309 1.88525549 0.91730644
-0.59326622 1.95053604 0.94979135
-0.54566335 1.83975779 0.99052993
-0.39978555 1.84763873 0.99893609
-0.28706059 1.94711614 0.97151590
-0.02334922 1.93631599 0.95878815
0.04293727 1.87417600 0.96736387
0.23252252 1.85253529 0.94157670
0.39995270 1.89693512 0.89537060
0.55139921 1.80969383 0.88350897
0.70790112 1.92659437 0.81718213
0.99423215 1.97871661 0.73400068
1.23963110 2.08134093 0.64934057
1.40825072 2.04068993 0.60310041
1.59996282 2.09372681 0.53442760
1.84316599 2.10156234 0.44949674
2.01773834 2.14213202 0.38904266
2.18788386 2.18262861 0.33961678
2.35357716 2.13216238 0.29964913
2.48306669 2.15613194 0.28283210
2.67743109 2.05798492 0.26254731
2.75080757 2.12775979 0.27287632
2.94199891 2.00580695 0.27305724
3.21839400 2.02572441 0.36806857
3.44641230 2.07476381 0.52440615
3.56951601 2.13080909 0.64227105
3.90020014 2.19559109 1.01951494
4.24765951 2.16804472 1.48729277
4.45952031 2.07847348 1.78040431
5.00000000 2.07158812 2.73271995
-5.00000000 2.24256030 3.15646891
-4.51935971 2.23027057 2.22701870
-4.18195738 2.24269157 1.64759357
-3.75204163 2.24451099 1.03913932
-3.63576187 2.26785792 0.89977649
-3.44002663 2.23333803 0.71585076
-3.24927907 2.16195602 0.59261648
-3.02347374 2.17250689 0.48183390
-2.85732965 2.18159161 0.43641745
-2.63885568 2.18679472 0.41423029
-2.51359108 2.24495118 0.39736567
-2.30354390 2.17084123 0.44734992
-2.02299695 2.17798112 0.49893248
-1.88637020 2.21964464 0.51808470
-1.75419085 2.21118227 0.55676861
-1.52421908 2.19362865 0.63018467
-1.40610851 2.21563808 0.66005699
-1.24417333 2.16473538 0.72552761
-1.06301078 2.14917562 0.78451085
-0.94205644 2.20452843 0.80308991
-0.80544539 2.19670209 0.83960936
-0.66697354 2.10455326 0.89307419
-0.51837640 2.21208289 0.88752574
-0.41242885 2.06804255 0.93428633
-0.27423127 2.04823142 0.94387942
-0.06166304 2.11226512 0.91858075
0.05655775 2.02810391 0.92547956
0.23125376 2.07018295 0.88780136
0.46572484 2.02288752 0.85100496
0.61677552 1.99174741 0.82407622
0.75780672 2.09774429 0.77076651
0.86623630 2.08977284 0.74666130
1.23296016 2.25464265 0.63330534
1.35364933 2.18158623 0.60508166
1.59700813 2.34227845 0.52541449
1.75488054 2.34946172 0.47686688
2.01431312 2.34780417 0.39760913
2.21599617 2.39244331 0.35179998
2.41396594 2.38104288 0.31988779
2.53608159 2.35686729 0.30841115
2.63788412 2.35287150 0.30877891
2.83159041 2.31681800 0.31825047
2.92144527 2.26672185 0.32026140
3.24852713 2.24275705 0.43338227
3.43850840 2.27785491 0.57125344
3.62812322 2.25128825 0.73219282
4.09419968 2.29736969 1.31521501
4.29694576 2.33672249 1.63762629
4.60227879 2.26191489 2.11046133
5.00000000 2.24256030 2.84489466
-5.00000000 2.38717374 3.13195353
-4.66572508 2.39940677 2.46135440
-4.25123677 2.38855680 1.72605357
-3.91154435 2.39526791 1.21351324
-3.58345139 2.37909101 0.82287798
-3.44378514 2.39252828 0.68804947
-3.22937310 2.38614506 0.52984379
-2.99541529 2.38569514 0.41822206
-2.86155378 2.32331642 0.39590028
-2.67517813 2.36025339 0.36162376
-2.43246144 2.37148364 0.36436836
-2.21053563 2.35465453 0.40161758
-2.11722774 2.36743017 0.41668737
-1.87676252 2.35218531 0.48002374
-1.76202258 2.33324664 0.51759334
-1.52768863 2.35115533 0.58434794
-1.45783009 2.32991984 0.61204637
-1.32544322 2.31046808 0.65946778
-1.07621351 2.35938849 0.72619984
-0.89840764 2.33179741 0.78334498
-0.77533218 2.28706642 0.82405024
-0.61069924 2.34204595 0.84449157
-0.49804063 2.36593323 0.85601980
-0.38246799 2.31133884 0.87815504
-0.17859557 2.25610926 0.89370001
-0.12349431 2.23784935 0.89530960
0.07993900 2.25084227 0.87447735
0.24752710 2.19825402 0.85860418
0.33955122 2.21386260 0.83885860
0.61522064 2.18713676 0.78719491
0.75374290 2.22204031 0.75227364
0.93867511 2.24579196 0.70782196
1.13717676 2.27958696 0.65649940
1.48190195 2.42009319 0.56017432
1.60747809 2.43902382 0.52488996
1.88184535 2.52170395 0.45293359
2.06418149 2.54073990 0.40845622
2.18734548 2.49120312 0.37298318
2.31201534 2.56055698 0.36776131
2.51720851 2.51729266 0.34542415
2.71793390 2.47425205 0.34660576
2.82313854 2.43767630 0.35082831
2.99501494 2.43578930 0.38808220
3.19973745 2.43956967 0.47035208
3.55047459 2.46489421 0.73308099
3.68272725 2.45333291 0.86084947
4.11768453 2.45564419 1.42102141
4.31712418 2.45744316 1.73335816
4.60542900 2.39773440 2.19674032
5.00000000 2.38717374 2.95452648
-5.00000000 2.47816049 3.11989252
-4.60672078 2.46984858 2.33540701
-4.41648545 2.53172746 1.97730031
-3.95492744 2.54951753 1.24710036
-3.52825443 2.53801659 0.74683412
-3.31764881 2.50411624 0.57292405
-3.22942389 2.47438073 0.51698755
-3.01786414 2.50114636 0.40733302
-2.79688451 2.45699950 0.35357903
-2.61951731 2.45210240 0.33658817
-2.50526413 2.52093940 0.32301232
-2.19597506 2.49764073 0.36752595
-2.10293069 2.48161447 0.39050916
-1.80737424 2.49546899 0.46456317
-1.77056277 2.44703326 0.48605790
-1.52697288 2.44659319 0.56207015
-1.38546452 2.46206781 0.60511369
-1.24998949 2.49198691 0.64394153
-1.14152624 2.44180389 0.68847201
-0.90474767 2.46630188 0.75415749
-0.85343118 2.46205766 0.76849646
-0.68484387 2.49561078 0.80160611
-0.50894999 2.49785569 0.83096236
-0.38425058 2.49262807 0.84515073
-0.22982023 2.38739991 0.86920122
-0.01701748 2.40391370 0.85862644
0.09130613 2.35194492 0.85581495
0.21820354 2.36699056 0.83599849
0.37131619 2.31319710 0.81718629
0.56502848 2.28352349 0.78351163
0.69171413 2.31270860 0.75431327
0.88730655 2.41110233 0.70608898
1.13911803 2.48034141 0.64909509
1.35757641 2.52251473 0.59728687
1.58242811 2.54863144 0.53974785
1.89223226 2.66509412 0.47402661
2.08872587 2.70610150 0.43966295
2.21561356 2.63925815 0.40026216
2.41856533 2.64910448 0.38478316
2.58629781 2.60486038 0.37459694
2.76594273 2.61569561 0.40246350
2.82870800 2.57431457 0.39895129
3.00537368 2.60324556 0.45680475
3.17610365 2.55239404 0.50353844
3.46573395 2.55102044 0.69488225
3.63765716 2.53458438 0.84842567
4.10995751 2.52930647 1.44780645
4.30645598 2.54666592 1.76830451
4.51734660 2.48445692 2.09362031
5.00000000 2.47816049 3.03129993
-5.00000000 2.66811409 3.10463670
-4.71656763 2.63179458 2.51942161
-4.37525503 2.63387675 1.88765188
-3.97733866 2.72885888 1.25672892
-3.51459963 2.74075422 0.72268435
-3.37483647 2.64186134 0.60591784
-3.18884806 2.67806780 0.47744011
-3.00775391 2.61845597 0.39163777
-2.73028222 2.70142409 0.31210976
-2.63887621 2.62411959 0.30838496
-2.44411683 2.66359460 0.30469845
-2.30552009 2.64344888 0.32288498
-2.03606768 2.65783839 0.37472700
-1.83959111 2.68241497 0.42474074
-1.70011970 2.64982311 0.47114678
-1.58999305 2.60688651 0.51239970
-1.42255799 2.68251930 0.55865739
-1.26906583 2.72608580 0.60637569
-1.03843347 2.69437965 0.68368790
-0.94629551 2.64666293 0.71590898
-0.78766993 2.66314545 0.75592747
-0.58861319 2.60948719 0.80307797
-0.44222837 2.69312939 0.81505635
-0.36202472 2.63402989 0.82853063
-0.19798942 2.59980996 0.83948035
0.00450936 2.64877960 0.83008959
0.09801322 2.61428191 0.82540206
0.21150955 2.50585349 0.82100454
0.34468226 2.56568051 0.79737001
0.60465072 2.45423630 0.75927153
0.69510316 2.48209755 0.74107342
1.00380799 2.52290093 0.67947397
1.08684295 2.59032250 0.66405939
1.37321441 2.65710093 0.60503328
1.72024798 2.72140374 0.52905716
1.85872875 2.76342412 0.50466406
2.02532682 2.80184451 0.47949589
2.17748706 2.87770033 0.48316275
2.41446550 2.77653506 0.42996021
2.60838299 2.72474355 0.42141361
2.72669811 2.76492478 0.45858934
2.87980358 2.79438502 0.51165867
2.99799366 2.70344632 0.50137149
3.34503707 2.69572121 0.67269044
3.45884687 2.70558946 0.76550718
3.82784915 2.73909638 1.17580935
4.19397278 2.72895526 1.70349320
4.37433558 2.74425611 2.02434677
4.55560314 2.68414572 2.31176841
5.00000000 2.66811409 3.21251518
-5.00000000 2.79969191 3.10280317
-4.72195283 2.82195383 2.50977361
-4.22075187 2.84389757 1.60596071
-3.88494271 2.86135145 1.12687165
-3.54513266 2.84517634 0.75169775
-3.30581730 2.87959556 0.55727594
-3.23900795 2.87367987 0.51237423
-2.92484029 2.78879574 0.35738776
-2.73093363 2.84374721 0.31074626
-2.61030900 2.81498454 0.29580544
-2.43214601 2.81502379 0.29621554
-2.22483703 2.75115228 0.32542502
-2.00098140 2.81750775 0.37054339
-1.88249925 2.74955998 0.40602659
-1.69306634 2.84490994 0.45852000
-1.51663995 2.81088370 0.51751721
-1.42446636 2.80007541 0.54912689
-1.27152678 2.79142233 0.60129851
-1.04355884 2.86443059 0.67291101
-0.92507098 2.88704313 0.70747956
-0.76854514 2.85587876 0.74804056
-0.57788615 2.83838904 0.78700292
-0.49640097 2.86588688 0.79892892
-0.32260406 2.84580739 0.81805424
-0.20421416 2.77864897 0.82621022
-0.01957432 2.73141513 0.82683646
0.11577036 2.67883559 0.82025206
0.20025392 2.72405390 0.81098585
0.38974469 2.70296100 0.78822917
0.57640411 2.62105600 0.75957975
0.69709051 2.65886398 0.74068077
0.89068113 2.68397063 0.70863262
1.14748822 2.69463682 0.65980065
1.46677305 2.81182746 0.60911066
1.64228825 2.87294400 0.58433104
1.84273459 2.96115718 0.56987478
2.06538182 2.95954033 0.53080523
2.21204737 2.97195447 0.52118284
2.49617177 2.94186730 0.51063440
2.63091376 2.89301980 0.50401177
2.79754056 2.92972449 0.56421557
2.90305921 2.89804735 0.57769272
3.11614577 2.89544972 0.65826050
3.26532578 2.92473515 0.75814071
3.63016843 2.81655160 0.99316756
3.81568085 2.87462624 1.25003570
3.99801669 2.88229495 1.50967006
4.39187490 2.85971719 2.15415611
4.65012300 2.85296761 2.65437977
5.00000000 2.79969191 3.35524321
-5.00000000 2.96621967 3.11144703
-4.71346796 3.01991516 2.48549371
-4.21954526 2.98465774 1.59587975
-3.77513153 3.01593641 0.99697857
-3.65842880 3.03892584 0.87300953
-3.31540087 3.03298870 0.57887520
-3.09011927 2.97662943 0.43858558
-2.89374377 2.94388369 0.35665001
-2.81562179 2.93533334 0.33414341
-2.61152192 2.96093062 0.30325588
-2.40738935 2.94769314 0.30203814
-2.21194362 2.93886641 0.32661198
-2.03702960 2.96303820 0.36359829
-1.84630866 2.94215228 0.41251263
-1.67142213 2.92834669 0.46544249
-1.50768481 3.03534165 0.52487879
-1.38850293 2.97641276 0.56138012
-1.25042390 2.96882537 0.60763137
-1.11654155 3.07933699 0.65912490
-0.92923492 3.01717634 0.70993699
-0.82148807 3.05463004 0.74064539
-0.67448897 3.08747906 0.77613356
-0.46790664 3.05849197 0.80819304
-0.35271788 2.97806648 0.81666989
-0.14981189 2.98538200 0.82905273
0.01673751 2.89319106 0.82481071
0.08338047 2.90440486 0.82269543
0.26928998 2.82174889 0.80551668
0.43372535 2.85531972 0.79024149
0.62626912 2.78645211 0.75971218
0.78128346 2.79691977 0.73772671
0.98101751 2.88189824 0.71828234
1.12650730 2.85883859 0.68863654
1.51241428 3.01620127 0.65603866
1.73232606 3.09267655 0.64399365
1.80095929 3.02685077 0.60361304
2.14792732 3.13414041 0.61038809
2.21834049 3.13087192 0.60606961
2.41912214 3.10660983 0.59905818
2.62916575 3.10187875 0.63116930
2.80439563 3.13899303 0.70917146
2.98583161 3.04041928 0.70264765
3.15292198 3.06967229 0.79978360
3.27546445 2.98545215 0.80705982
3.63892544 3.04474916 1.16699280
3.72188576 2.95434484 1.19191638
4.15834962 2.93558220 1.80760603
4.38394159 2.97771394 2.25171259
4.67697257 2.94683795 2.81041549
5.00000000 2.96621967 3.55615034
-5.00000000 3.11844479 3.13026830
-4.59459830 3.18352488 2.25184820
-4.28350952 3.12533396 1.69651534
-3.94325259 3.17793802 1.20945638
-3.67399591 3.15399386 0.90056232
-3.36181746 3.12206486 0.62477173
-3.12271056 3.20621531 0.49407051
-2.91969798 3.12812015 0.39257423
-2.73239817 3.19101846 0.35770788
-2.53352174 3.19235453 0.33675816
-2.37014344 3.07829410 0.31989330
-2.13589686 3.04853406 0.35000453
-1.94989513 3.13846422 0.40354752
-1.81822401 3.11628779 0.43555665
-1.64782345 3.12869900 0.48901019
-1.48349863 3.09252365 0.53855463
-1.36455185 3.20891818 0.59559928
-1.25326572 3.19595480 0.63053609
-1.08070744 3.19004296 0.68480760
-0.93407522 3.26401452 0.74069818
-0.78606134 3.26747373 0.77819886
-0.64754138 3.16728750 0.79044749
-0.43699305 3.23260602 0.83381277
-0.32527843 3.23679739 0.84697451
-0.18407162 3.08921418 0.83611847
0.03128287 3.09153526 0.84038608
0.15005149 3.02302470 0.82916381
0.30926508 3.01979525 0.81990995
0.49476016 2.99448322 0.80100809
0.64386556 2.93566444 0.77567448
0.74277206 2.90067465 0.75742196
0.99050586 2.99186669 0.73966935
1.22589801 2.99256835 0.70178223
1.44081484 3.14417462 0.71582572
1.68888034 3.18204806 0.69226013
1.96054881 3.26255312 0.70121433
2.16775930 3.25385688 0.68570934
2.33823371 3.25345663 0.69288168
2.41952916 3.29095594 0.73195704
2.64782846 3.22221583 0.72585023
2.84173787 3.31228812 0.86912716
2.97100645 3.23967099 0.85686480
3.10656017 3.19150807 0.87622206
3.40827079 3.18773211 1.06555817
3.58547552 3.17294708 1.21836726
3.79193884 3.20368715 1.49573291
4.16164360 3.16042412 2.03267236
4.35554709 3.11350868 2.34176227
4.51658614 3.18303109 2.75135750
5.00000000 3.11844479 3.75905940
-5.00000000 3.31008541 3.16856929
-4.70295520 3.25123731 2.47647474
-4.37915282 3.26715481 1.86239170
-3.88915552 3.32310991 1.16016116
-3.63465641 3.40071028 0.90558353
-3.42771243 3.29598111 0.70690160
-3.14568349 3.32904359 0.53599580
-2.96588083 3.35003227 0.46373184
-2.78931302 3.29037520 0.39481435
-2.58450501 3.30110693 0.36765536
-2.40882353 3.27660849 0.35952453
-2.15742925 3.23998916 0.37979222
-1.92995391 3.27803243 0.43576187
-1.75539942 3.26597571 0.48020151
-1.62826539 3.35236151 0.53994356
-1.52073072 3.31733617 0.56603951
-1.35903742 3.31397891 0.61949562
-1.30082881 3.42525835 0.67004250
-1.12415522 3.43660639 0.73069102
-0.91080637 3.34422152 0.76509890
-0.87307963 3.36510725 0.78011306
-0.64323091 3.36105572 0.82905197
-0.43271509 3.39804626 0.87227366
-0.38555987 3.42255954 0.88578180
-0.24023369 3.33813654 0.87629764
0.04216038 3.29359009 0.87839683
0.17005722 3.25961717 0.87041106
0.23759447 3.24727228 0.86637950
0.42168135 3.21287916 0.85128987
0.60328316 3.16915826 0.82816633
0.81050116 3.15380754 0.80457565
1.02222549 3.09181839 0.76109392
1.32356849 3.23081260 0.76793025
1.47525073 3.22221813 0.74326766
1.72828502 3.30218532 0.74985714
1.95339008 3.36099401 0.76671465
2.11363071 3.34968972 0.75466648
2.24119882 3.44212325 0.83775304
2.42175272 3.41502397 0.83961269
2.74896497 3.41980260 0.93725064
2.86828753 3.45392455 1.01994844
3.03223741 3.43305737 1.07155958
3.13379617 3.38660509 1.07361567
3.41149997 3.31166270 1.18349768
3.65634992 3.35167046 1.47272204
3.92395828 3.33599079 1.82890791
4.02512679 3.28250500 1.93251230
4.36276710 3.30837932 2.59474860
4.52282419 3.31403867 2.93915429
5.00000000 3.31008541 4.03914553
-5.00000000 3.47546820 3.22188093
-4.68038852 3.56246290 2.51703952
-4.32071288 3.45462388 1.79426030
-3.89415343 3.58692770 1.24772896
-3.71883947 3.50871690 1.02001994
-3.41674985 3.57924248 0.79127450
-3.12858005 3.51781597 0.59073663
-2.96405264 3.50958443 0.51975636
-2.81061169 3.63301010 0.54138716
-2.55851220 3.57353136 0.47679147
-2.39395373 3.51720329 0.45016850
-2.12500337 3.56065796 0.50989336
-2.00005092 3.56436275 0.53586363
-1.79901727 3.57226411 0.58688337
-1.63891567 3.48225954 0.58238397
-1.48455141 3.51460368 0.64533367
-1.40434310 3.63345052 0.73965823
-1.30650004 3.48495433 0.68999491
-1.09326502 3.64817746 0.84313532
-0.94943579 3.58913718 0.84649287
-0.87682258 3.67318170 0.91975420
-0.75651025 3.62217405 0.91388431
-0.51770534 3.61036303 0.95734073
-0.35199000 3.51448820 0.92825471
-0.29105173 3.59496317 0.98872730
0.03630689 3.48219763 0.95714878
0.09236767 3.38559756 0.91032662
0.33899647 3.33327061 0.89530332
0.43988844 3.29686109 0.87947914
0.74652374 3.32833094 0.88733685
0.81022737 3.29800210 0.86451107
1.01238966 3.30698949 0.84836667
1.28391352 3.29117353 0.80188177
1.46093797 3.40216712 0.85059784
1.71427138 3.39565915 0.81056695
1.88570486 3.48355066 0.86938018
2.15750699 3.52076184 0.90707794
2.32622742 3.57571526 0.99094735
2.56777853 3.63507098 1.12626043
2.67616880 3.62911176 1.15384616
2.86534575 3.64039768 1.24536608
3.05084960 3.56731690 1.23495190
3.22468172 3.54558314 1.30272139
3.40478132 3.54601877 1.43641962
3.63045734 3.51748931 1.63636549
3.82646223 3.60260548 2.04144208
4.13905532 3.53862174 2.49068946
4.42553845 3.49513380 3.00687203
4.54265616 3.51525794 3.30099334
5.00000000 3.47546820 4.31109920
-5.00000000 3.79692511 3.44639345
-4.66867024 3.74235781 2.62825064
-4.49764180 3.69871132 2.24845726
-3.95512656 3.75336725 1.44234796
-3.70061965 3.86957695 1.26063988
-3.45675111 3.82203131 0.99362749
-3.29194539 3.81944235 0.87568966
-2.95111130 3.89728439 0.78882060
-2.77884312 3.87563033 0.72744018
-2.48924623 3.72898068 0.58447365
-2.38685829 3.90932140 0.76665720
-2.09232731 3.81555653 0.72502876
-1.88005447 3.87491999 0.83692161
-1.72692360 3.73667278 0.73275352
-1.66144806 3.73838628 0.75131868
-1.50041495 3.82472147 0.87999444
-1.39828079 3.91655031 1.01208737
-1.25685462 3.88284180 1.01243730
-1.16448575 3.79641842 0.94646957
-0.99527140 3.78131856 0.98011515
-0.92281362 3.84075219 1.06237046
-0.67178873 3.85099179 1.14805803
-0.48286397 3.76434593 1.10218036
-0.41540902 3.79699314 1.15744693
-0.20915798 3.83309974 1.26115187
-0.03360769 3.77298835 1.22941469
0.17422542 3.76322028 1.26718715
0.24667455 3.70135798 1.20287985
0.55420954 3.60692936 1.13797284
0.72544803 3.52376596 1.05536064
0.87046253 3.48839962 1.01480817
1.11456569 3.55808668 1.07191059
1.27571260 3.68595690 1.22645764
1.52109257 3.55342223 0.99894535
1.76802577 3.77543073 1.29559301
1.85458694 3.67823394 1.12306600
2.14454105 3.76572495 1.25774183
2.33383675 3.76429836 1.27444857
2.50075694 3.79555443 1.36345434
2.66620415 3.92466056 1.65687486
2.87595323 3.87920881 1.64875534
3.06410074 3.84348491 1.67327311
3.18050831 3.91375331 1.87880853
3.33226049 3.86354462 1.89488642
3.61624650 3.83070471 2.15303963
3.88046986 3.81421369 2.54321542
4.19029662 3.84582277 3.22809252
4.31742434 3.74497930 3.26819328
4.59650111 3.79586189 4.02136098
5.00000000 3.79692511 5.00161263
-5.00000000 4.06842347 3.75719475
-4.68900745 4.03789075 3.01236095
-4.33321583 4.02350552 2.31548069
-3.95697636 4.11556530 1.86612422
-3.65798690 4.10025131 1.49048649
-3.43118023 4.22566870 1.45314769
-3.18423559 4.23812945 1.30063474
-3.00936153 4.24144094 1.22344225
-2.71293345 4.10607425 0.97872093
-2.49753262 4.11294132 0.99513667
-2.33861691 4.06555245 0.96129142
-2.23352947 3.99426899 0.89516421
-1.97710000 4.16747719 1.19207150
-1.73474089 4.01906161 1.05081551
-1.62817345 4.10242703 1.19521605
-1.52663190 4.00513151 1.08887166
-1.41708398 4.12349318 1.28705679
-1.34053315 4.03710460 1.18500213
-1.18819447 4.25193415 1.56338890
-1.00621459 4.18859595 1.52229585
-0.90308830 4.14028131 1.48132625
-0.70788417 4.12329481 1.52679764
-0.57673948 4.06946947 1.48876328
-0.39589598 4.16361048 1.71464942
-0.21763643 4.06584110 1.61232540
0.02551980 3.90494749 1.43183063
0.11629798 4.10808453 1.79494694
0.27631571 3.93211692 1.54256785
0.53085966 3.83693947 1.44877411
0.78104685 3.83375037 1.47636567
0.87564295 3.91126915 1.60905378
1.12681575 3.86302480 1.52670558
1.27892488 3.97194235 1.71104056
1.50938205 3.89922880 1.55461084
1.75628109 4.01136005 1.74728299
1.89641745 4.10535753 1.93770746
2.12368362 4.14949411 2.04095288
2.33851921 4.07002816 1.88747042
2.48228545 4.22557322 2.27288210
2.67567551 4.19510377 2.25708054
2.88669629 4.20082558 2.35696161
3.03536318 4.06065840 2.10602107
3.18203863 4.12394823 2.34658517
3.33793003 4.12358978 2.48268545
3.61855023 4.02018827 2.58549531
3.79805616 4.10340328 3.09676684
4.15271378 4.05466193 3.67975149
4.34887861 4.20860998 4.55497360
4.48653522 4.02596054 4.36048185
5.00000000 4.06842347 5.74311287
-5.00000000 4.52918460 4.45345763
-4.64956904 4.35945053 3.40856966
-4.22215943 4.60189826 3.03176875
-3.94952538 4.59207849 2.60554898
-3.65801894 4.37288035 1.88807973
-3.48514554 4.39228144 1.74939090
-3.22507905 4.55843277 1.82253891
-2.99791453 4.47119431 1.56650415
-2.79575077 4.66095968 1.83582777
-2.53956423 4.45536692 1.49318748
-2.33314331 4.46633874 1.55582736
-2.18481996 4.61970791 1.86257782
-1.94662725 4.67139292 2.03653719
-1.83046923 4.67278857 2.08203802
-1.65003890 4.46402625 1.77039586
-1.54961913 4.42972938 1.74526589
-1.42663059 4.56849794 2.04372398
-1.35278329 4.42560266 1.80814835
-1.19112500 4.39940012 1.82052837
-1.00268725 4.67763746 2.43873474
-0.88433715 4.54451028 2.22371319
-0.69345715 4.58470526 2.38997684
-0.53014893 4.65065228 2.59855424
-0.41359168 4.37423075 2.09514836
-0.25627937 4.56799833 2.54504006
-0.05012764 4.38287089 2.25304090
0.16515544 4.59974327 2.76560936
0.34449061 4.50375175 2.62259304
0.58213632 4.38530291 2.44400359
0.78973128 4.38017686 2.47423909
0.95827901 4.30609785 2.34857496
1.07713915 4.50301492 2.76740897
1.34286184 4.51336741 2.81701697
1.51699996 4.29342638 2.34891615
1.80341189 4.40652028 2.60979503
1.92152043 4.62497558 3.13877235
2.13192330 4.31923257 2.43369154
2.27541397 4.34550368 2.51749556
2.45662059 4.64550509 3.32054335
2.72676499 4.53314446 3.13327419
2.86449666 4.69685234 3.66291907
3.05317913 4.41132679 2.99142776
3.11458587 4.43289929 3.09551179
3.28396158 4.58707121 3.70007806
3.60634222 4.58234742 4.13726542
3.75851718 4.52167714 4.22054850
4.12780904 4.57776299 5.16283072
4.43902717 4.55637315 5.83851720
4.54638464 4.47455817 5.84718223
5.00000000 4.52918460 7.21908084
-5.00000000 5.00000000 5.30000000
-4.58712582 5.00000000 4.40752756
-4.37260941 5.00000000 4.00396294
-3.84573875 5.00000000 3.19889360
-3.55389458 5.00000000 2.87374580
-3.36030825 5.00000000 2.70833541
-3.15506850 5.00000000 2.57824420
-2.93405387 5.00000000 2.49125825
-2.75700213 5.00000000 2.46108557
-2.56518130 5.00000000 2.46679578
-2.40284064 5.00000000 2.50057157
-2.25159071 5.00000000 2.54815459
-1.98970890 5.00000000 2.64767587
-1.83064193 5.00000000 2.71614287
-1.71636491 5.00000000 2.76827046
-1.53891214 5.00000000 2.85297288
-1.42870148 5.00000000 2.90727248
-1.30019823 5.00000000 2.97161521
-1.09220088 5.00000000 3.07662448
-0.92608267 5.00000000 3.15977116
-0.81960948 5.00000000 3.21212195
-0.60198417 5.00000000 3.31580444
-0.37890187 5.00000000 3.41606279
-0.29302969 5.00000000 3.45270611
-0.13478354 5.00000000 3.51704007
0.09842860 5.00000000 3.60362757
0.26490426 5.00000000 3.65900522
0.37929715 5.00000000 3.69383881
0.60690149 5.00000000 3.75623007
0.77942331 5.00000000 3.79862640
0.93320265 5.00000000 3.83377686
1.09851903 5.00000000 3.86990125
1.32592859 5.00000000 3.91890976
1.54305147 5.00000000 3.96740161
1.76407676 5.00000000 4.02136564
1.88886385 5.00000000 4.05521358
2.11970068 5.00000000 4.12803676
2.22934235 5.00000000 4.16956132
2.45602253 5.00000000 4.27622736
2.63794646 5.00000000 4.38701431
2.80798373 5.00000000 4.51333540
2.96049803 5.00000000 4.64547501
3.10050756 5.00000000 4.78362570
3.36061913 5.00000000 5.09838720
3.60858422 5.00000000 5.47963064
3.80372195 5.00000000 5.83595129
4.14635816 5.00000000 6.57231840
4.44434728 5.00000000 7.31366194
4.55738077 5.00000000 7.61641115
5.00000000 5.00000000 8.90000000
