-5.00000000 -5.00000000 2.50000000
-4.25254388 -5.00000000 2.28389506
-3.18911999 -5.00000000 2.67465523
-2.96717263 -5.00000000 2.86519473
-2.28669525 -5.00000000 3.63412182
-1.87179544 -5.00000000 4.13002558
-1.62325858 -5.00000000 4.41042274
-1.11813325 -5.00000000 4.92848516
-0.81888913 -5.00000000 5.19487288
-0.11005663 -5.00000000 5.65788299
0.36705333 -5.00000000 5.80638659
0.48885283 -5.00000000 5.82200429
1.30693996 -5.00000000 5.70689263
1.68078847 -5.00000000 5.56437763
2.20335320 -5.00000000 5.32132935
2.59291442 -5.00000000 5.14189738
3.02310119 -5.00000000 4.99360398
3.29761335 -5.00000000 4.95020840
3.99079344 -5.00000000 5.13989601
5.00000000 -5.00000000 6.10000000
-5.00000000 -3.92843049 1.45645534
-4.25461602 -4.12159813 1.13972253
-3.27313148 -3.42192148 0.66703533
-2.89777508 -3.47205290 0.88236764
-2.24119195 -3.46186319 1.35073160
-1.80877300 -4.23924511 2.65308468
-1.35596725 -4.22785024 3.06231738
-1.11043870 -3.25812870 1.94684532
-0.59071654 -3.92607233 3.10018492
-0.26632149 -4.10122454 3.52797147
0.34815880 -4.17416110 3.73959601
0.93109254 -3.65809654 2.72183064
1.47187642 -3.98733570 3.13335741
1.81156314 -3.59016944 2.19445677
2.02262090 -3.37815529 1.72956978
2.48099308 -3.58087119 1.79166625
2.97601197 -4.30848442 3.07546133
3.44237717 -3.48669073 1.30514686
4.20876385 -4.02769711 2.67522243
5.00000000 -3.92843049 3.23724014
-5.00000000 -2.59737120 1.63829597
-4.26092195 -2.38659211 0.97373666
-3.21712189 -2.52575984 0.49455941
-2.97772338 -2.23488494 0.59357881
-2.05275780 -2.61420660 1.03211011
-1.73274816 -2.61396516 1.20289777
-1.43494673 -2.53600251 1.34895069
-1.03950815 -2.75695647 1.64563550
-0.77286347 -2.62965908 1.72860353
-0.33972057 -2.48967834 1.79197985
0.25964673 -2.70075461 1.84797356
0.78024270 -2.49006548 1.62354977
1.16483124 -2.57928001 1.52203508
1.87535043 -2.51576735 1.08587659
2.28764819 -2.61777738 0.87570745
2.64373342 -2.74079103 0.75475662
2.94345315 -2.68275001 0.58486414
3.47754109 -2.51483963 0.41200374
4.14480703 -2.81398181 0.89475628
5.00000000 -2.59737120 1.65351421
-5.00000000 -2.08883621 2.01527303
-4.35785355 -2.04475785 1.27150713
-3.25612353 -2.07473797 0.59165680
-2.92396610 -2.01107639 0.67548416
-2.15969039 -2.07545057 1.01993906
-1.72242436 -2.11927759 1.22538340
-1.54713719 -2.25246845 1.29299095
-1.12261260 -2.30455220 1.49575058
-0.64638284 -2.18122211 1.68771294
-0.31147169 -2.26493285 1.74800020
0.19219093 -2.04491183 1.68623902
0.66395799 -2.08286385 1.57229961
1.26096618 -2.10272701 1.33543962
1.80065712 -2.18250067 1.03106597
2.26551071 -2.31921997 0.76679991
2.40332248 -2.11469522 0.63466715
2.86645298 -2.26191256 0.43735317
3.16500444 -2.22075214 0.33415079
3.62756895 -1.95351113 0.35402735
5.00000000 -2.08883621 1.54978070
-5.00000000 -1.81888486 2.23054834
-3.76641678 -1.79707491 0.88261801
-3.28274496 -1.57681744 0.77994086
-2.91000937 -1.51318926 0.83154496
-2.38651999 -1.60254209 1.00940178
-1.81262620 -1.65116653 1.25083546
-1.47861459 -1.91117302 1.36372290
-0.90334534 -1.77246786 1.60347140
-0.51135558 -1.68137629 1.70698979
-0.29385802 -1.78321364 1.72803259
0.19412366 -1.62291128 1.67851982
0.59566770 -1.46241392 1.57120839
1.15719328 -1.81300247 1.35447156
1.86150491 -1.87564750 0.94044959
2.15341946 -1.58419501 0.72615893
2.37492118 -1.90481828 0.61755685
2.81219187 -1.90078976 0.39341169
3.21422006 -1.53553730 0.26417499
4.04387312 -1.41940169 0.62740921
5.00000000 -1.81888486 1.55671240
-5.00000000 -0.97966997 2.84784704
-3.94437862 -1.10089482 1.41792774
-3.16440927 -0.95795755 1.01538370
-2.63950614 -1.02082849 1.02652540
-2.18648746 -1.14088830 1.16698335
-1.69208572 -0.99086961 1.36757297
-1.29629706 -1.12454903 1.49864994
-0.93186180 -1.21893172 1.61069423
-0.58760369 -0.84960913 1.68630762
-0.15601478 -1.17432896 1.72341213
0.26318359 -1.04017805 1.66483695
0.76535419 -1.17214753 1.50571657
1.11033804 -1.01186880 1.33490367
1.75074101 -1.09627498 0.96083586
2.16957271 -1.32958138 0.70794458
2.43405953 -1.07029543 0.55336978
2.94646715 -1.07647526 0.31073717
3.12174805 -0.91913922 0.27340018
3.78327750 -0.99742317 0.47601494
5.00000000 -0.97966997 1.72167265
-5.00000000 -0.64936352 3.04533390
-3.88571123 -0.49364577 1.66095632
-3.48389981 -0.68288446 1.28247518
-2.95336585 -0.53075972 1.13772880
-2.39102959 -0.54889232 1.15751144
-1.75541803 -0.52599474 1.36583878
-1.41081570 -0.51960605 1.47495187
-1.11899829 -0.18962574 1.53511521
-0.54216984 -0.31365634 1.65396744
0.13415463 -0.60399135 1.67381309
0.32271850 -0.38370230 1.61859796
0.49371439 -0.31365408 1.56235984
1.32115959 -0.42610632 1.16444933
1.85045658 -0.80367630 0.88633701
2.36706746 -0.53485654 0.59289130
2.68720918 -0.64420388 0.43688376
2.97734887 -0.40268126 0.32840080
3.12370628 -0.63604904 0.28089753
3.90936526 -0.45039442 0.58773124
5.00000000 -0.64936352 1.81128371
-5.00000000 0.03327737 3.33754985
-4.11154494 -0.17444754 1.97251117
-3.29646053 -0.23756463 1.34684918
-2.85696844 -0.01390340 1.20184617
-2.04606849 -0.07725676 1.25557252
-1.74784062 0.37225681 1.27171993
-1.43297509 -0.02239139 1.43449932
-0.96510265 0.43722349 1.45200209
-0.79124276 0.28798532 1.51973326
-0.17392881 0.15536255 1.59436108
0.22441751 0.29917481 1.51496327
0.70399809 -0.00749020 1.43784298
1.04149683 -0.09786726 1.28082909
1.83655804 -0.14201816 0.84570988
2.37383459 0.05401049 0.55440197
2.55265786 -0.19300441 0.49422078
3.13016096 0.00556709 0.29034373
3.51148236 0.23388375 0.32727657
3.70412786 0.31293524 0.44262462
5.00000000 0.03327737 2.00309055
-5.00000000 0.90268597 3.42629723
-4.49659143 0.80815037 2.47339977
-3.25461902 0.62890744 1.29721598
-2.64707005 0.66384724 1.03916946
-2.00583499 0.56318249 1.14455602
-1.70221187 0.68496324 1.19494077
-1.60177428 1.02476905 1.09307061
-0.96463166 0.82650768 1.32201808
-0.67644947 0.55178078 1.46367301
-0.22908507 0.61897636 1.45541730
0.23687166 0.47983269 1.44280071
0.56140182 0.50665979 1.34245363
1.39649692 0.53472450 0.97542540
1.57025060 0.89078327 0.79098238
2.03153683 0.37981841 0.66786931
2.31577394 0.83202081 0.44083786
2.71141398 0.75348671 0.32651367
3.11572562 0.69894048 0.27947729
3.74139663 0.99763183 0.59392450
5.00000000 0.90268597 2.24189448
-5.00000000 1.44304893 3.34105496
-4.17011266 1.53685548 1.83495522
-3.61643968 1.36086401 1.25063052
-3.09079208 1.43868165 0.82995992
-2.09690761 1.37397700 0.82505300
-1.91785933 1.48322790 0.81558640
-1.61827109 1.51792220 0.87154116
-1.12574645 1.34349173 1.07066606
-0.85294388 1.33630967 1.13145423
-0.34193889 1.13063494 1.25635998
0.23576673 1.26999447 1.12631622
0.71105539 1.06622973 1.07311482
1.07584498 1.22135414 0.90295033
1.50076678 1.26462442 0.72564926
1.87952600 1.18208002 0.56839319
2.41988564 1.09717237 0.35575359
2.82693122 1.43982753 0.24098205
3.27314051 1.31863176 0.32524016
3.92409617 1.45039577 0.85838578
5.00000000 1.44304893 2.42690417
-5.00000000 1.79629325 3.25767220
-4.14804399 1.86182913 1.69836182
-3.23061947 1.83112021 0.70252767
-2.95060713 1.82237398 0.59414946
-2.29931146 1.91671779 0.55095702
-1.79564976 1.75517462 0.72325473
-1.71283982 1.75918366 0.74200387
-1.03585340 1.87275318 0.88170905
-0.70598984 1.67755261 1.02438934
-0.45581616 1.70637865 1.04204760
0.15361810 1.69607663 1.00129491
0.44867923 1.75006035 0.92387421
1.24789088 1.63449432 0.73091906
1.72567874 1.86509057 0.51368471
2.07822210 1.65834249 0.39989125
2.34103906 1.98941723 0.29743183
2.74558509 1.62824416 0.24103173
3.16835242 1.88922345 0.32337972
3.67776892 1.90507331 0.69354973
5.00000000 1.79629325 2.58269557
-5.00000000 2.27540702 3.15038409
-3.79508579 2.40637677 1.05959150
-3.40204433 2.29791332 0.66982999
-3.02159141 2.50230386 0.40863272
-2.25416906 2.31263141 0.40659106
-1.86708312 2.41289958 0.46656985
-1.59384350 2.36394160 0.56024427
-1.30188625 2.49990423 0.62542995
-0.78301428 2.20636519 0.84223156
-0.35118381 2.33213152 0.87585617
0.10301469 2.00547100 0.92438499
0.43115000 2.18900492 0.82520042
1.02856054 2.38202386 0.67646312
1.65846126 2.25844838 0.50676002
1.92713268 2.39516582 0.42676202
2.37544097 2.37228937 0.32254682
2.97043597 2.41260655 0.37350834
3.40152098 2.45766077 0.60477258
4.08805261 2.21969288 1.27594528
5.00000000 2.27540702 2.86852731
-5.00000000 2.92721406 3.10830479
-4.36596759 3.01396957 1.83391188
-3.49620792 2.90029395 0.70922802
-2.85824115 2.80413616 0.33770119
-2.37415599 2.80613940 0.30145402
-1.83137196 2.95162474 0.41718778
-1.53679417 2.71569888 0.51705786
-1.27883291 3.04258331 0.60272115
-0.91996493 3.05806126 0.71542265
-0.28812511 2.86346947 0.82018735
0.05393784 2.60160496 0.83011964
0.37460884 2.81830400 0.79420938
0.88279681 2.74644235 0.71558994
1.82493274 3.03540771 0.60267538
2.13599720 3.13829270 0.61343852
2.59063015 3.22392199 0.71237505
2.94672703 2.87586099 0.57888808
3.34733217 3.15993584 0.99409435
3.99132730 2.82552289 1.45750487
5.00000000 2.92721406 3.50708467
-5.00000000 3.37203323 3.18497170
-4.06561174 3.55360647 1.44904573
-3.32931897 3.65743215 0.77596231
-2.88526862 3.48243671 0.48356126
-2.25613022 3.80035443 0.67736471
-1.85476022 3.62008623 0.60560130
-1.56073959 3.22168222 0.53228879
-1.20251605 3.56496238 0.76041733
-0.90106166 3.41270466 0.78649681
-0.16049323 3.24473248 0.86067901
0.25378744 3.38521472 0.91789883
0.64202650 3.51818441 1.04676238
1.37075072 3.50635541 0.96936492
1.82573054 3.67738662 1.12515504
2.15866955 3.73704464 1.20910469
2.81074408 3.89257532 1.64678732
3.16005006 3.76208454 1.58223249
3.42970499 3.68852559 1.66773497
4.26770660 3.47731356 2.64563792
5.00000000 3.37203323 4.13603229
-5.00000000 5.00000000 5.30000000
-4.25254388 5.00000000 3.79678474
-3.18911999 5.00000000 2.59655775
-2.96717263 5.00000000 2.50077481
-2.28669525 5.00000000 2.53629089
-1.87179544 5.00000000 2.69793651
-1.62325858 5.00000000 2.81222004
-1.11813325 5.00000000 3.06354387
-0.81888913 5.00000000 3.21247296
-0.11005663 5.00000000 3.52669828
0.36705333 5.00000000 3.69023253
0.48885283 5.00000000 3.72491471
1.30693996 5.00000000 3.91478686
1.68078847 5.00000000 4.00027859
2.20335320 5.00000000 4.15920745
2.59291442 5.00000000 4.35729593
3.02310119 5.00000000 4.70495901
3.29761335 5.00000000 5.01441216
3.99079344 5.00000000 6.22143361
5.00000000 5.00000000 8.90000000
