-2.00000000 -2.00000000 4.00000000
-1.77308036 -2.00000000 3.63115278
-1.46558307 -2.00000000 3.16840915
-1.10718110 -2.00000000 2.70807730
-0.94968009 -2.00000000 2.54325272
-0.86901984 -2.00000000 2.46924578
-0.64286613 -2.00000000 2.29618457
-0.56435317 -2.00000000 2.24650749
-0.41447882 -2.00000000 2.16871786
-0.23375655 -2.00000000 2.10812122
-0.11828130 -2.00000000 2.08890332
-0.03848994 -2.00000000 2.08393941
0.07760384 -2.00000000 2.08750350
0.24093785 -2.00000000 2.11452357
0.34813047 -2.00000000 2.14758954
0.54781776 -2.00000000 2.24060929
0.82559004 -2.00000000 2.42818163
0.90669362 -2.00000000 2.49342999
1.32810049 -2.00000000 2.94627760
2.00000000 -2.00000000 4.00000000
-2.00000000 -1.18454133 2.75247676
-1.80068730 -1.31283107 2.58749247
-1.45839018 -1.10735882 1.83086756
-1.23987317 -1.08925483 1.52253132
-1.05029821 -1.04737341 1.26369127
-0.96498781 -1.23414668 1.40880394
-0.72569728 -1.20886600 1.19011340
-0.62834894 -0.95514113 0.81614865
-0.44279792 -1.07515187 0.85176925
-0.34223160 -1.10987210 0.85471458
-0.18260997 -1.12020114 0.81662011
-0.04264309 -0.99764430 0.64557739
0.07957012 -1.15434802 0.81904930
0.20085028 -1.07581524 0.74390756
0.25624355 -1.02670960 0.71826216
0.41295846 -1.11039117 0.87960205
0.71323316 -1.40091521 1.45340906
0.97883588 -1.17496967 1.42139310
1.53074894 -1.37929164 2.28582744
2.00000000 -1.18454133 2.75247676
-2.00000000 -0.96762934 2.54736484
-1.80162131 -0.86380053 2.14633428
-1.41968313 -0.92649064 1.62859361
-1.20300313 -0.83141477 1.27163630
-0.93684838 -0.86937004 1.00233580
-0.82281596 -0.84833044 0.88033721
-0.67510408 -0.80396883 0.72860331
-0.57267301 -0.86009351 0.70069068
-0.45040322 -0.80535665 0.58992604
-0.28488005 -0.73167855 0.47353727
-0.14040969 -0.78396990 0.48396387
-0.03924852 -0.72923900 0.44505283
0.01918263 -0.76312909 0.47091668
0.22841835 -0.76015412 0.51755620
0.35273474 -0.80892258 0.60422236
0.51802073 -0.87907433 0.75421835
0.71702064 -0.88970286 0.91246973
1.05228207 -0.88697634 1.21505286
1.47303053 -1.01951173 1.82720403
2.00000000 -0.96762934 2.54736484
-2.00000000 -0.70316529 2.34516058
-1.81141167 -0.63783214 2.00297807
-1.38928547 -0.75595906 1.46038117
-1.13394679 -0.70824732 1.10110451
-0.89382897 -0.61608516 0.78577887
-0.77414420 -0.58423285 0.66267199
-0.69218695 -0.65767510 0.64336284
-0.56152270 -0.68142622 0.56747737
-0.37507071 -0.56759873 0.40390092
-0.27264324 -0.61214098 0.39517480
-0.15290271 -0.45192107 0.29439119
-0.05192527 -0.48984003 0.31043591
0.05018385 -0.50298821 0.32698917
0.21721393 -0.54371576 0.38732860
0.36961221 -0.65219103 0.51080897
0.46054671 -0.49809787 0.46905956
0.74977566 -0.68022870 0.77541045
0.92086616 -0.71248834 0.94410190
1.20520660 -0.56089617 1.11066188
2.00000000 -0.70316529 2.34516058
-2.00000000 -0.42441237 2.18950230
-1.61372773 -0.49939929 1.62249222
-1.36010929 -0.44693904 1.23473334
-1.08591231 -0.43004066 0.88255334
-0.91229883 -0.42736270 0.69999493
-0.79640641 -0.40653566 0.58944804
-0.65012353 -0.44862405 0.50167859
-0.48217882 -0.38874436 0.37412623
-0.33899367 -0.33774015 0.29145011
-0.27600412 -0.35013552 0.27571438
-0.16328224 -0.29484260 0.23585968
-0.06117297 -0.25081112 0.21686135
0.03340016 -0.33795512 0.25258106
0.24970767 -0.34643865 0.30491584
0.35277921 -0.26545008 0.31169252
0.45655778 -0.37300712 0.40487097
0.76393044 -0.40777041 0.61741070
1.00492056 -0.32267461 0.77155686
1.46256648 -0.30481079 1.29282054
2.00000000 -0.42441237 2.18950230
-2.00000000 -0.36106235 2.16377510
-1.66676982 -0.33289435 1.62875616
-1.30186707 -0.31142807 1.09872950
-0.96670686 -0.32726661 0.70930334
-0.87540883 -0.34007055 0.62791383
-0.73886999 -0.29809287 0.50316813
-0.58391083 -0.30170541 0.40240075
-0.49883002 -0.30223853 0.35340900
-0.39477603 -0.21231628 0.27872420
-0.26327371 -0.24138630 0.23976990
-0.15986426 -0.19964211 0.20933656
-0.02798797 -0.21666777 0.20766127
0.03925025 -0.17713247 0.20130950
0.22093220 -0.17529223 0.23506488
0.35645607 -0.23323701 0.30158953
0.47632511 -0.19354501 0.34470017
0.84877437 -0.22967920 0.60345036
0.93178807 -0.19797299 0.65938405
1.30425357 -0.20968771 1.03796634
2.00000000 -0.36106235 2.16377510
-2.00000000 -0.16087729 2.10821106
-1.62168982 -0.10503679 1.50509947
-1.49830424 -0.20619241 1.34029376
-1.15157422 -0.13641895 0.85663934
-0.92614447 -0.17540894 0.61995799
-0.76751916 -0.17633399 0.48788463
-0.62848607 -0.16022147 0.39183375
-0.57385957 -0.00640062 0.33674928
-0.39737581 -0.01582220 0.25094461
-0.20323665 -0.08353115 0.19569447
-0.14187287 0.01066318 0.17630684
-0.06719382 0.03819560 0.16659088
0.11416903 0.03533936 0.17088691
0.25536788 -0.07939292 0.22021554
0.40398814 0.02088246 0.25817008
0.59629746 -0.06457676 0.37859531
0.76615325 0.01413954 0.48324337
0.89454579 -0.10653443 0.60349616
1.34014078 -0.02737698 1.04322659
2.00000000 -0.16087729 2.10821106
-2.00000000 0.08497960 2.09301547
-1.67462214 0.01398638 1.57837505
-1.37478658 0.00675727 1.13437610
-1.13085209 0.08590120 0.80822780
-0.88632635 0.02537145 0.54959540
-0.81490421 0.15207314 0.48799843
-0.66025896 0.04258395 0.38416536
-0.54198761 0.18608292 0.32040532
-0.47960748 0.15504799 0.28733492
-0.28226367 0.15692269 0.21209273
-0.15490045 0.21399531 0.18868302
0.00009755 0.12902483 0.16290816
0.06668832 0.11742557 0.16329436
0.27318395 0.14128580 0.19810430
0.42884757 0.18885004 0.25924704
0.48536680 0.12258752 0.28926302
0.83859894 0.14240626 0.53508094
1.06846997 0.18471061 0.74046507
1.19652065 0.19957965 0.87224818
2.00000000 0.08497960 2.09301547
-2.00000000 0.27298655 2.11980549
-1.77731656 0.23028224 1.75841704
-1.33103894 0.22455661 1.08728137
-1.04554931 0.24227172 0.71933766
-0.90566752 0.20626194 0.56868608
-0.80675265 0.22230577 0.48839338
-0.73886625 0.28099955 0.45231399
-0.52860616 0.26410345 0.32716207
-0.42140817 0.22992796 0.27163630
-0.25866021 0.26785385 0.22475569
-0.13593004 0.25751537 0.19445101
-0.02811924 0.26633767 0.18326444
0.16468173 0.27270096 0.18863583
0.25294534 0.31807098 0.21752798
0.36924659 0.25635822 0.23878650
0.54862823 0.31736699 0.34190917
0.77439023 0.30931774 0.50021530
0.95550994 0.29173546 0.65241868
1.30553874 0.32311813 1.02925168
2.00000000 0.27298655 2.11980549
-2.00000000 0.35011025 2.14238529
-1.70516509 0.41378131 1.70269320
-1.51534752 0.36581104 1.39469385
-1.18185875 0.40978261 0.93819154
-0.91408685 0.36144271 0.61511322
-0.86184849 0.39006447 0.58143150
-0.72602160 0.39902158 0.48792640
-0.56987114 0.36362575 0.38186326
-0.45289332 0.37675419 0.33353707
-0.26073668 0.35247064 0.25577039
-0.07002934 0.40031150 0.24199336
0.03431293 0.35579596 0.21223412
0.11641531 0.38028199 0.22510930
0.25067281 0.37416479 0.23980175
0.37709548 0.35398244 0.26881303
0.63781542 0.35106361 0.40943465
0.91037841 0.43465483 0.65973176
1.10606009 0.38733792 0.82445224
1.43662956 0.40488009 1.23903815
2.00000000 0.35011025 2.14238529
-2.00000000 0.60081723 2.26358304
-1.72645256 0.61427433 1.83886699
-1.31269105 0.61813139 1.22536086
-1.12630246 0.60512243 0.97453562
-0.96445275 0.61972673 0.81098329
-0.81152435 0.51546086 0.61245660
-0.76030099 0.51603618 0.57787705
-0.54740265 0.59869344 0.51643875
-0.38680536 0.52008788 0.39263091
-0.28693557 0.54437431 0.37710084
-0.07006436 0.56163470 0.34540867
0.03052670 0.59293536 0.36078042
0.19462817 0.49065080 0.29735270
0.36302926 0.54162539 0.37143071
0.47470246 0.47105239 0.37046198
0.60336667 0.62457351 0.54558481
0.87168512 0.50695666 0.66407502
1.07063681 0.62511554 0.92224102
1.30748903 0.62158529 1.18055759
2.00000000 0.60081723 2.26358304
-2.00000000 0.87422205 2.46471815
-1.65303642 0.86256743 1.90041428
-1.47226935 0.82281218 1.59738030
-1.24388158 0.87468680 1.32729456
-0.98776133 0.78243427 0.96424803
-0.87611336 0.80072766 0.88541776
-0.74142272 0.76760484 0.76126010
-0.65648315 0.80169306 0.73820100
-0.44040576 0.70606790 0.55165190
-0.26703023 0.74083906 0.51877530
-0.08791640 0.66987854 0.42742310
0.03066747 0.73247636 0.46598114
0.15832317 0.77579361 0.50503661
0.33949224 0.69612728 0.47971428
0.40801136 0.72944557 0.52992822
0.58613953 0.75319394 0.63636642
0.91927774 0.83551332 0.94906170
1.09354819 0.87258449 1.13833555
1.48112407 0.79874627 1.56439127
2.00000000 0.87422205 2.46471815
-2.00000000 0.98946527 2.56874685
-1.82266232 1.05676907 2.34478762
-1.56730073 1.00053881 1.89047022
-1.20103007 0.94581824 1.34119925
-1.05536313 0.93995866 1.17661843
-0.90827353 0.97121424 1.07676997
-0.73710188 0.85953483 0.84031672
-0.66464242 0.95384846 0.88709871
-0.52085047 0.93561646 0.78948528
-0.26117799 0.87108675 0.62652131
-0.12995233 0.81158372 0.54468429
-0.00602046 0.91200279 0.61988199
0.11010840 0.89588190 0.60412626
0.34781298 0.94226834 0.69180252
0.41952784 0.97783896 0.75266400
0.58852234 1.04480217 0.90456358
0.83153327 0.96233743 0.98962227
0.96215624 1.10322010 1.23956565
1.31576930 1.00648293 1.52079503
2.00000000 0.98946527 2.56874685
-2.00000000 1.31422325 2.94844949
-1.74387335 1.37984047 2.61692629
-1.47942182 1.39680926 2.24743791
-1.25265935 1.26796392 1.77837941
-1.05607720 1.49034439 1.87284917
-0.95125408 1.38192442 1.62174048
-0.77281849 1.08278144 1.09918662
-0.62743409 1.25249922 1.21233829
-0.50238320 1.12402217 0.98654701
-0.22434294 1.05640867 0.80495911
-0.08807364 1.23379511 0.98856894
0.00475452 1.38850396 1.18154268
0.15640715 1.37043100 1.15882150
0.28585727 1.44476241 1.28032751
0.36887347 1.44856224 1.30815271
0.63381382 1.53130472 1.54863764
0.82486002 1.46954534 1.58920132
0.95014680 1.45114293 1.66265991
1.45533958 1.36478379 2.15455616
2.00000000 1.31422325 2.94844949
-2.00000000 2.00000000 4.00000000
-1.77308036 2.00000000 3.63115278
-1.46558307 2.00000000 3.16840915
-1.10718110 2.00000000 2.70807730
-0.94968009 2.00000000 2.54325272
-0.86901984 2.00000000 2.46924578
-0.64286613 2.00000000 2.29618457
-0.56435317 2.00000000 2.24650749
-0.41447882 2.00000000 2.16871786
-0.23375655 2.00000000 2.10812122
-0.11828130 2.00000000 2.08890332
-0.03848994 2.00000000 2.08393941
0.07760384 2.00000000 2.08750350
0.24093785 2.00000000 2.11452357
0.34813047 2.00000000 2.14758954
0.54781776 2.00000000 2.24060929
0.82559004 2.00000000 2.42818163
0.90669362 2.00000000 2.49342999
1.32810049 2.00000000 2.94627760
2.00000000 2.00000000 4.00000000
