-5.00000000 -5.00000000 -0.00529405
-4.64303656 -5.00000000 0.00894374
-4.23466130 -5.00000000 0.01861757
-3.92178682 -5.00000000 0.02076907
-3.75366012 -5.00000000 0.02001763
-3.35481495 -5.00000000 0.01386614
-3.13667059 -5.00000000 0.00941859
-2.98933516 -5.00000000 0.00708237
-2.82702206 -5.00000000 0.00618873
-2.63960073 -5.00000000 0.00843161
-2.47608931 -5.00000000 0.01295680
-2.28192349 -5.00000000 0.02051444
-2.10646297 -5.00000000 0.02841450
-1.94021503 -5.00000000 0.03587255
-1.65816844 -5.00000000 0.04561785
-1.49054332 -5.00000000 0.04780410
-1.37164985 -5.00000000 0.04687988
-1.18925015 -5.00000000 0.04151376
-1.07711787 -5.00000000 0.03674420
-0.94727566 -5.00000000 0.03081208
-0.73869818 -5.00000000 0.02251677
-0.57328415 -5.00000000 0.01759405
-0.46780770 -5.00000000 0.01520901
-0.25407391 -5.00000000 0.01213545
-0.03842282 -5.00000000 0.01135032
0.04346005 -5.00000000 0.01164117
0.19249128 -5.00000000 0.01297433
0.40729444 -5.00000000 0.01665116
0.55683180 -5.00000000 0.02037393
0.65766736 -5.00000000 0.02338914
0.85360051 -5.00000000 0.02996514
0.99798775 -5.00000000 0.03486600
1.12384649 -5.00000000 0.03877394
1.25718450 -5.00000000 0.04219499
1.43971953 -5.00000000 0.04505331
1.61582879 -5.00000000 0.04507025
1.80024068 -5.00000000 0.04137486
1.90816020 -5.00000000 0.03712677
2.11924092 -5.00000000 0.02422764
2.22695742 -5.00000000 0.01672685
2.47085332 -5.00000000 0.00335275
2.69081513 -5.00000000 -0.00094680
2.91337567 -5.00000000 0.00013448
3.12266123 -5.00000000 0.00350597
3.31964265 -5.00000000 0.00736856
3.68970645 -5.00000000 0.01366817
4.03944863 -5.00000000 0.01610184
4.30911628 -5.00000000 0.01461636
4.76730221 -5.00000000 0.00415159
5.00000000 -5.00000000 -0.00529405
-5.00000000 -4.67064172 0.00779048
-4.63534314 -4.74428115 0.01536983
-4.19097022 -4.58773274 0.02069662
-3.95695547 -4.59725134 0.01918864
-3.69285880 -4.58058246 0.01479970
-3.39285875 -4.76110020 0.01047652
-3.09343730 -4.76941268 0.00356445
-3.00303763 -4.54484570 -0.00212964
-2.78781655 -4.70259196 -0.00068694
-2.68408433 -4.72940639 0.00096113
-2.48893391 -4.73330423 0.00588996
-2.22326265 -4.62328582 0.01415897
-2.05190080 -4.72763059 0.02516153
-1.84954234 -4.64087644 0.03330009
-1.73652283 -4.57618835 0.03704315
-1.53806019 -4.61779284 0.04552612
-1.36983591 -4.78032444 0.04947680
-1.19606224 -4.58706764 0.04924278
-1.04475502 -4.73227141 0.04557532
-0.96356279 -4.55290501 0.04758207
-0.72819425 -4.66763830 0.04178921
-0.62093127 -4.55567663 0.04467416
-0.39198463 -4.64123653 0.03981289
-0.21884031 -4.62754893 0.03980042
-0.06431216 -4.58671154 0.04160472
0.06417518 -4.70754397 0.03530233
0.18483286 -4.64765181 0.03913866
0.37600743 -4.56737882 0.04360564
0.57009087 -4.65878573 0.04158745
0.71824838 -4.57721319 0.04564999
0.81259742 -4.61706087 0.04556618
1.03348004 -4.56903381 0.04767715
1.14969300 -4.60148054 0.04769973
1.26617568 -4.65129141 0.04748841
1.39204561 -4.63409838 0.04651496
1.66493562 -4.61102376 0.04007230
1.81133820 -4.73940927 0.03699762
1.88503500 -4.60358578 0.03006570
2.10855690 -4.76868212 0.01933308
2.22789711 -4.72551220 0.00957966
2.48662354 -4.62455970 -0.00649603
2.69777324 -4.59313166 -0.01031968
2.83252717 -4.69643789 -0.00782577
3.07368411 -4.75239366 -0.00272783
3.39422776 -4.64837343 0.00344607
3.64977660 -4.72806100 0.01044547
3.99682032 -4.54742374 0.01541836
4.37257561 -4.60185780 0.01833875
4.71176160 -4.61502973 0.01570364
5.00000000 -4.67064172 0.00779048
-5.00000000 -4.29756094 0.01669591
-4.56717608 -4.27395113 0.02017351
-4.16728157 -4.38052104 0.01952192
-4.02245583 -4.18582060 0.01552602
-3.75395967 -4.37009314 0.01333754
-3.46459417 -4.39943401 0.00682248
-3.19737367 -4.24777843 -0.00201091
-2.93729614 -4.40726557 -0.00501897
-2.81610015 -4.31323319 -0.00692000
-2.66329282 -4.29337268 -0.00625519
-2.50866158 -4.29884330 -0.00328947
-2.31818004 -4.26451274 0.00181326
-2.14348185 -4.38498410 0.01188974
-1.84472273 -4.31027810 0.02378425
-1.60061080 -4.25958306 0.03264275
-1.52420831 -4.31357480 0.03765186
-1.39195168 -4.22910858 0.03856956
-1.21446216 -4.15283758 0.03964999
-1.09264469 -4.34953738 0.04718382
-0.87769371 -4.34030855 0.04785316
-0.73905955 -4.15437924 0.04614352
-0.63214359 -4.36058021 0.04827669
-0.46930794 -4.40351027 0.04782916
-0.23332292 -4.24741613 0.04942353
-0.03085987 -4.19100344 0.04939908
0.07085880 -4.32691718 0.04898371
0.23614001 -4.30156410 0.04903274
0.45787656 -4.37399343 0.04820964
0.55744330 -4.41980757 0.04774497
0.70869668 -4.32695746 0.04794614
0.89169397 -4.38545928 0.04770999
1.01678751 -4.42542007 0.04751482
1.12596020 -4.23104674 0.04252209
1.25348645 -4.37675088 0.04443971
1.40060875 -4.30092473 0.03931671
1.66244232 -4.38056121 0.03385300
1.76083608 -4.27272059 0.02584053
1.94365783 -4.25211332 0.01583462
2.10731830 -4.38760563 0.00960994
2.20351123 -4.26324789 0.00049261
2.52379032 -4.34133171 -0.01179455
2.64268906 -4.26470187 -0.01384741
2.90058220 -4.31558162 -0.01176209
3.16949018 -4.22975543 -0.00673019
3.25878214 -4.40139358 -0.00307644
3.55343679 -4.30233407 0.00373425
3.93161918 -4.38244564 0.01316438
4.37437228 -4.40108980 0.01877378
4.73436563 -4.39911318 0.01836319
5.00000000 -4.29756094 0.01669591
-5.00000000 -3.91482799 0.01894543
-4.72484633 -3.73385600 0.01516013
-4.22211818 -3.79822661 0.01101083
-3.87209451 -3.99020381 0.00970648
-3.72566947 -3.80524360 0.00371380
-3.47286739 -3.75782525 -0.00121542
-3.10488051 -3.77481836 -0.00672007
-2.94055414 -4.00857483 -0.00831609
-2.76963916 -3.79035840 -0.00973990
-2.61381752 -3.95284635 -0.00899395
-2.48876725 -3.79171705 -0.00921086
-2.34999690 -4.03624921 -0.00371864
-2.10179305 -3.87884126 -0.00134675
-1.89425425 -4.00551645 0.00978501
-1.68368725 -4.03038810 0.01883223
-1.52998904 -3.87753989 0.01563958
-1.31526272 -4.03196362 0.03140642
-1.19376208 -3.76898729 0.01887224
-1.07127956 -4.03819715 0.03755672
-0.89849250 -3.73482680 0.02509118
-0.81018595 -3.82048674 0.03211144
-0.61076046 -3.85567719 0.03734642
-0.50246393 -3.72761327 0.03231535
-0.19294920 -3.97250896 0.04520853
-0.08638787 -4.00718130 0.04636047
0.08750195 -3.94456791 0.04419135
0.26354768 -3.81804240 0.03802965
0.33933099 -3.98285059 0.04401323
0.57049748 -3.93234956 0.03969816
0.72300376 -3.84260378 0.03304776
0.79146252 -3.81277366 0.03010676
0.96584518 -3.94168099 0.03353241
1.14051128 -3.95745546 0.03054724
1.29617662 -3.89933621 0.02331105
1.49189445 -4.04281486 0.02560829
1.64927771 -3.99288289 0.01777475
1.73696678 -3.77149800 0.00294873
1.98290686 -3.86727090 -0.00013707
2.09726963 -4.04578323 0.00090543
2.23673872 -3.90534538 -0.00777441
2.40678278 -3.98204199 -0.01165956
2.64181187 -3.95804068 -0.01412486
2.97012695 -3.94871758 -0.01109898
3.08315171 -3.73911932 -0.00827186
3.30230900 -4.03882761 -0.00452456
3.59378460 -3.76770089 -0.00022512
3.92867965 -3.82891820 0.00627380
4.25587239 -3.92932130 0.01313579
4.68512590 -3.84345596 0.01654120
5.00000000 -3.91482799 0.01894543
-5.00000000 -3.43431806 0.01252332
-4.61765645 -3.40695029 0.00562909
-4.37160430 -3.49925122 0.00501824
-4.02383667 -3.39115393 -0.00187943
-3.59820768 -3.47517734 -0.00337902
-3.41543018 -3.40285306 -0.00516724
-3.17976854 -3.36909244 -0.00588894
-2.97707528 -3.45446580 -0.00706777
-2.84753880 -3.41992103 -0.00766329
-2.66569671 -3.50080412 -0.00961325
-2.43866377 -3.37176518 -0.01217587
-2.24842513 -3.51554769 -0.01238045
-2.13877787 -3.44544952 -0.01467789
-1.98310924 -3.47513076 -0.01447432
-1.75043906 -3.54866946 -0.00981084
-1.48822932 -3.58282108 -0.00302014
-1.32259982 -3.39327607 -0.01258488
-1.15615824 -3.54665873 0.00418965
-1.05733163 -3.51680781 0.00543653
-0.93419369 -3.45097706 0.00511449
-0.69358706 -3.42768165 0.01069565
-0.58426681 -3.42608026 0.01305039
-0.41761796 -3.38562047 0.01357841
-0.17719444 -3.50672607 0.02253551
-0.11417352 -3.49934136 0.02227460
0.09238659 -3.36097186 0.01413728
0.23909318 -3.46602252 0.01867800
0.34071517 -3.42606420 0.01505592
0.55834773 -3.40161510 0.00960019
0.67445491 -3.36055351 0.00433178
0.87667198 -3.53149074 0.01003732
1.02995666 -3.46161037 0.00091592
1.14214834 -3.59284049 0.00712856
1.23072142 -3.37394093 -0.01080894
1.43704113 -3.58018632 -0.00154162
1.63460026 -3.43659855 -0.01504896
1.76794446 -3.46744870 -0.01476213
1.98441240 -3.42248115 -0.01711773
2.08560894 -3.47331470 -0.01472022
2.21163744 -3.35971676 -0.01480690
2.51961788 -3.45917782 -0.00977169
2.72700343 -3.40288630 -0.00692092
2.89926424 -3.42964858 -0.00629544
3.04682688 -3.36044068 -0.00466672
3.33936159 -3.49422962 -0.00436439
3.62285971 -3.42065906 -0.00288574
4.00738396 -3.55220321 0.00237896
4.34901024 -3.44087745 0.00345546
4.71077309 -3.38238490 0.00649474
5.00000000 -3.43431806 0.01252332
-5.00000000 -3.21003940 0.00721206
-4.58331727 -3.26303009 0.00078645
-4.37064571 -3.24156222 -0.00277355
-4.01154515 -3.24021631 -0.00590657
-3.61550272 -3.21277087 -0.00708794
-3.28309377 -3.20210123 -0.00598907
-3.10575964 -3.27030674 -0.00567687
-3.01337513 -3.19860122 -0.00530205
-2.86201011 -3.23182782 -0.00607276
-2.64060204 -3.25087049 -0.00882611
-2.48350379 -3.24166520 -0.01176493
-2.26128974 -3.20456861 -0.01735896
-2.09902020 -3.27346882 -0.01983891
-1.99406324 -3.19699451 -0.02431614
-1.75989523 -3.20048015 -0.02843666
-1.51186275 -3.23708524 -0.02689760
-1.40448877 -3.28475386 -0.02221400
-1.22740242 -3.20925430 -0.02152910
-1.10177676 -3.22657848 -0.01551322
-0.87789765 -3.21548297 -0.00673732
-0.76531799 -3.19983852 -0.00335986
-0.59949264 -3.17658799 0.00071667
-0.45497352 -3.25446943 0.00658000
-0.27146265 -3.17353177 0.00635029
-0.06049220 -3.25301878 0.00975997
0.07765591 -3.21311813 0.00787697
0.22874447 -3.20475448 0.00613280
0.38605314 -3.23896963 0.00483980
0.54660827 -3.17393127 -0.00109792
0.66168246 -3.19890942 -0.00346407
0.82980880 -3.28581500 -0.00444264
0.98455688 -3.22625854 -0.01258401
1.09434069 -3.26248395 -0.01404556
1.29042617 -3.28128919 -0.01840603
1.47970364 -3.22559307 -0.02563394
1.65058433 -3.18724808 -0.02926626
1.82693663 -3.19510484 -0.02805126
1.96512499 -3.18154816 -0.02569779
2.08019142 -3.18358399 -0.02172829
2.30077475 -3.17224049 -0.01281784
2.52134168 -3.19299104 -0.00601287
2.69875101 -3.20054547 -0.00346589
2.97479451 -3.22669530 -0.00288021
3.13817700 -3.25348457 -0.00338098
3.30218498 -3.17928447 -0.00342708
3.62892021 -3.26869246 -0.00418266
4.02074352 -3.23548738 -0.00419115
4.27450109 -3.25973487 -0.00217179
4.71027584 -3.26989570 0.00329234
5.00000000 -3.21003940 0.00721206
-5.00000000 -3.09262403 0.00441062
-4.66415983 -3.10523945 -0.00245429
-4.20953108 -3.10001244 -0.00833900
-3.99128267 -3.02507146 -0.01094839
-3.74623702 -2.96345071 -0.01124728
-3.42806571 -2.97833761 -0.00810283
-3.13700553 -3.03476461 -0.00505581
-3.00268506 -3.03196375 -0.00439601
-2.80586002 -2.99712213 -0.00493534
-2.64592646 -3.03488856 -0.00771657
-2.48108305 -3.08122281 -0.01195723
-2.25693214 -3.00630193 -0.01964101
-2.07976922 -2.96413635 -0.02664627
-1.94459347 -2.96462494 -0.03135539
-1.59791430 -3.08231568 -0.03487297
-1.49182107 -3.05730271 -0.03546440
-1.39901992 -2.98446691 -0.03590091
-1.20646407 -3.10908549 -0.02553486
-1.11029165 -3.09525895 -0.02172920
-0.92504199 -3.00994407 -0.01387856
-0.72807061 -3.05249748 -0.00534908
-0.59510752 -3.07750294 -0.00098454
-0.42936799 -3.07251506 0.00289368
-0.24098935 -3.05185212 0.00564817
-0.05776956 -3.03680469 0.00661179
0.07937664 -3.12171136 0.00585490
0.14833067 -2.97802074 0.00690973
0.40377695 -3.00499857 0.00131947
0.50455589 -3.00528982 -0.00142885
0.68145165 -3.12350294 -0.00647574
0.79434367 -3.03597300 -0.01175249
0.95571956 -2.99948968 -0.01825898
1.15239297 -2.98063599 -0.02602915
1.30753642 -3.00806721 -0.03080077
1.45289988 -3.07978828 -0.03205769
1.65033525 -3.12568113 -0.03204049
1.73780063 -3.09843927 -0.03280531
1.87817299 -3.00207142 -0.03310775
2.15071915 -3.02127108 -0.02073855
2.25739855 -3.03824461 -0.01493152
2.50271999 -3.00207025 -0.00421460
2.61588387 -3.04497322 -0.00206678
2.94268441 -2.96580285 0.00035472
3.14144994 -3.04861174 -0.00161684
3.29565788 -3.08665466 -0.00307599
3.65166002 -3.12282490 -0.00551998
3.93064653 -3.03403425 -0.00790897
4.31249600 -3.09784389 -0.00605022
4.79586311 -3.12946470 0.00087221
5.00000000 -3.09262403 0.00441062
-5.00000000 -2.76138121 -0.00001824
-4.51134485 -2.85413813 -0.01018883
-4.29371418 -2.78956688 -0.01324049
-3.92431900 -2.86859797 -0.01338255
-3.73559767 -2.87061153 -0.01227645
-3.31079303 -2.72362681 -0.00822851
-3.13778149 -2.76782574 -0.00566456
-2.95883743 -2.78199314 -0.00431954
-2.87137063 -2.74218150 -0.00469603
-2.58416333 -2.73925004 -0.00938608
-2.49099387 -2.78757461 -0.01195850
-2.30573966 -2.87167498 -0.01848790
-2.08592483 -2.87433883 -0.02712454
-1.87765649 -2.78570685 -0.03389691
-1.71075000 -2.74324706 -0.03589854
-1.47569902 -2.76164734 -0.03475680
-1.40577090 -2.79140125 -0.03399168
-1.19770890 -2.74395937 -0.01909081
-1.04380763 -2.80602575 -0.01335587
-0.98856455 -2.86142987 -0.01340165
-0.71752102 -2.77473298 0.01086400
-0.57956066 -2.79589283 0.01444051
-0.40849458 -2.75827122 0.02571311
-0.21635936 -2.77741817 0.02632123
-0.10076057 -2.79913916 0.02384003
0.02068328 -2.75395414 0.03070688
0.21519430 -2.85303207 0.01446197
0.44614193 -2.82140133 0.01170779
0.54635809 -2.83200366 0.00683665
0.71317827 -2.84976385 -0.00208355
0.87013448 -2.82244499 -0.00776431
0.98942696 -2.76385739 -0.00896523
1.16777260 -2.86160933 -0.02479380
1.30408142 -2.87423031 -0.03058923
1.42905082 -2.85475202 -0.03407722
1.60739221 -2.80930885 -0.03658194
1.80321300 -2.78661240 -0.03602125
1.87875333 -2.77280810 -0.03435014
2.06207967 -2.82084338 -0.02698204
2.25644493 -2.72816951 -0.01546606
2.41178371 -2.72485351 -0.00738546
2.69006838 -2.77165556 0.00033449
2.85949773 -2.82735679 0.00114188
3.17368329 -2.78421202 -0.00173509
3.35282050 -2.80151457 -0.00407846
3.61545084 -2.73162745 -0.00809622
4.10561515 -2.82373220 -0.01118539
4.22191445 -2.86724186 -0.01074393
4.71300379 -2.77508012 -0.00673248
5.00000000 -2.76138121 -0.00001824
-5.00000000 -2.64785347 0.00103454
-4.60334891 -2.57895265 -0.00719316
-4.20198190 -2.65194829 -0.01366675
-3.92463616 -2.63243463 -0.01426766
-3.79460478 -2.66148831 -0.01389129
-3.30779170 -2.57859332 -0.00969216
-3.19950325 -2.66701290 -0.00736457
-2.96273180 -2.58797087 -0.00678596
-2.77783084 -2.63195000 -0.00675751
-2.60318396 -2.58923886 -0.01027675
-2.42952967 -2.57811495 -0.01456188
-2.26623857 -2.68464005 -0.01986099
-2.05941053 -2.67366152 -0.02660108
-1.89832334 -2.58849793 -0.02692603
-1.64903759 -2.63329029 -0.02968871
-1.48078601 -2.64978701 -0.02670402
-1.40840651 -2.57263466 -0.01356361
-1.17096680 -2.63876337 -0.00378946
-1.08589312 -2.66353764 0.00009770
-0.92248537 -2.58923779 0.03002225
-0.76067202 -2.65378875 0.02908671
-0.58424089 -2.64179214 0.04249049
-0.47507192 -2.56907963 0.06744718
-0.19125974 -2.64669612 0.05364024
-0.04950227 -2.62741222 0.05942131
0.02493770 -2.58345981 0.07165380
0.15798643 -2.66381666 0.04761345
0.33591131 -2.66388386 0.04253269
0.58369216 -2.65682740 0.03262097
0.69650600 -2.57978548 0.04352259
0.87375086 -2.62412994 0.02004311
0.97340946 -2.57330216 0.02284512
1.09121172 -2.59921308 0.00801476
1.26988814 -2.63985394 -0.01126805
1.39989539 -2.61115493 -0.01551404
1.57343909 -2.63630814 -0.02643852
1.81658007 -2.64207627 -0.03121805
1.90885654 -2.65644887 -0.03085956
2.06212823 -2.61412199 -0.02491161
2.22971050 -2.58180546 -0.01692541
2.43005657 -2.64921504 -0.00737108
2.67865798 -2.63134129 -0.00179575
2.89386314 -2.63707003 -0.00118002
3.05571553 -2.66181517 -0.00182635
3.41787659 -2.58371521 -0.00711551
3.67506657 -2.59767552 -0.00944400
3.93679714 -2.57248565 -0.01079113
4.45440075 -2.67877214 -0.00999350
4.72797165 -2.62095269 -0.00512963
5.00000000 -2.64785347 0.00103454
-5.00000000 -2.43516654 0.00719244
-4.56276691 -2.42218648 -0.00294311
-4.18179301 -2.39749255 -0.00836367
-3.89837136 -2.42265963 -0.01173309
-3.63021424 -2.39740701 -0.01238675
-3.46738166 -2.37883477 -0.01251061
-3.12658506 -2.43436271 -0.01072358
-2.99127997 -2.38880199 -0.01150454
-2.77330345 -2.40923324 -0.01138404
-2.67275362 -2.47270735 -0.01090273
-2.51466838 -2.45843787 -0.01335795
-2.27364862 -2.40831299 -0.01591191
-2.10405487 -2.34369735 -0.01244941
-1.98201057 -2.46986605 -0.01947318
-1.73946662 -2.40865014 -0.00838170
-1.50348551 -2.48786702 -0.00714148
-1.38097192 -2.37264986 0.02735879
-1.25009345 -2.46400025 0.02189273
-1.04818184 -2.34731503 0.08411883
-0.98346573 -2.42047752 0.06945663
-0.73274705 -2.35008189 0.12655856
-0.56917225 -2.38985162 0.12562826
-0.45631442 -2.41538998 0.12278108
-0.31893364 -2.38067879 0.14399712
-0.05842901 -2.46369934 0.11391125
0.05719821 -2.43199715 0.12551734
0.15353246 -2.41408203 0.13058942
0.32815261 -2.48149342 0.09717617
0.55956053 -2.39701316 0.11369873
0.64400423 -2.50755409 0.06796998
0.87970070 -2.45441123 0.06271893
0.96399117 -2.38383770 0.07569204
1.13270418 -2.43237739 0.04186307
1.23106378 -2.37575855 0.04583017
1.47361496 -2.47526100 -0.00028054
1.59153897 -2.39216090 0.00445731
1.77921459 -2.46836290 -0.01750057
1.94262641 -2.50489315 -0.02342418
2.06482935 -2.37665149 -0.01634527
2.29485008 -2.36111934 -0.01471716
2.50536153 -2.50143360 -0.00792605
2.70212322 -2.37809203 -0.01013476
2.90390929 -2.47170367 -0.00607864
3.13232142 -2.34957198 -0.01103307
3.41422134 -2.34787969 -0.01078989
3.76504228 -2.40826841 -0.00970039
3.93897512 -2.42988105 -0.00933594
4.26354999 -2.41652181 -0.00651125
4.61475314 -2.45787170 -0.00274655
5.00000000 -2.43516654 0.00719244
-5.00000000 -2.18949587 0.01944441
-4.54745396 -2.20295706 0.00780527
-4.17766633 -2.13597485 0.00289037
-3.90258300 -2.17580124 -0.00505809
-3.67562170 -2.24496333 -0.01058454
-3.34787704 -2.14813840 -0.01496821
-3.11912815 -2.22279309 -0.01584385
-2.99345803 -2.15241313 -0.01832748
-2.84012334 -2.24583410 -0.01570543
-2.68080887 -2.17412473 -0.01686948
-2.41002795 -2.24801689 -0.01340247
-2.33814979 -2.27222959 -0.01286884
-2.08796118 -2.16324440 0.00248981
-1.84505580 -2.15264215 0.02352279
-1.64106778 -2.25233913 0.02524372
-1.48248884 -2.23957257 0.04757177
-1.32988138 -2.27099614 0.06201296
-1.18700401 -2.24863727 0.09437969
-1.05997896 -2.21256686 0.13226291
-0.98983225 -2.22002794 0.14258092
-0.78056164 -2.23468304 0.17064184
-0.62873551 -2.13606270 0.23949432
-0.48823886 -2.16804389 0.23762336
-0.22013784 -2.23077716 0.21983549
-0.11497179 -2.19787482 0.23935400
0.04073099 -2.23755595 0.21719235
0.20736032 -2.18583062 0.23846507
0.32935418 -2.21275161 0.21646281
0.54371324 -2.21508389 0.19559847
0.68345317 -2.25796327 0.15924165
0.82870899 -2.25778514 0.14028702
0.98065562 -2.26018876 0.11757199
1.13128422 -2.26593190 0.09311418
1.31727175 -2.19240870 0.08859952
1.38782550 -2.23405595 0.06476799
1.64851047 -2.22019323 0.03198010
1.83237775 -2.24428539 0.00752381
1.94461917 -2.24141762 -0.00109021
2.10664402 -2.26291408 -0.01094746
2.25167478 -2.16832817 -0.01227273
2.47243987 -2.23760099 -0.01613138
2.64922429 -2.13690764 -0.02136468
2.91312342 -2.17208470 -0.01959713
3.08520296 -2.13758460 -0.01974176
3.25558045 -2.15720738 -0.01674469
3.56106981 -2.14426510 -0.01161003
3.95804603 -2.23111442 -0.00520930
4.44223948 -2.23809884 0.00372777
4.73826107 -2.24807429 0.00975606
5.00000000 -2.18949587 0.01944441
-5.00000000 -2.04076601 0.02799881
-4.74856077 -2.04141476 0.02259090
-4.12521519 -2.02744229 0.00712172
-3.99632699 -2.04843229 0.00231808
-3.68382295 -2.06709928 -0.00722737
-3.32836863 -2.01048024 -0.01642384
-3.19503930 -2.06841740 -0.01846635
-2.98608633 -2.03020408 -0.02161184
-2.78197486 -2.06543626 -0.02011113
-2.61066905 -2.06644588 -0.01686325
-2.43219980 -2.02729045 -0.00925841
-2.28608998 -2.07189417 -0.00278005
-2.13429801 -2.01671042 0.01392619
-1.99015864 -2.08530631 0.01958856
-1.68235150 -2.03869963 0.06955195
-1.45642337 -2.03125769 0.11499697
-1.36655668 -2.04347129 0.13075834
-1.18331027 -2.01739603 0.18596297
-1.09278471 -2.08821000 0.17745037
-0.96547267 -2.04088910 0.22855173
-0.80890845 -2.00786242 0.27820940
-0.54338217 -2.01592785 0.31547007
-0.46169244 -2.05996088 0.29941285
-0.29359961 -2.04355564 0.32128446
-0.04960145 -2.00791616 0.34816435
0.03823916 -2.04876720 0.32273708
0.22012086 -2.04306874 0.31761116
0.42461181 -2.03030958 0.30652270
0.51071730 -2.03021770 0.29613567
0.66505327 -2.05180613 0.26239293
0.80919648 -2.02507277 0.25146994
0.97317230 -2.06570826 0.20109133
1.16530018 -2.06589961 0.16299625
1.32144070 -2.01722988 0.14939802
1.43077152 -2.06300093 0.11058209
1.63462457 -2.08862453 0.06510259
1.77084725 -2.05445411 0.05012602
1.98569884 -2.01809127 0.02329975
2.12612107 -2.03474368 0.00377038
2.28960753 -2.03360884 -0.01095243
2.53854754 -2.04388283 -0.02321498
2.71057121 -2.07681949 -0.02460128
2.87903498 -2.05166230 -0.02578514
3.05296294 -2.03360616 -0.02459918
3.40951972 -2.01552910 -0.01665412
3.78328730 -2.07996393 -0.00587136
4.07019612 -2.06331624 0.00280033
4.42329990 -2.08923483 0.01131672
4.69452827 -2.02846930 0.02194842
5.00000000 -2.04076601 0.02799881
-5.00000000 -1.94226118 0.03339057
-4.62130336 -1.94398620 0.02575427
-4.12167505 -1.96579405 0.01024679
-3.92591421 -1.93357715 0.00502969
-3.77160676 -1.92856054 -0.00057223
-3.28274128 -1.91752147 -0.01817370
-3.15629058 -1.89387384 -0.02171608
-2.93243126 -1.93813394 -0.02366904
-2.79910828 -1.91037497 -0.02272177
-2.59729602 -1.91945652 -0.01558409
-2.48898182 -1.94951768 -0.01014205
-2.32632328 -1.94751045 0.00210360
-2.16801161 -1.92616032 0.02044940
-1.95078134 -1.92453210 0.05094781
-1.73836696 -1.94142250 0.08444771
-1.52992159 -1.90715525 0.14000386
-1.32551678 -1.97171905 0.16796420
-1.22430627 -1.97192997 0.19459608
-1.10148597 -1.89354324 0.26356848
-0.90546359 -1.93110443 0.29696508
-0.74353290 -1.92931651 0.33239569
-0.62823950 -1.91265115 0.36148828
-0.48323628 -1.94891766 0.36052734
-0.19003022 -1.89455144 0.41337225
-0.06002418 -1.95812498 0.37771831
0.06025120 -1.91506690 0.40090450
0.24171392 -1.91376983 0.39110466
0.34262545 -1.97051437 0.34916958
0.52202812 -1.95689717 0.33503548
0.65455198 -1.96588757 0.30949202
0.83524117 -1.93940978 0.28945765
0.99968883 -1.96164681 0.24379846
1.10455956 -1.92374385 0.23734161
1.28604133 -1.89448829 0.20562964
1.43652959 -1.89763574 0.16680741
1.63568813 -1.91310086 0.11361351
1.76497914 -1.90125485 0.08736445
1.97657083 -1.94191684 0.03643124
2.08867726 -1.95457984 0.01653037
2.19552252 -1.95371609 0.00218184
2.37830007 -1.89692391 -0.01507880
2.69318088 -1.92980007 -0.03058709
2.98384665 -1.90449215 -0.03089804
3.11715946 -1.91632102 -0.02753865
3.28893115 -1.90127559 -0.02257161
3.62929251 -1.92296697 -0.00926106
3.92212948 -1.89923002 0.00330155
4.28153771 -1.92613801 0.01589833
4.63747751 -1.89749453 0.02834586
5.00000000 -1.94226118 0.03339057
-5.00000000 -1.80534987 0.03957397
-4.76330440 -1.77060748 0.03805165
-4.27807579 -1.82586850 0.02306514
-3.89859614 -1.78076687 0.01026099
-3.77868566 -1.80185290 0.00396623
-3.46870587 -1.81547641 -0.01069291
-3.15749536 -1.75617524 -0.02212002
-2.96174000 -1.80098993 -0.02505009
-2.82099039 -1.78087269 -0.02331356
-2.63191342 -1.80751036 -0.01527093
-2.44052284 -1.84901073 -0.00210539
-2.31156045 -1.82172385 0.01377092
-2.05099085 -1.84641241 0.04841312
-1.99370193 -1.80345471 0.06639987
-1.63101557 -1.74048425 0.16847004
-1.53750621 -1.76023837 0.18848965
-1.33174550 -1.82846807 0.22367491
-1.17847671 -1.78924371 0.28784125
-1.05900966 -1.77343349 0.33210015
-0.88592202 -1.75125292 0.39210795
-0.79692114 -1.77989598 0.39968782
-0.58463976 -1.79339267 0.43358617
-0.39507671 -1.80370924 0.45209814
-0.19492931 -1.79263328 0.47161388
-0.03452705 -1.75198268 0.49601703
0.06624547 -1.84440460 0.44180708
0.23726754 -1.81300101 0.44891707
0.32844809 -1.84162486 0.42404822
0.56067231 -1.77431714 0.42778169
0.63452181 -1.77959961 0.41165987
0.89201016 -1.77840842 0.35649617
0.99827164 -1.75535019 0.34079798
1.16089341 -1.81361525 0.27198412
1.29984672 -1.74646419 0.26176558
1.38583105 -1.80135520 0.21601119
1.65040591 -1.80602989 0.14218508
1.77130840 -1.82887409 0.10449488
1.96067631 -1.81503826 0.06226808
2.10520234 -1.81753738 0.03069771
2.30737371 -1.82254428 -0.00401895
2.51930207 -1.83044557 -0.02580390
2.72389057 -1.80871957 -0.03447458
2.84544850 -1.74613079 -0.03664067
3.07391207 -1.82962894 -0.03116154
3.40017416 -1.83074646 -0.01903332
3.68918813 -1.82095647 -0.00544901
4.02200345 -1.83903199 0.00958406
4.40032710 -1.81974008 0.02540553
4.61901840 -1.81185892 0.03244407
5.00000000 -1.80534987 0.03957397
-5.00000000 -1.62629830 0.04398305
-4.69424833 -1.64201765 0.04185399
-4.25382698 -1.69043759 0.02891742
-3.90329097 -1.62869621 0.01642425
-3.80132823 -1.61695959 0.01154651
-3.42066751 -1.65023499 -0.01012617
-3.12922152 -1.60403993 -0.02125102
-2.97804842 -1.66743567 -0.02422978
-2.79945861 -1.60767860 -0.01889968
-2.63512410 -1.62656560 -0.00816253
-2.41975372 -1.58999443 0.02142509
-2.22294132 -1.64708072 0.04874070
-2.12032837 -1.60454178 0.07720502
-1.99410438 -1.64635412 0.09852854
-1.74551709 -1.60713446 0.17630751
-1.45973279 -1.65796072 0.24958949
-1.39096274 -1.59686462 0.29622881
-1.21942546 -1.63548598 0.34061141
-1.07498388 -1.61767512 0.39729216
-0.90721595 -1.62487600 0.44592452
-0.76959231 -1.59015269 0.49768028
-0.60532104 -1.69092727 0.48314463
-0.49650463 -1.68989827 0.50051256
-0.29444776 -1.68821840 0.52225342
-0.10653320 -1.63089254 0.55889897
0.07980692 -1.64732779 0.54732318
0.18809815 -1.63471011 0.54676038
0.44726023 -1.61721819 0.52488899
0.53912322 -1.59762968 0.51878816
0.69965929 -1.61482284 0.47861402
0.80538099 -1.65873205 0.43393964
0.95033188 -1.62146329 0.41394519
1.17066831 -1.68814831 0.32311782
1.25392453 -1.63628905 0.31981172
1.39882046 -1.64113416 0.27308586
1.60401930 -1.67497944 0.19721566
1.82311638 -1.61601989 0.14663198
1.91174448 -1.68717077 0.10213562
2.10018231 -1.61269324 0.06338785
2.23878301 -1.59969880 0.02897627
2.52436628 -1.62248331 -0.02207671
2.62676950 -1.63978410 -0.03092161
2.84919229 -1.68645249 -0.03726388
3.18246412 -1.63095245 -0.02967914
3.33234090 -1.67302241 -0.02267114
3.61951715 -1.68611689 -0.00715884
3.91091975 -1.66552810 0.00959511
4.41974151 -1.62014375 0.03439527
4.81945256 -1.65818319 0.04243910
5.00000000 -1.62629830 0.04398305
-5.00000000 -1.51814962 0.04469319
-4.52554782 -1.45997169 0.04438296
-4.29546350 -1.49004653 0.03811654
-3.97268517 -1.47307738 0.02562563
-3.61513751 -1.45250814 0.00626121
-3.30025401 -1.52677123 -0.01336726
-3.17513851 -1.54553048 -0.01876628
-2.94345598 -1.51659795 -0.02055738
-2.80047972 -1.47983971 -0.01376004
-2.64547542 -1.47751495 0.00006631
-2.51524779 -1.52565826 0.01316486
-2.30093528 -1.47578125 0.05791916
-2.14392651 -1.51169934 0.08868095
-1.96702486 -1.45291309 0.15028455
-1.70666376 -1.55373599 0.20460980
-1.52168402 -1.52985767 0.27521496
-1.32196231 -1.54878524 0.33967665
-1.17553148 -1.50790008 0.40912380
-1.10982930 -1.48832357 0.44039973
-0.95689330 -1.46847664 0.49933021
-0.76277769 -1.47242574 0.55126801
-0.62813526 -1.52229994 0.55859501
-0.48799102 -1.54553543 0.57124719
-0.19675454 -1.50076402 0.61780572
-0.02579993 -1.54654087 0.59921184
0.08685291 -1.52034618 0.60752682
0.16071204 -1.52189242 0.60224399
0.44716643 -1.53439254 0.56334715
0.50774103 -1.46992581 0.58153397
0.69271137 -1.50558814 0.52906253
0.85138464 -1.50240796 0.49193976
0.95780759 -1.49035469 0.46815794
1.08128726 -1.54501929 0.40958583
1.25002734 -1.55065298 0.35530318
1.39682357 -1.50727540 0.32388404
1.62525539 -1.48792740 0.25175868
1.81007975 -1.49992641 0.18300977
1.88688042 -1.45110766 0.16884804
2.07496222 -1.45670273 0.10021156
2.23929513 -1.48813962 0.04323960
2.53638023 -1.45814779 -0.01551830
2.61326017 -1.53888493 -0.02725185
2.89012803 -1.49931475 -0.03627641
3.14414337 -1.48119769 -0.03034224
3.39140843 -1.46901788 -0.01756795
3.55944413 -1.48613287 -0.00751623
4.07133149 -1.50384616 0.02284617
4.40790925 -1.48694035 0.03793415
4.83291518 -1.49478489 0.04548843
5.00000000 -1.51814962 0.04469319
-5.00000000 -1.33588609 0.04314757
-4.49909245 -1.30373996 0.04695047
-4.35446773 -1.27427009 0.04524844
-4.00735755 -1.26673124 0.03392756
-3.61698070 -1.30779313 0.01104938
-3.35016746 -1.36253285 -0.00627819
-3.10695317 -1.32024046 -0.01367634
-3.01640407 -1.28519390 -0.01259859
-2.78407112 -1.38162971 -0.00740102
-2.59521602 -1.38570500 0.01386708
-2.46587122 -1.40180126 0.03392606
-2.33784364 -1.28583899 0.07740840
-2.10516275 -1.33490764 0.13432151
-1.90315590 -1.35425976 0.19580152
-1.75136917 -1.37493158 0.24381980
-1.47412930 -1.37399269 0.34864136
-1.38395350 -1.27377087 0.41995949
-1.21681712 -1.39497168 0.43913476
-1.03185963 -1.30824254 0.53855641
-0.93637789 -1.35030344 0.55322430
-0.79951365 -1.28666998 0.61589701
-0.54370648 -1.26792377 0.67625564
-0.45810054 -1.27694055 0.68560689
-0.22676610 -1.28966423 0.70220318
-0.08655902 -1.28641663 0.70736469
0.07590553 -1.27541341 0.70785683
0.24257236 -1.33594497 0.67288288
0.44418914 -1.34831757 0.64186951
0.55925642 -1.28151514 0.64686860
0.67433615 -1.31537560 0.61036367
0.84537326 -1.30603191 0.57215665
0.96926845 -1.34397890 0.52334471
1.12967264 -1.32159176 0.48269486
1.20999351 -1.33492734 0.45141760
1.49054681 -1.39781752 0.33054724
1.59326176 -1.26374439 0.33686967
1.80548279 -1.27812097 0.24765419
1.91855716 -1.38276516 0.17462221
2.07997960 -1.39180396 0.11136362
2.27967547 -1.31376735 0.05526152
2.47853578 -1.27529401 0.00749879
2.67308462 -1.26102595 -0.01937668
2.96182458 -1.31704983 -0.03184903
3.18889143 -1.36328776 -0.02649796
3.38034326 -1.38633425 -0.01679252
3.75808285 -1.32580845 0.00874830
3.97809297 -1.33916215 0.02190449
4.21734692 -1.32774343 0.03425514
4.79698271 -1.27012371 0.04583601
5.00000000 -1.33588609 0.04314757
-5.00000000 -1.11794585 0.03796374
-4.62889314 -1.12472810 0.04804532
-4.12491408 -1.18408737 0.04086409
-3.89310587 -1.19200468 0.03059075
-3.73179189 -1.13694375 0.02343151
-3.35424600 -1.11036785 0.00267709
-3.09510052 -1.19752545 -0.00884327
-2.96717357 -1.10660215 -0.00277484
-2.85022377 -1.17548178 -0.00012318
-2.68172053 -1.16689349 0.01982847
-2.52215207 -1.15947490 0.05013111
-2.24154937 -1.13838122 0.12898074
-2.14275418 -1.16869652 0.15590086
-1.97666475 -1.10852869 0.22973775
-1.68718101 -1.15846083 0.33409061
-1.47850165 -1.19403049 0.40938277
-1.32806543 -1.13862344 0.48937045
-1.16473260 -1.17079139 0.54130710
-1.05304256 -1.13413139 0.59348048
-0.91280854 -1.15051671 0.63257233
-0.76575090 -1.15194215 0.67145904
-0.60803682 -1.10135348 0.72100225
-0.48511770 -1.17315166 0.71792990
-0.29012102 -1.19455776 0.73164008
-0.09381725 -1.10583795 0.76777060
0.06575334 -1.11625520 0.76163030
0.18785112 -1.16449021 0.73866679
0.37936840 -1.14068717 0.72510008
0.55829520 -1.10163880 0.70811657
0.63990186 -1.19570657 0.66099583
0.78730586 -1.11366379 0.65430050
0.98603823 -1.18684671 0.57568730
1.11127297 -1.10822565 0.56343464
1.29903150 -1.16229057 0.48149517
1.47452352 -1.13417124 0.42503588
1.57905869 -1.16743486 0.37307821
1.75842395 -1.11747274 0.31288545
1.96436342 -1.12728941 0.21839844
2.10288444 -1.16783416 0.14709733
2.26539191 -1.17395096 0.08024258
2.43458812 -1.19083271 0.02552907
2.71600413 -1.14121883 -0.01634226
2.91927226 -1.14208282 -0.02564350
3.05105758 -1.14072056 -0.02502595
3.45028916 -1.11991922 -0.00635781
3.78569430 -1.12824058 0.01499026
3.95254184 -1.10503148 0.02541415
4.44638981 -1.17178455 0.04394544
4.68986587 -1.19884134 0.04609634
5.00000000 -1.11794585 0.03796374
-5.00000000 -1.06072943 0.03620451
-4.63960559 -1.05055694 0.04760287
-4.26320070 -1.04220726 0.04725172
-3.91388396 -0.99356138 0.03692442
-3.61836044 -1.00488555 0.02094742
-3.47506953 -1.01949177 0.01226699
-3.12398160 -1.02239532 -0.00087061
-3.01004111 -1.07537417 -0.00245727
-2.81445393 -0.99053351 0.01549402
-2.66656176 -1.05552454 0.03199671
-2.41996084 -1.02649984 0.09210858
-2.28513362 -1.07234977 0.12613420
-2.15242535 -1.05730991 0.17417456
-1.91374707 -1.07461095 0.26304245
-1.62383957 -1.03827754 0.39674545
-1.53564183 -1.06766918 0.42610895
-1.36069877 -1.05469448 0.50376790
-1.19651559 -1.03768641 0.57363876
-1.04417168 -1.00112912 0.63879836
-0.90437409 -1.01585267 0.67753810
-0.72977948 -0.99735161 0.72713997
-0.57264721 -0.98396569 0.76134773
-0.44794766 -0.98164050 0.78005343
-0.19531952 -1.05319227 0.78090494
-0.07810424 -1.03676270 0.78802994
0.06826856 -1.02316496 0.78872771
0.23729291 -1.02878897 0.77535969
0.43845994 -1.03306328 0.74910742
0.52078143 -1.05544540 0.72900522
0.65910475 -0.98345217 0.72297632
0.83561922 -1.05055216 0.66193735
0.96230437 -1.07693605 0.61907813
1.16705975 -1.05047294 0.56362258
1.26890376 -1.02630114 0.53597082
1.43420217 -1.07269599 0.46006225
1.62647038 -1.01920713 0.39774572
1.82250714 -1.06702629 0.29816122
1.96505180 -1.00881315 0.24551532
2.13039845 -1.05359779 0.15668879
2.20958372 -1.06589921 0.11926966
2.37815396 -1.02522450 0.06039363
2.64386201 -1.00022430 0.00074131
2.93147820 -1.00738168 -0.02009508
3.08287209 -0.98293205 -0.01880263
3.35697297 -0.97823230 -0.00796852
3.80030985 -1.07493903 0.01705111
4.11048644 -1.01856374 0.03474335
4.40137615 -1.01889705 0.04389016
4.82178023 -1.02818012 0.04213850
5.00000000 -1.06072943 0.03620451
-5.00000000 -0.83578387 0.02859767
-4.60864966 -0.80975562 0.04638671
-4.31246576 -0.83325518 0.04985503
-3.87456287 -0.88873699 0.03763218
-3.75919316 -0.87669121 0.03235556
-3.42070618 -0.88030859 0.01415315
-3.13449663 -0.81097228 0.00846987
-2.93987405 -0.82878022 0.01394381
-2.80620698 -0.84223446 0.02663248
-2.65058904 -0.84926137 0.05333237
-2.47155496 -0.79789254 0.10479643
-2.22626771 -0.81457068 0.18828321
-2.09276374 -0.82018842 0.24190371
-1.97698125 -0.83915797 0.28874924
-1.60685157 -0.87498341 0.44977785
-1.48408536 -0.79738985 0.52535252
-1.33815116 -0.87252807 0.56748337
-1.18965809 -0.90329944 0.61644936
-1.03460464 -0.78741848 0.69994220
-0.96453018 -0.80171766 0.71773941
-0.78181531 -0.85269953 0.75336919
-0.55984514 -0.79151443 0.81039094
-0.46528921 -0.78169485 0.82565998
-0.19897778 -0.85805683 0.83074487
-0.09157623 -0.84280111 0.83661646
0.01981018 -0.90627834 0.82071436
0.16149315 -0.91864476 0.81066715
0.40769483 -0.87270515 0.79572243
0.50781063 -0.78028452 0.80156155
0.62508785 -0.91442277 0.74854386
0.86499540 -0.81279713 0.71961187
0.99605314 -0.86676382 0.67029524
1.09673009 -0.79909999 0.65722987
1.23182916 -0.79297293 0.61415876
1.49177531 -0.81238198 0.51042568
1.58731543 -0.91256507 0.44406420
1.82985831 -0.87434323 0.34264791
1.97641812 -0.90147786 0.26329206
2.05280350 -0.84717529 0.23411932
2.22381962 -0.80847485 0.15242960
2.49311671 -0.91573321 0.03739534
2.75869903 -0.85680024 -0.00355473
2.96693776 -0.78769968 -0.01129691
3.10268132 -0.91477848 -0.01595377
3.37759003 -0.79166773 -0.00173755
3.68895798 -0.85212699 0.01488729
4.11770349 -0.79080089 0.03760555
4.47341062 -0.86544346 0.04471902
4.83934008 -0.84399202 0.03751902
5.00000000 -0.83578387 0.02859767
-5.00000000 -0.67964840 0.02339917
-4.49979606 -0.68661374 0.04833017
-4.12674091 -0.67023555 0.04930914
-3.95160862 -0.68896415 0.04458988
-3.76636591 -0.68478156 0.03719347
-3.48252333 -0.64891373 0.02414470
-3.20081916 -0.69404067 0.01337971
-2.99728593 -0.66306207 0.01850391
-2.85013712 -0.69526661 0.02995689
-2.59483681 -0.66622019 0.08208176
-2.43357841 -0.65232316 0.13237369
-2.23514570 -0.71892318 0.19874043
-2.15518880 -0.71111254 0.23315764
-1.98649903 -0.71663499 0.30769581
-1.73484425 -0.71038773 0.42875992
-1.50235735 -0.71255515 0.53774229
-1.40274317 -0.71663916 0.58063540
-1.18968316 -0.67015512 0.67489181
-1.04725853 -0.72844434 0.70977981
-0.88320187 -0.71823914 0.75910102
-0.72991531 -0.65653444 0.80699116
-0.63259500 -0.68203337 0.82064020
-0.48550429 -0.71488374 0.83660294
-0.26398429 -0.67306185 0.86486873
-0.02054251 -0.67998313 0.86877140
0.06942792 -0.73607422 0.85581494
0.23589856 -0.70069713 0.85170790
0.42630972 -0.65669235 0.83826426
0.52404740 -0.66965912 0.82122120
0.67656356 -0.71619837 0.78427109
0.82114633 -0.66923733 0.76212780
1.02994989 -0.66916618 0.70712786
1.16143354 -0.65520915 0.66951972
1.28722685 -0.73433971 0.60870704
1.47340548 -0.68642770 0.54765582
1.57788187 -0.68230966 0.50395516
1.77035104 -0.65240372 0.41960087
1.89491290 -0.65526557 0.35466596
2.12571920 -0.67230994 0.22323014
2.26346385 -0.73430581 0.14315459
2.40989183 -0.71605563 0.08260095
2.68942595 -0.70304957 0.01348813
2.89610397 -0.67737377 -0.00442055
3.18420582 -0.67684223 -0.00624808
3.35940531 -0.67912692 0.00024174
3.78771956 -0.70811446 0.02322544
3.93334841 -0.67186513 0.03117319
4.40085033 -0.66217711 0.04397275
4.81332416 -0.67282400 0.03494339
5.00000000 -0.67964840 0.02339917
-5.00000000 -0.58500260 0.02057720
-4.55540734 -0.61543782 0.04645716
-4.29440997 -0.56179489 0.05114830
-4.00400505 -0.61672340 0.04724759
-3.76835970 -0.59557001 0.03904256
-3.35218097 -0.58595230 0.02038854
-3.19487614 -0.51739594 0.01900644
-3.00027892 -0.57828882 0.02184051
-2.84173435 -0.55148226 0.03845966
-2.65556304 -0.58081525 0.07280612
-2.46851465 -0.57759260 0.12748123
-2.29247678 -0.51395535 0.19950122
-2.09987817 -0.55311545 0.28001848
-1.98888521 -0.56541212 0.33103509
-1.72416330 -0.55258264 0.46411664
-1.53186613 -0.58466830 0.55133298
-1.35654821 -0.55203750 0.63488406
-1.15599592 -0.54190988 0.71216037
-1.05697858 -0.54626591 0.74342961
-0.87294803 -0.56521364 0.79104664
-0.77067329 -0.57969432 0.81217875
-0.54012577 -0.53351701 0.86033973
-0.39774776 -0.58389052 0.86946480
-0.27500080 -0.55421982 0.88363490
-0.01277851 -0.56218563 0.88795865
0.05657135 -0.58983346 0.88186387
0.25647663 -0.55243769 0.87484654
0.40871355 -0.58108883 0.85353450
0.56444425 -0.54064872 0.83669398
0.66964292 -0.53442577 0.81873158
0.82071391 -0.59808267 0.77580983
1.00343450 -0.59914975 0.72866631
1.08676967 -0.61462435 0.70128953
1.30595882 -0.59178408 0.63242219
1.42462528 -0.54719120 0.59534726
1.62019818 -0.52380137 0.51515107
1.76212037 -0.57001417 0.43872090
1.89943704 -0.58161033 0.36470996
2.05472300 -0.54313114 0.28165662
2.22854191 -0.55610255 0.18134530
2.38077778 -0.57506662 0.10666286
2.61561659 -0.53402577 0.03583765
2.84743960 -0.56693080 0.00291280
3.14297795 -0.52847026 -0.00305318
3.28541903 -0.57916626 -0.00049914
3.70234221 -0.56235916 0.02081402
4.02186119 -0.52566050 0.03636841
4.40331449 -0.55332966 0.04379987
4.79021760 -0.59984143 0.03471331
5.00000000 -0.58500260 0.02057720
-5.00000000 -0.38965772 0.01592587
-4.57255416 -0.38711847 0.04455356
-4.14011129 -0.42871011 0.05156766
-3.89418051 -0.44941109 0.04613074
-3.74785467 -0.35883954 0.04182152
-3.48772659 -0.37448105 0.03022103
-3.09121041 -0.36854287 0.02421824
-3.02970362 -0.43249003 0.02513100
-2.76778313 -0.38275019 0.05807148
-2.68065843 -0.39112408 0.07701169
-2.40581519 -0.38211528 0.16489763
-2.24213109 -0.44326534 0.22762729
-2.09802486 -0.43096235 0.29507711
-1.93185424 -0.43141801 0.37707173
-1.62037624 -0.42043144 0.53629190
-1.48830332 -0.39334430 0.60331836
-1.36049765 -0.43354588 0.65339427
-1.15254185 -0.37561743 0.73913847
-1.05183943 -0.41844707 0.76514690
-0.94895444 -0.38260275 0.79877103
-0.74661893 -0.45590532 0.83616779
-0.62764788 -0.36830849 0.86865485
-0.45771647 -0.40414584 0.88788578
-0.22468206 -0.39406323 0.90704463
-0.05103892 -0.43286041 0.90581937
0.06824805 -0.43120905 0.90335737
0.18657918 -0.35486371 0.90541544
0.37096457 -0.45330957 0.87676719
0.52394113 -0.37708276 0.86522771
0.72214927 -0.41754658 0.82522385
0.82037067 -0.37547574 0.80957671
1.02351623 -0.39597732 0.75572012
1.12105609 -0.36642856 0.73085105
1.26096265 -0.36051369 0.68556659
1.47890575 -0.35858209 0.60188122
1.67977162 -0.41592636 0.50325048
1.80508138 -0.35658557 0.44664855
1.90477537 -0.39999703 0.38679841
2.06982908 -0.45266260 0.28349593
2.26489195 -0.37970176 0.17732420
2.43671561 -0.44885983 0.09322375
2.75384546 -0.36071362 0.01936697
2.92258961 -0.41391261 0.00314076
3.05171913 -0.37250205 0.00028958
3.26595545 -0.40262444 0.00239236
3.73361925 -0.38972564 0.02460316
4.05359768 -0.40702149 0.03830091
4.44404949 -0.46089176 0.04343553
4.74602935 -0.42539610 0.03444694
5.00000000 -0.38965772 0.01592587
-5.00000000 -0.27216162 0.01391344
-4.72610672 -0.26035518 0.03563338
-4.13651845 -0.17507585 0.05283605
-3.97548515 -0.22326354 0.05039763
-3.68831003 -0.28101112 0.04023356
-3.30324863 -0.24239794 0.02601972
-3.10123433 -0.17706232 0.02739101
-2.96825993 -0.19538890 0.03490165
-2.78694789 -0.19832574 0.05983975
-2.69566625 -0.22682941 0.07923114
-2.43388565 -0.27758028 0.16011633
-2.30624174 -0.17422504 0.21692104
-2.12554098 -0.22769377 0.29831213
-1.91857886 -0.27211202 0.40003915
-1.76080819 -0.21941982 0.48667670
-1.46913572 -0.21378498 0.63216238
-1.39997585 -0.27395905 0.65720229
-1.17855663 -0.21704330 0.74747213
-1.06290556 -0.30741584 0.77558364
-0.93448928 -0.29168567 0.81271635
-0.74376507 -0.24875177 0.85948197
-0.62117648 -0.17688958 0.88620585
-0.47103721 -0.29374016 0.89771501
-0.18339078 -0.28012330 0.91962723
-0.02174022 -0.25106117 0.92331688
0.03295809 -0.17593678 0.92720379
0.14974739 -0.26888530 0.91566069
0.42050918 -0.27567567 0.88980502
0.52503758 -0.27323724 0.87546448
0.70999045 -0.21327572 0.84846948
0.88924003 -0.17657677 0.81243365
1.02226469 -0.26369876 0.77109171
1.11435954 -0.25608157 0.74503496
1.23470798 -0.26497080 0.70534430
1.47593479 -0.19604571 0.61953796
1.67734102 -0.21926531 0.52561203
1.83119751 -0.25028986 0.44281938
1.94086473 -0.17306574 0.38535188
2.15469551 -0.25792802 0.24855868
2.25551346 -0.27799913 0.18885059
2.48655471 -0.21752844 0.08523359
2.75599521 -0.24887383 0.02194224
2.89018540 -0.22630992 0.00907862
3.14736270 -0.21738511 0.00266851
3.34438385 -0.26794129 0.00703070
3.57895383 -0.21173104 0.01831335
3.95111942 -0.22123714 0.03567548
4.33286666 -0.27143712 0.04366739
4.62347251 -0.18314769 0.03823598
5.00000000 -0.27216162 0.01391344
-5.00000000 0.00554107 0.01155729
-4.50318064 -0.07131781 0.04664982
-4.21290464 0.03746205 0.05316766
-3.99641935 -0.06028978 0.05150823
-3.78273288 -0.06312761 0.04546819
-3.48320603 -0.04473908 0.03338200
-3.20404643 -0.08289705 0.02665038
-3.00120295 0.01210479 0.03420164
-2.76293539 -0.05292956 0.06699582
-2.61950326 0.05596130 0.10414875
-2.49742956 -0.00980408 0.14406454
-2.32154109 -0.09877972 0.21273732
-2.14960170 -0.07540930 0.29312679
-1.87805929 -0.02004798 0.43441977
-1.71110922 0.05876518 0.52351435
-1.49953064 -0.07007111 0.62697171
-1.35219871 -0.03561178 0.69312952
-1.24309760 0.00259034 0.73605991
-1.11226352 -0.06853344 0.77810271
-0.92506459 -0.07895695 0.82982289
-0.71545825 0.02095272 0.87730019
-0.61805892 -0.09267971 0.89095219
-0.39190636 -0.06427463 0.91949326
-0.21956666 -0.02427171 0.93163474
-0.03762202 -0.01915838 0.93454436
0.03823061 -0.02048389 0.93306233
0.20597198 -0.09287567 0.92244841
0.34557965 0.04002375 0.91276200
0.58693546 0.05396000 0.88026945
0.62626485 -0.09679845 0.87050421
0.89185691 -0.04967229 0.81805299
0.99880637 0.05195753 0.79268836
1.11605014 -0.05457502 0.75740212
1.21438795 -0.02405008 0.72700468
1.44854984 0.05145043 0.64072819
1.56351140 0.06882093 0.59085021
1.76673033 -0.08122179 0.48800858
1.88055723 -0.04719129 0.42611367
2.12781815 -0.08383191 0.27293374
2.22341509 0.03048755 0.21665779
2.51921852 -0.01556647 0.07792355
2.71872499 -0.04396133 0.03046676
2.94160414 -0.00676962 0.00818171
3.18934535 -0.06028319 0.00446011
3.25235301 -0.05720484 0.00576383
3.71267819 0.05178060 0.02590448
3.97836193 0.02918031 0.03728623
4.38523321 -0.07719684 0.04349786
4.82477855 0.01349982 0.02655018
5.00000000 0.00554107 0.01155729
-5.00000000 0.18522014 0.01188182
-4.72815991 0.13834520 0.03446933
-4.37146339 0.12663528 0.05084843
-3.88313054 0.12208422 0.04889242
-3.72506466 0.13046287 0.04341906
-3.33105240 0.18518028 0.02825214
-3.14937597 0.14940606 0.02743958
-3.02310382 0.19128264 0.03216024
-2.81121237 0.16642348 0.05751347
-2.58772169 0.13071354 0.11352888
-2.46454122 0.15343462 0.15580089
-2.25706399 0.18686526 0.24211447
-2.06956471 0.14660201 0.33409868
-1.94609426 0.13864036 0.39830392
-1.63524438 0.19547150 0.55972317
-1.45740998 0.17642277 0.64666849
-1.32826797 0.14775275 0.70277860
-1.24051067 0.15608772 0.73585003
-1.11093008 0.15331628 0.77943714
-0.87109021 0.16849947 0.84349925
-0.78965846 0.12698393 0.86234502
-0.59914963 0.14964714 0.89559548
-0.46203386 0.18227254 0.91233465
-0.28318279 0.19564140 0.92682004
-0.08033937 0.16874626 0.93378927
0.07244829 0.16172775 0.93122681
0.14468107 0.16003592 0.92784098
0.43245858 0.12170823 0.90207346
0.55283957 0.13135634 0.88490138
0.66138197 0.14546491 0.86644267
0.81387624 0.13685434 0.83646073
1.01246829 0.18792068 0.78635961
1.15502765 0.19044171 0.74443126
1.26229955 0.15730018 0.71003432
1.41773888 0.16080448 0.65156644
1.60673929 0.13287457 0.56997766
1.80707373 0.13925014 0.46792045
1.92446993 0.17714218 0.39986895
2.04469670 0.15755458 0.32630074
2.21448465 0.16099916 0.22096986
2.40590677 0.13326317 0.12144454
2.70781206 0.16575314 0.03217622
2.85126755 0.19613538 0.01391979
3.16427273 0.19434360 0.00401321
3.31573334 0.14698826 0.00772509
3.65875351 0.17092591 0.02308923
4.06916445 0.15291129 0.04005768
4.36831515 0.14368961 0.04360042
4.82831106 0.17117617 0.02647438
5.00000000 0.18522014 0.01188182
-5.00000000 0.22959892 0.01219209
-4.73940981 0.25434842 0.03408528
-4.19852370 0.24302984 0.05302561
-3.90726133 0.29784510 0.04888951
-3.74228752 0.33466314 0.04296438
-3.37616669 0.31866022 0.02833134
-3.15412417 0.31879525 0.02572370
-3.00931509 0.31456853 0.03152390
-2.80903766 0.33230482 0.05516214
-2.60563782 0.22714031 0.10661275
-2.47452096 0.23894208 0.15037832
-2.22898501 0.22283512 0.25406529
-2.12395205 0.26977285 0.30264946
-1.96281743 0.31016332 0.38220149
-1.72920018 0.32524075 0.50330584
-1.48648729 0.23802926 0.63027220
-1.34977036 0.31342557 0.68463984
-1.16231385 0.25561222 0.75814531
-1.09089373 0.23567033 0.78203446
-0.95921855 0.27572232 0.81664786
-0.75811145 0.23713641 0.86477405
-0.63075698 0.25703946 0.88641236
-0.50066376 0.29525138 0.90238136
-0.28995364 0.23868069 0.92462078
-0.07633100 0.28517446 0.92867690
0.04446050 0.29282341 0.92640124
0.17753113 0.24951839 0.92238049
0.36223009 0.26310041 0.90529610
0.52024118 0.23489999 0.88623228
0.66468244 0.28064862 0.85983477
0.84056521 0.31096512 0.82191776
0.97098667 0.32048159 0.78937345
1.10214680 0.31320604 0.75314563
1.32143846 0.33428686 0.67808527
1.41273867 0.22145776 0.65098122
1.62285699 0.22256765 0.55901563
1.81289149 0.26361549 0.45962190
1.98424985 0.23199899 0.36161560
2.12735094 0.27987650 0.26999219
2.25090825 0.30092075 0.19559573
2.38921883 0.24051165 0.12701134
2.70051533 0.31108010 0.03128232
2.84087893 0.29486428 0.01363476
3.09587454 0.30788843 0.00273133
3.30414072 0.30199929 0.00635672
3.78881177 0.29515320 0.02887344
4.04100226 0.31874891 0.03883689
4.45644111 0.24551131 0.04269598
4.70411062 0.27740630 0.03455120
5.00000000 0.22959892 0.01219209
-5.00000000 0.51232317 0.01638048
-4.58454717 0.49764403 0.04408795
-4.32798034 0.43485812 0.05145119
-3.95840774 0.50942238 0.04848461
-3.76499735 0.41072300 0.04311066
-3.34153724 0.50019357 0.02438853
-3.10890108 0.45993361 0.02397183
-2.98486820 0.42020882 0.03111898
-2.81528046 0.51062128 0.04844452
-2.65063579 0.55560457 0.08131760
-2.42130018 0.46348751 0.16033819
-2.30029182 0.46954331 0.20867735
-2.08042074 0.50130318 0.30664179
-1.93443357 0.45131250 0.38492157
-1.66817785 0.46232436 0.52039245
-1.45355315 0.50472393 0.61760477
-1.34579023 0.42213218 0.67502220
-1.24503582 0.52826301 0.69919063
-1.10091679 0.42331039 0.76270294
-0.98975076 0.47850756 0.78852011
-0.79195837 0.45947199 0.83914453
-0.54275514 0.45574434 0.88301021
-0.45522008 0.46120148 0.89320568
-0.32374209 0.44201614 0.90717821
-0.09019427 0.44034350 0.91622316
0.05553615 0.44728920 0.91334289
0.21942236 0.46736969 0.90194650
0.39837644 0.49752684 0.88038841
0.52857448 0.46457274 0.86619347
0.72329753 0.51066356 0.82590076
0.85341830 0.51032786 0.79760496
1.03046300 0.44238258 0.76088165
1.12288095 0.42492570 0.73576498
1.31442555 0.53510559 0.65596445
1.46149692 0.41897304 0.61439762
1.63253905 0.54419230 0.52162662
1.83159517 0.55236027 0.42031843
1.95609881 0.42383074 0.36537162
2.06218441 0.43227515 0.30014639
2.22479968 0.53260682 0.19495456
2.49471874 0.45236643 0.07750011
2.74676804 0.50424815 0.01895845
2.90525147 0.49914148 0.00447626
3.13471812 0.44303580 0.00080813
3.42736731 0.42627330 0.00989261
3.66872913 0.50006725 0.02114748
3.91271638 0.41151867 0.03367495
4.33318656 0.45684595 0.04363864
4.76553309 0.53619235 0.03357493
5.00000000 0.51232317 0.01638048
-5.00000000 0.64051547 0.01958107
-4.56389990 0.68023033 0.04602316
-4.12925650 0.61682586 0.05073791
-3.87123284 0.61658302 0.04436567
-3.79054030 0.67144344 0.04025563
-3.44665994 0.68608991 0.02384204
-3.11507645 0.65527149 0.01808511
-2.97724745 0.60480590 0.02590065
-2.80239845 0.66568728 0.04323844
-2.68854164 0.66618834 0.06536483
-2.41302748 0.71039009 0.14238838
-2.27562420 0.71034709 0.19462948
-2.13406179 0.64212738 0.26465739
-1.97242231 0.65339350 0.33950027
-1.66387356 0.62800075 0.49696816
-1.46857653 0.61376270 0.59240048
-1.30621004 0.65752564 0.65240683
-1.22812268 0.61143340 0.69108417
-1.08379188 0.70897604 0.72086500
-0.93614785 0.69186833 0.76792526
-0.69393672 0.66618464 0.82834060
-0.55662412 0.59755261 0.86252846
-0.46887012 0.68468129 0.85986374
-0.28130536 0.60786751 0.88914198
-0.09409471 0.68417668 0.88331461
0.06870911 0.62837966 0.88960189
0.15782016 0.63604994 0.88379351
0.39158913 0.70196746 0.85026001
0.58209754 0.64463595 0.83178312
0.69102481 0.68540718 0.80418360
0.79411489 0.66856428 0.78541422
1.01048637 0.62029266 0.73965230
1.14535238 0.60134713 0.70271139
1.27288068 0.62083294 0.65623594
1.38054948 0.66789181 0.60706450
1.65332701 0.67068827 0.48976169
1.75001221 0.70692255 0.43591070
1.88843950 0.68977164 0.36748420
2.11029671 0.68025670 0.24308858
2.28980350 0.69941745 0.14441878
2.52707172 0.71124262 0.05196454
2.65721727 0.67910297 0.02490303
2.94932343 0.67758978 -0.00324129
3.15560306 0.68308408 -0.00454465
3.42358916 0.64000420 0.00618092
3.76294215 0.69112683 0.02349383
4.05045572 0.67927266 0.03690142
4.29232161 0.63486592 0.04315100
4.83874912 0.68057265 0.03194716
5.00000000 0.64051547 0.01958107
-5.00000000 0.83509410 0.02606573
-4.63590638 0.83291183 0.04508369
-4.34333642 0.82029539 0.05033939
-3.89250487 0.80297777 0.04182947
-3.71181032 0.85051434 0.03246433
-3.39917001 0.83691459 0.01702723
-3.15016950 0.88194411 0.00835696
-2.95544924 0.86530778 0.01469538
-2.76454372 0.85203598 0.03710470
-2.67074883 0.76510983 0.06220266
-2.49124987 0.88477176 0.09693493
-2.24648671 0.78348386 0.19637224
-2.12810861 0.83935899 0.23636578
-1.97849575 0.78733848 0.31313442
-1.72954037 0.78760207 0.43199019
-1.45997461 0.81786793 0.55017433
-1.32842662 0.81872859 0.60562380
-1.21702956 0.86372996 0.63656121
-1.05834098 0.76883862 0.71553815
-0.93343893 0.79954970 0.74529561
-0.80476132 0.79722171 0.77859367
-0.57056740 0.84690063 0.81310127
-0.42683349 0.84774856 0.83223854
-0.32370903 0.86976521 0.83705991
-0.07407354 0.79664420 0.86248287
0.04945854 0.85078942 0.84888151
0.27138482 0.84760818 0.83445903
0.36184851 0.87506929 0.81802001
0.58254047 0.84257089 0.79169648
0.67593628 0.83907851 0.77450566
0.88237823 0.84690337 0.72493938
1.02831537 0.80859933 0.69438001
1.14518809 0.80193620 0.66002318
1.22488580 0.77940382 0.63897279
1.44439758 0.82115510 0.54643668
1.61808380 0.78263796 0.48181594
1.76819073 0.80288258 0.40628835
1.95135598 0.82867675 0.30642809
2.04282538 0.87026493 0.24829569
2.28807650 0.77743402 0.13603311
2.46759336 0.78717912 0.06345302
2.65320739 0.79984932 0.01805521
2.98302339 0.77647692 -0.00798004
3.09758893 0.81853456 -0.00994851
3.25683676 0.86289096 -0.00728653
3.77868615 0.77122900 0.02303099
3.99447308 0.88304105 0.03228902
4.23548351 0.77309006 0.04175318
4.74352270 0.85406138 0.03999743
5.00000000 0.83509410 0.02606573
-5.00000000 0.99191803 0.03277649
-4.67977253 1.03287168 0.04710877
-4.26200861 0.94060662 0.04932275
-3.89898528 1.00204891 0.03748221
-3.65221179 0.93805093 0.02669499
-3.29821013 1.03996779 0.00407514
-3.20017639 0.98665526 0.00371450
-2.93281459 1.03513209 0.00461015
-2.77255310 1.03255884 0.02021049
-2.65430631 1.00330072 0.04292508
-2.52635939 0.98600725 0.07423672
-2.26541079 0.99687000 0.15302807
-2.11945351 0.96317451 0.21535433
-1.96692000 1.04695923 0.25781037
-1.61447800 1.02598258 0.41884981
-1.54756587 0.99511160 0.45883960
-1.32861266 1.01478963 0.54605299
-1.23320889 0.97360904 0.59744132
-1.03848519 1.04699859 0.64311895
-0.94678062 1.00368423 0.68599194
-0.78197870 1.03255695 0.72176352
-0.54337405 0.94716890 0.79285908
-0.39223177 0.93945357 0.81419312
-0.19551000 1.02720439 0.80524669
-0.09836559 1.03450382 0.80559361
0.05216573 0.94313414 0.82722504
0.19986725 0.99496196 0.80494410
0.34142020 0.96614780 0.79793632
0.53721681 1.01227989 0.75564034
0.66238539 0.99220786 0.73700786
0.84088009 0.96953993 0.70206504
1.03364586 0.93918570 0.65747147
1.14197841 0.94527054 0.62161059
1.21838928 1.04093063 0.56504838
1.50017867 0.96988383 0.48127752
1.60709508 0.98405332 0.43162855
1.73943706 1.00850337 0.36499859
1.87669081 1.04545852 0.28973371
2.14491385 1.03839524 0.16026421
2.30168085 0.96280832 0.10373918
2.53748602 0.94709291 0.02858555
2.70918925 0.97898898 -0.00301962
2.85380359 0.94288637 -0.01200855
3.09955138 0.97248917 -0.01645408
3.28864624 0.96574640 -0.00962848
3.65217598 1.01371837 0.01010644
4.05102367 0.99705885 0.03333302
4.33533578 1.01008185 0.04328584
4.74870085 0.98748389 0.04294779
5.00000000 0.99191803 0.03277649
-5.00000000 1.15782031 0.04062880
-4.52055132 1.10582234 0.05010895
-4.13295264 1.10543704 0.04433196
-3.87048688 1.11599973 0.03286382
-3.66477146 1.11526127 0.02115172
-3.39804052 1.14814604 0.00374492
-3.13255377 1.10977602 -0.00432420
-2.94830732 1.18769841 -0.00744526
-2.79959227 1.11627233 0.00903371
-2.67322029 1.14750841 0.02312451
-2.42058658 1.15338505 0.07652229
-2.26539873 1.10904854 0.13072182
-2.05718126 1.18735728 0.18488451
-1.96750379 1.16463851 0.22491228
-1.68362572 1.12188882 0.35620176
-1.49562209 1.13997369 0.43096860
-1.33340399 1.09920564 0.51419996
-1.23510136 1.12548656 0.54384594
-1.11022645 1.17735471 0.57166933
-0.98792786 1.12883443 0.63166323
-0.80356266 1.11231213 0.69100717
-0.63095259 1.13241759 0.72333144
-0.46775354 1.10218167 0.75981401
-0.18865103 1.14806243 0.76972158
-0.05515436 1.10588687 0.78503182
0.04554318 1.14735339 0.76996825
0.20458925 1.15001291 0.75896441
0.40043942 1.12926544 0.74245388
0.56096737 1.14353911 0.71042076
0.65240141 1.15189639 0.68874437
0.85731589 1.18175002 0.62773532
1.01624759 1.17576354 0.58363553
1.11147178 1.16561140 0.55698186
1.22219784 1.15795676 0.52210541
1.37411950 1.17838738 0.45892198
1.61212414 1.13037224 0.38101759
1.75973623 1.18708794 0.29850227
1.92760524 1.13048216 0.24096663
2.08354186 1.10655393 0.17369598
2.25910064 1.12740502 0.09223325
2.53901329 1.13245438 0.00799960
2.76850900 1.10734165 -0.01844320
2.85337654 1.10779137 -0.02282150
3.07780774 1.17548566 -0.02688592
3.39039831 1.16568907 -0.01162599
3.63954734 1.18592163 0.00429957
4.08672278 1.11905522 0.03327825
4.22915624 1.17192142 0.03896606
4.65340992 1.11082616 0.04701115
5.00000000 1.15782031 0.04062880
-5.00000000 1.25302479 0.04455644
-4.72027951 1.31154473 0.05065454
-4.19203778 1.31816465 0.04178637
-3.91717076 1.29218725 0.02980388
-3.76913507 1.24122196 0.02293133
-3.29722414 1.31561869 -0.00913614
-3.09639093 1.27794091 -0.01438114
-3.00429538 1.26550748 -0.01388736
-2.80889499 1.24849048 -0.00361437
-2.60280026 1.25980432 0.02181770
-2.48917579 1.22964162 0.04795285
-2.23470951 1.23180504 0.11477010
-2.14501033 1.23501506 0.14254454
-1.84856086 1.27438037 0.23817745
-1.75174810 1.31163901 0.26352143
-1.50013957 1.28218596 0.37540835
-1.30639567 1.29070432 0.45127728
-1.18373017 1.22845339 0.52444491
-1.04243845 1.24443882 0.57022732
-0.91450528 1.23960076 0.61427609
-0.70036324 1.22524380 0.67664294
-0.60536498 1.26216252 0.68283506
-0.41511861 1.25088771 0.71665464
-0.29687983 1.32047011 0.70222277
-0.07512615 1.31750362 0.71222082
0.07896334 1.29293609 0.71781095
0.22058255 1.26232404 0.71879262
0.44463725 1.26374125 0.68890087
0.58352955 1.32445400 0.63960752
0.64478935 1.25513037 0.65331669
0.81193045 1.22333980 0.62457645
1.03555160 1.27463468 0.53982226
1.08140085 1.32092116 0.50673264
1.25765386 1.31440804 0.44939050
1.48305151 1.24261951 0.39285260
1.57646566 1.28678496 0.33965323
1.74598240 1.29801240 0.26724563
1.94521350 1.28944422 0.18705928
2.09265380 1.27940404 0.12771366
2.19078697 1.29732403 0.08531612
2.46709180 1.24329355 0.01013472
2.64354085 1.30063881 -0.02291450
2.93452043 1.22722351 -0.03143470
3.12223506 1.25917797 -0.02906951
3.40487000 1.23032527 -0.01293730
3.66812431 1.29044189 0.00333809
4.10411799 1.27158248 0.03154191
4.34995448 1.22594633 0.04287901
4.63886391 1.24245400 0.04865165
5.00000000 1.25302479 0.04455644
-5.00000000 1.45245367 0.04887262
-4.61250219 1.39952107 0.04989902
-4.30310746 1.51740206 0.03960404
-3.97111305 1.43579742 0.02782845
-3.65255930 1.38494113 0.01029280
-3.45824709 1.49713946 -0.00584613
-3.10923667 1.45367006 -0.02138116
-3.00053923 1.39098067 -0.02038515
-2.81522513 1.50318068 -0.02001632
-2.66884634 1.42847004 -0.00384229
-2.47435011 1.48505249 0.01844411
-2.24403556 1.49116803 0.06345498
-2.09525964 1.44331314 0.11065391
-1.93607718 1.52166383 0.13901619
-1.69344030 1.38419143 0.26156637
-1.45781605 1.46693490 0.32163314
-1.37001793 1.46319258 0.35694202
-1.20445796 1.51559350 0.39899589
-1.07638391 1.38592487 0.50090814
-0.96754264 1.37981290 0.54123794
-0.68350045 1.45855119 0.58610188
-0.56495157 1.42983975 0.62238540
-0.49468103 1.45046833 0.62484500
-0.30595046 1.42286497 0.65902555
-0.09963187 1.51638032 0.62589741
0.03182652 1.38880828 0.68141987
0.25340913 1.45167854 0.63816639
0.38453981 1.45856862 0.61835731
0.55783663 1.42494627 0.60301932
0.71721042 1.42977982 0.56561047
0.87465615 1.46640829 0.50865246
1.01553425 1.43508346 0.48068115
1.16697274 1.42026594 0.43816768
1.27247056 1.52077852 0.36212877
1.42013484 1.52351200 0.31059606
1.57879110 1.51140990 0.25905765
1.75800066 1.43845605 0.21719758
1.94484804 1.50151518 0.13138261
2.15177811 1.52206101 0.05827878
2.30992412 1.50277369 0.01746976
2.39634510 1.38935337 0.00931887
2.61863303 1.40746842 -0.02743504
2.86084727 1.37980834 -0.03791063
3.06772625 1.39631046 -0.03538907
3.28805214 1.48301342 -0.02622798
3.73045854 1.45731931 0.00354310
3.94477073 1.44815667 0.01793479
4.28305352 1.42692764 0.03692392
4.62160671 1.50036432 0.04640945
5.00000000 1.45245367 0.04887262
-5.00000000 1.67292540 0.04667219
-4.57561244 1.63952761 0.04264048
-4.29877183 1.67121560 0.03319196
-3.86862683 1.61244350 0.01567703
-3.72195440 1.65633011 0.00584361
-3.43655236 1.64966795 -0.01056389
-3.16533414 1.70357533 -0.02367428
-3.02049509 1.68741283 -0.02697048
-2.80393775 1.63769967 -0.02366448
-2.68545814 1.72595300 -0.01942536
-2.48811866 1.64570911 0.00266641
-2.29792315 1.60298686 0.03644501
-2.13828687 1.67944976 0.05716391
-1.87547804 1.67824552 0.11860631
-1.64486692 1.65023150 0.19247396
-1.50856025 1.65259559 0.23575065
-1.37225471 1.67755912 0.27299326
-1.23520620 1.64108369 0.33572659
-1.04087839 1.63475177 0.40605491
-0.94172259 1.59799569 0.45438126
-0.68547065 1.67755104 0.48352502
-0.55315855 1.62460556 0.53401465
-0.43456584 1.59945023 0.56347457
-0.19768003 1.67877525 0.54324567
-0.02628450 1.63297192 0.56872999
0.02621351 1.67159553 0.54794857
0.25925658 1.60788275 0.56399087
0.39033974 1.71543432 0.49446702
0.55172789 1.61059166 0.51936420
0.66523888 1.66314252 0.47130322
0.78207340 1.67813448 0.43758300
0.96183273 1.66682832 0.39621013
1.16904114 1.65115464 0.34262698
1.23531722 1.67020087 0.31466483
1.46103861 1.69494381 0.23528109
1.59219367 1.66913297 0.20253083
1.83431197 1.69773573 0.12004986
1.98412057 1.66297300 0.08368480
2.10468803 1.63289233 0.05456379
2.30232670 1.72832063 -0.00040314
2.43462300 1.62544479 -0.01584344
2.63909693 1.70733072 -0.03633083
2.87630815 1.69335088 -0.04060043
3.16011931 1.63134704 -0.03333725
3.35593436 1.67423013 -0.02323559
3.72551254 1.72744502 -0.00214986
4.12518736 1.73098440 0.01947190
4.39849537 1.69565010 0.03289656
4.75610638 1.64251249 0.04509723
5.00000000 1.67292540 0.04667219
-5.00000000 1.87949091 0.03998052
-4.70970681 1.80585891 0.03838565
-4.29034974 1.85913034 0.02410279
-3.93593664 1.83339053 0.01096689
-3.65626432 1.85389748 -0.00283928
-3.46981642 1.81065489 -0.01116921
-3.13756364 1.85910468 -0.02423438
-3.01800028 1.85416512 -0.02659669
-2.77913406 1.87384485 -0.02494597
-2.65810692 1.91295199 -0.02067259
-2.47813276 1.86572279 -0.00812350
-2.32785260 1.90327830 0.00425900
-2.08478509 1.86167104 0.04084941
-1.92068353 1.84051385 0.07410945
-1.74839516 1.85538164 0.10813795
-1.54707679 1.86368441 0.15585367
-1.34290872 1.88710798 0.20558758
-1.19144256 1.82230700 0.27684910
-1.10417139 1.84444870 0.29504476
-0.99115510 1.80886377 0.34441811
-0.72258225 1.91204412 0.36201684
-0.58209962 1.87830975 0.40293361
-0.39483710 1.86001222 0.43567494
-0.25860311 1.89886319 0.42565678
-0.08205940 1.86811223 0.44685280
0.02979671 1.85978290 0.44977875
0.15840738 1.85221623 0.44766919
0.43117447 1.87297317 0.40939799
0.57688987 1.82001777 0.41289768
0.64693618 1.89519900 0.36378957
0.89365508 1.85945455 0.32820199
0.98013440 1.82871054 0.32057698
1.12944236 1.83718490 0.27829604
1.31683144 1.82152657 0.23308590
1.40200755 1.89767159 0.18376576
1.67843358 1.90351327 0.11183612
1.74286851 1.87731374 0.10236087
1.89856952 1.89124170 0.06307591
2.07882779 1.90622838 0.02437865
2.20640001 1.82349764 0.00942851
2.51640647 1.82393701 -0.02891673
2.61656248 1.88898463 -0.03340167
2.88615398 1.81945552 -0.03797982
3.07587905 1.85930746 -0.03287431
3.39893952 1.88595996 -0.01988360
3.70021178 1.90324382 -0.00592633
3.95419211 1.88139368 0.00642360
4.38782808 1.82272652 0.02711522
4.69424470 1.90663384 0.03274636
5.00000000 1.87949091 0.03998052
-5.00000000 1.98266123 0.03562103
-4.60815193 1.98024722 0.02740180
-4.30663230 2.03574974 0.01604964
-3.87071642 1.97567121 0.00328125
-3.76275460 2.01641042 -0.00199275
-3.29457181 1.95091720 -0.01885460
-3.10078402 1.97917043 -0.02370057
-2.97574140 1.95308480 -0.02575696
-2.81340246 1.96068705 -0.02503195
-2.66354898 1.98598608 -0.02107355
-2.43731062 2.02957420 -0.01057578
-2.32593130 2.01480752 -0.00203890
-2.05727638 2.01129824 0.02603601
-1.90600179 2.02652413 0.04471619
-1.71382921 1.95413994 0.09260524
-1.52789813 1.96344887 0.13157682
-1.37129185 1.98319348 0.16494471
-1.22418189 1.95592794 0.21511629
-1.06013995 2.02635547 0.23286083
-0.94556860 2.04400133 0.25402841
-0.80552611 1.95688606 0.32405279
-0.53821481 2.01061834 0.34315776
-0.49956674 1.95138350 0.37749074
-0.26551023 1.96378842 0.39141399
-0.09253321 2.02438157 0.36494589
0.08936101 2.03161975 0.35801544
0.15419936 1.99978423 0.37120540
0.40653687 1.99574928 0.35105905
0.53985587 2.02676243 0.31849676
0.62464916 1.97230354 0.33106634
0.78270786 2.03308865 0.27490606
1.01879067 2.02658582 0.22943191
1.15525477 2.04554648 0.19231765
1.25730260 1.99129870 0.18814176
1.40601747 1.99138083 0.15293189
1.66489637 1.96945908 0.09896382
1.81821171 1.98753672 0.06240919
1.98144511 2.01666493 0.02803522
2.13289726 2.00366242 0.00666412
2.24500710 2.02946101 -0.00799972
2.53807739 1.99072201 -0.02839708
2.63276871 2.03338939 -0.03003557
2.93925877 1.96031007 -0.03289151
3.18241047 1.95612669 -0.02702784
3.42996216 1.97416687 -0.01773183
3.59442891 2.00656276 -0.01111811
3.95425723 2.04399274 0.00215718
4.28352655 2.02763637 0.01440753
4.64067155 1.97196040 0.02811962
5.00000000 1.98266123 0.03562103
-5.00000000 2.16523737 0.02721429
-4.53194311 2.15862206 0.01629267
-4.16114764 2.17793168 0.00549852
-3.87616839 2.19466718 -0.00278736
-3.77757793 2.23168763 -0.00608839
-3.47401539 2.19660908 -0.01292311
-3.18402609 2.11414297 -0.01992934
-2.98379464 2.13861708 -0.02201250
-2.82903743 2.15317340 -0.02183557
-2.61529559 2.15392979 -0.01894409
-2.49372708 2.22929343 -0.01584374
-2.28329044 2.11525468 -0.00384859
-2.07888379 2.12377365 0.01189535
-1.93485060 2.18604657 0.01921452
-1.72108235 2.17851306 0.04558222
-1.46343586 2.16599660 0.09053195
-1.33103110 2.20209104 0.10728549
-1.16900618 2.14762958 0.16059591
-1.04875994 2.14279304 0.19043898
-0.92688389 2.21898105 0.18736962
-0.73035751 2.21981345 0.22038004
-0.59501266 2.12450468 0.28126235
-0.49150605 2.26140636 0.23027296
-0.31883169 2.10757928 0.31527206
-0.08556772 2.09959001 0.32659208
0.06297196 2.19866664 0.27593004
0.17396578 2.11492233 0.31197628
0.41383998 2.18983149 0.25753009
0.58504086 2.14893663 0.25579813
0.70153521 2.09957842 0.26005644
0.85287323 2.21212139 0.18868009
0.94793628 2.17153790 0.18762835
1.15626357 2.25397204 0.12245619
1.22487742 2.10959608 0.15534644
1.39776196 2.22607271 0.08832604
1.56010683 2.18643469 0.06968549
1.79586285 2.14760829 0.03853972
1.98146244 2.21451919 0.00640863
2.15119782 2.23750127 -0.00874867
2.26547556 2.23623192 -0.01465901
2.39332790 2.25293011 -0.01887699
2.70782192 2.23741560 -0.02299449
2.85852371 2.17906464 -0.02510454
3.17197506 2.13303696 -0.02230117
3.36691775 2.16733578 -0.01692379
3.63858631 2.11624562 -0.00971321
4.10366335 2.17701508 0.00330119
4.32205442 2.24544219 0.00677257
4.78022141 2.16012701 0.02231260
5.00000000 2.16523737 0.02721429
-5.00000000 2.42676988 0.01590362
-4.70433574 2.44269276 0.00791994
-4.22250590 2.41229044 -0.00137895
-3.97121144 2.43171322 -0.00626255
-3.70820291 2.41664948 -0.00974683
-3.49326843 2.45181087 -0.01196812
-3.18083312 2.45562284 -0.01359385
-2.97874953 2.47169770 -0.01378670
-2.84837933 2.35867501 -0.01688703
-2.66929074 2.43337520 -0.01547467
-2.42047556 2.45273030 -0.01525855
-2.21902828 2.41261871 -0.01253103
-2.15409767 2.43818447 -0.01205941
-1.92965417 2.40521797 -0.00240631
-1.73971567 2.36783370 0.01419274
-1.47173168 2.40822440 0.03548773
-1.40001949 2.36966981 0.05301149
-1.24151825 2.33910365 0.08679393
-1.06230504 2.43979683 0.09022186
-0.87450248 2.40270342 0.13044851
-0.69667805 2.33719425 0.17750857
-0.56586705 2.44539985 0.15028338
-0.47811612 2.49866009 0.13790041
-0.28606054 2.42510279 0.17433293
-0.01240937 2.36997454 0.20026741
0.01972771 2.35063007 0.20801548
0.19957025 2.42130613 0.17373677
0.43307689 2.37333002 0.17788903
0.51124723 2.42357812 0.15236200
0.71348383 2.38236549 0.14589885
0.85752306 2.41418775 0.11749592
0.99889680 2.38029805 0.10882594
1.10910372 2.33680037 0.10541598
1.30726724 2.40550937 0.05919192
1.40439451 2.37198446 0.05333101
1.66981148 2.41709340 0.01400431
1.81959994 2.42650266 -0.00007651
1.94046174 2.34357391 -0.00142312
2.04771563 2.49277527 -0.01498812
2.21686893 2.47667472 -0.01609825
2.48009870 2.46339113 -0.01511552
2.65214916 2.42228610 -0.01574338
2.90023222 2.43852618 -0.01433404
3.09721746 2.44852217 -0.01316953
3.44977701 2.48713701 -0.01048552
3.64825243 2.45831857 -0.00922663
4.09834650 2.46688894 -0.00396077
4.32456569 2.48450551 -0.00081038
4.76976577 2.38826390 0.01167328
5.00000000 2.42676988 0.01590362
-5.00000000 2.62762644 0.00979391
-4.62766902 2.56777764 0.00221943
-4.37056884 2.64461205 -0.00427157
-3.99240050 2.66456290 -0.00913469
-3.63609376 2.65921254 -0.01080731
-3.28185795 2.62562927 -0.01087038
-3.18681380 2.59307157 -0.01120458
-3.00782469 2.63661680 -0.01034386
-2.80312109 2.59129299 -0.01175089
-2.62782404 2.58949892 -0.01316348
-2.52348051 2.68231944 -0.01342534
-2.21999703 2.65242036 -0.01732093
-2.15198940 2.62918715 -0.01738203
-1.83632268 2.64165188 -0.01563676
-1.76269220 2.57686193 -0.00916837
-1.47527534 2.57333923 0.00873103
-1.31707710 2.59127734 0.02188424
-1.18395271 2.62606902 0.03158441
-1.10500937 2.56740985 0.05280442
-0.89068816 2.59906229 0.07231651
-0.80880385 2.59579502 0.08175612
-0.62127852 2.63939163 0.08641119
-0.50061839 2.65362978 0.09005170
-0.31540845 2.66007171 0.09583601
-0.06485447 2.56475081 0.12768080
0.08118985 2.61742049 0.10993238
0.20969009 2.57964670 0.11786472
0.39253392 2.62510137 0.09648713
0.53143153 2.58956444 0.09760446
0.67116292 2.56356706 0.09354864
0.79661113 2.58753635 0.07571755
0.97024605 2.66987333 0.04210083
1.11133738 2.67210621 0.02909518
1.22796826 2.63820717 0.02384309
1.37593091 2.58217395 0.01863917
1.66676183 2.64207005 -0.00981539
1.82307509 2.67193807 -0.01805829
1.94729986 2.59105686 -0.01718704
2.11877412 2.63129522 -0.01850067
2.26967474 2.61358839 -0.01577677
2.50900810 2.66200268 -0.01031756
2.61376897 2.62354346 -0.00979228
2.86816003 2.67768766 -0.00727408
3.05663467 2.62285307 -0.00850556
3.31692191 2.62225468 -0.00874254
3.56089439 2.59867620 -0.00889148
4.07951017 2.59617915 -0.00601896
4.28414175 2.62943283 -0.00419476
4.65615083 2.55498494 0.00347551
5.00000000 2.62762644 0.00979391
-5.00000000 2.79990780 0.00753552
-4.75364517 2.75673778 0.00176655
-4.32372336 2.75057990 -0.00601322
-3.99755801 2.82351035 -0.00924168
-3.61594123 2.83522264 -0.00997129
-3.38639053 2.76082969 -0.00982474
-3.16250507 2.79373471 -0.00861800
-3.00995269 2.75356530 -0.00866563
-2.77363233 2.82898248 -0.00891871
-2.67294335 2.77164350 -0.01052052
-2.48107034 2.81068214 -0.01345865
-2.32773627 2.79692480 -0.01644738
-2.11838329 2.80756596 -0.02013079
-1.91628909 2.82224389 -0.02227989
-1.68047232 2.78979174 -0.01958014
-1.54318283 2.75108673 -0.01307938
-1.37635459 2.80402438 -0.00725490
-1.20697358 2.83048654 0.00376788
-1.04476885 2.80003468 0.02116925
-0.95435672 2.76502141 0.03407815
-0.73168451 2.77705608 0.05013727
-0.55952283 2.74542964 0.06615313
-0.42971545 2.81079098 0.05977597
-0.28234309 2.77574280 0.07017195
-0.04855348 2.76723923 0.07402079
0.08490722 2.82864340 0.06167510
0.19547947 2.81873085 0.06125303
0.37566629 2.75795402 0.06634226
0.50720343 2.82610425 0.04879228
0.70631849 2.75475118 0.04833909
0.79898053 2.77213441 0.03905240
1.04017573 2.75428716 0.02324126
1.08409950 2.79362414 0.01530260
1.23445741 2.77673787 0.00615192
1.49595417 2.74472758 -0.00817035
1.62651356 2.75435730 -0.01535138
1.76197016 2.76708430 -0.02050643
1.88270245 2.82510004 -0.02355038
2.09902377 2.75550382 -0.02019251
2.26868572 2.73932387 -0.01541969
2.40300796 2.78435816 -0.01122712
2.61910925 2.82358675 -0.00659801
2.83427566 2.76427356 -0.00582652
3.16175279 2.77189266 -0.00621508
3.26085864 2.78222116 -0.00647852
3.75708225 2.81712562 -0.00753863
4.12381884 2.81674619 -0.00649440
4.35467870 2.83585318 -0.00446271
4.67810273 2.78953124 0.00031570
5.00000000 2.79990780 0.00753552
-5.00000000 2.90934011 0.00758731
-4.74568864 2.93583215 0.00182213
-4.15795251 2.94162638 -0.00711357
-3.93850015 2.95495518 -0.00850481
-3.64965245 2.93767543 -0.00921948
-3.27809504 2.97852276 -0.00787991
-3.21066381 2.97405801 -0.00766530
-2.95897667 2.89857452 -0.00756463
-2.79201798 2.96876636 -0.00823441
-2.67333585 2.94801447 -0.00968683
-2.49469826 2.96232924 -0.01276368
-2.27410912 2.89940496 -0.01748838
-2.10793178 2.97166377 -0.02054056
-1.99934811 2.88786509 -0.02222665
-1.69508655 2.98067301 -0.02320122
-1.48507023 2.92730705 -0.01809301
-1.38558356 2.90784712 -0.01302097
-1.21059848 2.88698596 -0.00042003
-1.04884315 2.94531835 0.00866935
-0.92727427 2.96253882 0.01646223
-0.70888035 2.93100857 0.03210856
-0.55559256 2.92099510 0.04018141
-0.49919549 2.95330239 0.03905185
-0.21163239 2.95308241 0.04542653
-0.06182216 2.90557836 0.05158207
0.06652374 2.89464206 0.05221325
0.21638404 2.87384376 0.05240211
0.34349520 2.94299260 0.04084552
0.53036287 2.97132868 0.03164568
0.67210457 2.90578435 0.03064839
0.79002394 2.94509009 0.02086218
0.96547839 2.94145584 0.01095561
1.11142300 2.87660531 0.00617275
1.28619628 2.90379412 -0.00579849
1.41165281 2.91623667 -0.01264885
1.59546595 2.96412500 -0.02045102
1.77969028 2.91706451 -0.02387355
1.90244673 2.92237027 -0.02426900
2.13993032 2.90662462 -0.01940215
2.25952870 2.87417092 -0.01543225
2.45889353 2.93884444 -0.00920330
2.62156047 2.92115915 -0.00619449
2.91853263 2.94227261 -0.00459361
3.06005124 2.98621356 -0.00472913
3.44767693 2.88608280 -0.00641633
3.70646208 2.96051930 -0.00650455
3.92134505 2.97719094 -0.00615710
4.36520343 2.96667698 -0.00336372
4.78216841 2.97008237 0.00308795
5.00000000 2.90934011 0.00758731
-5.00000000 3.14198694 0.01017464
-4.71656619 3.18348425 0.00508997
-4.14138562 3.11486956 -0.00462546
-3.86839453 3.14168462 -0.00621180
-3.77293687 3.16834230 -0.00626388
-3.28747155 3.16107731 -0.00712415
-3.08894862 3.10060337 -0.00716869
-2.94490272 3.07293100 -0.00735714
-2.87689760 3.06863712 -0.00764490
-2.69178863 3.11799712 -0.00947331
-2.48889698 3.12541888 -0.01257034
-2.28742404 3.12875506 -0.01614555
-2.15102638 3.15859650 -0.01808016
-1.97547067 3.11896688 -0.02094483
-1.67194669 3.08260240 -0.02207210
-1.48750594 3.19093347 -0.01611911
-1.34672167 3.10354098 -0.01294383
-1.19453318 3.07762566 -0.00488518
-1.09355078 3.18850456 0.00166332
-0.92890367 3.10428061 0.01112252
-0.77051620 3.14270307 0.01859968
-0.61562075 3.18196952 0.02404286
-0.46206536 3.16674008 0.02861217
-0.27937935 3.09247261 0.03446879
-0.01995098 3.14123396 0.03381850
0.08392754 3.07898043 0.03576065
0.14463691 3.11215680 0.03354786
0.41915676 3.07753732 0.02913294
0.54929840 3.16872154 0.02247382
0.70347253 3.11065538 0.01760459
0.86440568 3.11386813 0.01032028
1.00864746 3.18642654 0.00377043
1.09367930 3.10485911 -0.00049873
1.30345399 3.17581685 -0.00880355
1.47783132 3.19876553 -0.01421491
1.55320452 3.07320769 -0.01898044
1.83022891 3.14472766 -0.02192930
1.89137715 3.13310148 -0.02215502
2.06458966 3.09964169 -0.02031519
2.22317825 3.11494447 -0.01593513
2.41331542 3.18555926 -0.01104165
2.70770614 3.09415258 -0.00601676
2.92195023 3.15015534 -0.00546330
3.05876939 3.06240046 -0.00485792
3.40977097 3.16675133 -0.00514941
3.55749559 3.05754100 -0.00566866
4.06740231 3.05642581 -0.00460489
4.33600012 3.12269979 -0.00129870
4.81169614 3.09452701 0.00539538
5.00000000 3.14198694 0.01017464
-5.00000000 3.30756058 0.01299242
-4.53934198 3.36638431 0.00629681
-4.18506395 3.28639784 -0.00050194
-3.95024646 3.33254663 -0.00199305
-3.77711651 3.29757787 -0.00414662
-3.35039240 3.25954988 -0.00661020
-3.11208402 3.34852056 -0.00731601
-2.96894721 3.27500006 -0.00779837
-2.81641399 3.35087291 -0.00907396
-2.63822516 3.37420951 -0.01064232
-2.46628151 3.27658136 -0.01253960
-2.23612624 3.25956825 -0.01558195
-2.10016888 3.35336994 -0.01505068
-1.95898450 3.31840858 -0.01639013
-1.65790314 3.31131125 -0.01499236
-1.46513005 3.24963588 -0.01346852
-1.31766436 3.35380373 -0.00379586
-1.19483766 3.32393262 0.00029734
-1.06703291 3.29740805 0.00560348
-0.91480884 3.36108727 0.01478690
-0.70533625 3.36185048 0.02264242
-0.59474386 3.26509609 0.02448052
-0.41444589 3.35283046 0.02955208
-0.20073250 3.37595601 0.03238297
-0.04888007 3.24848714 0.03192929
0.08860824 3.30510514 0.03132743
0.23567878 3.26772316 0.02947199
0.44626320 3.31577135 0.02564542
0.57677349 3.33828147 0.02257107
0.70139424 3.29221234 0.01768344
0.80877742 3.25097254 0.01300818
1.00443163 3.32308086 0.00710007
1.13581341 3.25524459 -0.00018538
1.24885447 3.38031429 0.00028816
1.42920314 3.33733848 -0.00763068
1.67862038 3.35873648 -0.01303497
1.83688342 3.30375515 -0.01735193
1.98380310 3.28825495 -0.01797469
2.04874407 3.33267290 -0.01647936
2.22353781 3.26142191 -0.01505918
2.42931368 3.37965744 -0.01180363
2.63157460 3.31492380 -0.00904044
2.84786300 3.27966597 -0.00705604
3.13995733 3.30779084 -0.00601230
3.32038366 3.30844583 -0.00525380
3.62170013 3.36006683 -0.00332411
4.05791772 3.33447137 0.00000242
4.27537464 3.28887476 0.00137099
4.59918294 3.37404810 0.00757829
5.00000000 3.30756058 0.01299242
-5.00000000 3.52347233 0.01658772
-4.67993667 3.45151667 0.01045540
-4.26035540 3.45854780 0.00463971
-3.90909605 3.50254258 0.00113635
-3.68979161 3.58264926 -0.00021768
-3.42490694 3.44842584 -0.00492134
-3.12304803 3.48074987 -0.00734768
-2.99626897 3.50571039 -0.00840750
-2.86450998 3.44954459 -0.00916529
-2.68721234 3.48300922 -0.01048433
-2.52594068 3.48204544 -0.01138030
-2.27391954 3.46905705 -0.01231898
-2.09628705 3.51172392 -0.01109686
-1.87069575 3.48019400 -0.01036846
-1.64547685 3.56218245 -0.00260954
-1.51048227 3.50163190 -0.00246254
-1.30774866 3.46756783 0.00241939
-1.23022264 3.58412120 0.01201703
-1.08286034 3.56798830 0.01692153
-0.87081611 3.44509456 0.01954751
-0.80393100 3.46733555 0.02276721
-0.57924190 3.47072271 0.02918323
-0.38922344 3.54439029 0.03495546
-0.28647890 3.58456946 0.03738671
-0.08522572 3.51405797 0.03607357
0.09468646 3.54369052 0.03643280
0.25025614 3.54605373 0.03504704
0.34563258 3.55531408 0.03403330
0.51580059 3.57570521 0.03166719
0.63043582 3.56539026 0.02863032
0.83321123 3.55840549 0.02273469
1.01357985 3.44519822 0.01161572
1.16761769 3.55303376 0.01175033
1.26438777 3.48132144 0.00471574
1.45577442 3.50030675 -0.00039292
1.66569170 3.50794425 -0.00576689
1.78904246 3.44599519 -0.01123467
1.88802429 3.55887651 -0.00823121
2.04217464 3.49604889 -0.01240171
2.29502684 3.50065709 -0.01286395
2.44340217 3.54998366 -0.01261578
2.69018283 3.53946056 -0.01139684
2.85075495 3.49674199 -0.00968258
3.13291925 3.44470262 -0.00691442
3.40345661 3.52092799 -0.00449876
3.81342594 3.52879791 0.00051694
3.92325008 3.47109131 0.00098193
4.29454384 3.52123960 0.00670813
4.61270064 3.53263962 0.01132745
5.00000000 3.52347233 0.01658772
-5.00000000 3.72773456 0.01902486
-4.62289099 3.81708002 0.01698578
-4.18122875 3.69475923 0.00920407
-3.89135672 3.81035756 0.00714913
-3.77032961 3.71435481 0.00329166
-3.35126548 3.76385130 -0.00333175
-3.09372195 3.68933386 -0.00759801
-2.98519602 3.67976458 -0.00883002
-2.86384287 3.79850625 -0.00995073
-2.66111668 3.76672017 -0.01052126
-2.51796479 3.73766256 -0.01012764
-2.26615839 3.80906666 -0.00615350
-2.16888764 3.81700123 -0.00400040
-1.98450234 3.81680127 0.00058167
-1.67206791 3.71001017 0.00457753
-1.47055066 3.71708981 0.01129165
-1.35738097 3.81963847 0.02116521
-1.23223522 3.65610192 0.01609837
-1.04374587 3.78936229 0.02990448
-0.87666012 3.72164573 0.03165127
-0.74805828 3.80699820 0.03847266
-0.62633764 3.76048210 0.03908723
-0.45006962 3.77673937 0.04234086
-0.19240236 3.70369788 0.04199286
-0.10366847 3.80428522 0.04542290
0.09400287 3.76497821 0.04380333
0.14178500 3.67622385 0.04054838
0.44869723 3.69288726 0.03747176
0.52055490 3.68127488 0.03574607
0.72984815 3.76097896 0.03470509
0.80273315 3.73152740 0.03167074
0.97965650 3.72964074 0.02689938
1.14099224 3.65749318 0.01828340
1.23822682 3.74660459 0.02017041
1.43384568 3.65608339 0.00892162
1.59726782 3.71801832 0.00722022
1.81612183 3.69380782 -0.00065323
1.95434952 3.73142843 -0.00307630
2.13477606 3.77121205 -0.00713656
2.21293796 3.75670436 -0.00942758
2.41916806 3.76460572 -0.01299814
2.70323133 3.69656926 -0.01303826
2.94408466 3.69084333 -0.01077763
3.12024377 3.71244527 -0.00854584
3.37112665 3.71034808 -0.00453711
3.69016053 3.81664653 0.00207019
4.05342740 3.77501273 0.00807682
4.43216905 3.74039594 0.01312323
4.65427030 3.76216457 0.01620785
5.00000000 3.72773456 0.01902486
-5.00000000 3.99478080 0.01989840
-4.60100657 3.98364483 0.01900475
-4.34739480 3.94770231 0.01639758
-3.91848946 3.97188985 0.01062693
-3.71144202 4.04908854 0.00779698
-3.37491849 3.98735135 -0.00072839
-3.19220791 3.97182068 -0.00482988
-2.95397519 4.01931116 -0.00853266
-2.82567841 4.00425204 -0.00964308
-2.59903547 3.91105058 -0.00953270
-2.50430664 4.06801580 -0.00669462
-2.24169308 4.02420895 -0.00089863
-2.07440727 4.07306829 0.00617243
-1.85204506 3.95451057 0.01033543
-1.71768654 3.94947761 0.01516952
-1.48108058 4.00148942 0.02669458
-1.33010639 4.06264340 0.03471326
-1.15440249 4.01767721 0.03752864
-1.08544818 3.93330569 0.03559619
-0.90784453 3.90926094 0.03896987
-0.78400422 3.96313689 0.04337514
-0.55422360 3.98933791 0.04735699
-0.39272469 3.93524568 0.04762083
-0.26238553 3.97601765 0.04932591
-0.03387766 4.04179612 0.05079825
0.05885227 4.02200011 0.05035626
0.23735766 4.05008208 0.05002934
0.33249899 4.01336259 0.04874776
0.56411704 3.98701552 0.04572611
0.68648593 3.93795814 0.04244757
0.83173413 3.91401183 0.03889910
1.01986683 3.96435003 0.03690563
1.10784591 4.05466704 0.03857341
1.26750506 3.90032360 0.02745579
1.46571045 4.05782213 0.02898975
1.56133313 3.95104687 0.02063754
1.80402146 3.97664044 0.01257401
1.95929968 3.94104060 0.00449839
2.08733373 3.94710750 -0.00099520
2.20313429 4.04727122 -0.00395534
2.43021807 3.99353320 -0.01258531
2.71620054 3.96217084 -0.01469505
2.89050088 4.02871661 -0.01313432
3.06117521 3.99894526 -0.01020328
3.37199064 4.00030601 -0.00337807
3.79260309 4.00911232 0.00640997
4.12169443 4.05020912 0.01336672
4.26508705 3.97064180 0.01456302
4.73860105 4.01410975 0.01958512
5.00000000 3.99478080 0.01989840
-5.00000000 4.22993567 0.01808659
-4.63749831 4.24671063 0.02042756
-4.18153825 4.23891869 0.01856836
-3.92302798 4.30408491 0.01579805
-3.66334376 4.26103401 0.00986784
-3.33895564 4.35478389 0.00280873
-3.10631801 4.34358036 -0.00310899
-2.98771525 4.33566020 -0.00539654
-2.76675148 4.20944883 -0.00819645
-2.59401840 4.23874321 -0.00611436
-2.45287249 4.21597026 -0.00332976
-2.34953596 4.16231585 -0.00131186
-2.14293897 4.33729564 0.01077343
-1.85560930 4.19578127 0.01970070
-1.63804694 4.26423855 0.03209324
-1.50656452 4.15971659 0.03315178
-1.35142002 4.25964474 0.04197949
-1.23881773 4.16509360 0.04135381
-1.09439756 4.35857206 0.04834400
-0.90241105 4.29106334 0.04869273
-0.74522374 4.24545010 0.04935241
-0.57406192 4.24327742 0.05031870
-0.48511248 4.20509372 0.05071852
-0.23488780 4.32096384 0.05056124
-0.04453796 4.25634802 0.05141430
0.08634045 4.14521377 0.05151626
0.14363755 4.34353796 0.05015701
0.34788128 4.21449020 0.05075949
0.54129022 4.16781627 0.04937292
0.70645972 4.18989077 0.04829666
0.79328728 4.25950392 0.04843220
1.00954489 4.21758618 0.04544478
1.09959841 4.30122013 0.04600241
1.24395679 4.21568536 0.04127238
1.44811139 4.28230252 0.03837078
1.59627457 4.34514541 0.03570127
1.79173239 4.34966692 0.02764701
1.96912999 4.23795123 0.01426743
2.08526890 4.36565727 0.01061024
2.22304909 4.31249725 0.00037991
2.46749075 4.30046601 -0.01107012
2.67992333 4.15562420 -0.01479980
2.90387478 4.22599702 -0.01254337
3.07621124 4.23852894 -0.00912161
3.38673739 4.16657960 -0.00190388
3.68077183 4.26350535 0.00655096
4.08976236 4.23816394 0.01487173
4.33119677 4.38050467 0.01869086
4.60493772 4.21672774 0.01977809
5.00000000 4.22993567 0.01808659
-5.00000000 4.65358399 0.00843801
-4.60120662 4.53059020 0.01914919
-4.12070541 4.72849647 0.02077466
-3.94755688 4.71426676 0.01989931
-3.68966247 4.51212883 0.01389691
-3.44312585 4.51453168 0.00790264
-3.15780429 4.64428052 0.00259341
-2.98657117 4.55184966 -0.00234986
-2.83920525 4.72200158 -0.00042385
-2.62028356 4.54955053 -0.00157849
-2.42745032 4.57879703 0.00452871
-2.27834563 4.71833608 0.01389307
-2.08537263 4.76437546 0.02434222
-1.95425418 4.76474768 0.03094736
-1.64674715 4.58747309 0.04133400
-1.51723542 4.55180608 0.04516818
-1.35814502 4.66498658 0.04960270
-1.24899729 4.53391521 0.04939658
-1.09996744 4.49910234 0.04930840
-0.95373659 4.74714157 0.04318713
-0.76128970 4.63071266 0.04390323
-0.59311680 4.67370273 0.04018365
-0.50220679 4.73782326 0.03571965
-0.30448304 4.50992584 0.04567214
-0.10952170 4.68705002 0.03663876
0.03042575 4.55444362 0.04366979
0.14808473 4.73833145 0.03391456
0.37441024 4.67933247 0.03901679
0.55180538 4.60810667 0.04374057
0.69284523 4.61408182 0.04483925
0.86375057 4.56497529 0.04742086
0.96574038 4.70307020 0.04546535
1.13110880 4.70668919 0.04701901
1.24318872 4.54076990 0.04755859
1.49584894 4.60634097 0.04477078
1.62347512 4.76089644 0.04385591
1.80107396 4.50000640 0.03180619
1.92401927 4.50436295 0.02519822
2.08553370 4.74037096 0.02033575
2.29482621 4.62452721 0.00271553
2.50116088 4.76215944 -0.00404429
2.75068066 4.49956008 -0.01175208
2.84659571 4.52108968 -0.01062402
3.04844953 4.66848312 -0.00480013
3.37781496 4.67904639 0.00341888
3.61537556 4.63440040 0.00872387
4.04981589 4.69203959 0.01659079
4.46565063 4.67765269 0.01750617
4.66686591 4.61043805 0.01651393
5.00000000 4.65358399 0.00843801
-5.00000000 5.00000000 -0.00529405
-4.64303656 5.00000000 0.00894374
-4.23466130 5.00000000 0.01861757
-3.92178682 5.00000000 0.02076907
-3.75366012 5.00000000 0.02001763
-3.35481495 5.00000000 0.01386614
-3.13667059 5.00000000 0.00941859
-2.98933516 5.00000000 0.00708237
-2.82702206 5.00000000 0.00618873
-2.63960073 5.00000000 0.00843161
-2.47608931 5.00000000 0.01295680
-2.28192349 5.00000000 0.02051444
-2.10646297 5.00000000 0.02841450
-1.94021503 5.00000000 0.03587255
-1.65816844 5.00000000 0.04561785
-1.49054332 5.00000000 0.04780410
-1.37164985 5.00000000 0.04687988
-1.18925015 5.00000000 0.04151376
-1.07711787 5.00000000 0.03674420
-0.94727566 5.00000000 0.03081208
-0.73869818 5.00000000 0.02251677
-0.57328415 5.00000000 0.01759405
-0.46780770 5.00000000 0.01520901
-0.25407391 5.00000000 0.01213545
-0.03842282 5.00000000 0.01135032
0.04346005 5.00000000 0.01164117
0.19249128 5.00000000 0.01297433
0.40729444 5.00000000 0.01665116
0.55683180 5.00000000 0.02037393
0.65766736 5.00000000 0.02338914
0.85360051 5.00000000 0.02996514
0.99798775 5.00000000 0.03486600
1.12384649 5.00000000 0.03877394
1.25718450 5.00000000 0.04219499
1.43971953 5.00000000 0.04505331
1.61582879 5.00000000 0.04507025
1.80024068 5.00000000 0.04137486
1.90816020 5.00000000 0.03712677
2.11924092 5.00000000 0.02422764
2.22695742 5.00000000 0.01672685
2.47085332 5.00000000 0.00335275
2.69081513 5.00000000 -0.00094680
2.91337567 5.00000000 0.00013448
3.12266123 5.00000000 0.00350597
3.31964265 5.00000000 0.00736856
3.68970645 5.00000000 0.01366817
4.03944863 5.00000000 0.01610184
4.30911628 5.00000000 0.01461636
4.76730221 5.00000000 0.00415159
5.00000000 5.00000000 -0.00529405
