-5.00000000 -5.00000000 -0.00529405
-4.25309724 -5.00000000 0.01834516
-3.79628864 -5.00000000 0.02032933
-3.39280537 -5.00000000 0.01463516
-3.18839555 -5.00000000 0.01042693
-2.79882737 -5.00000000 0.00629341
-2.39576383 -5.00000000 0.01585496
-2.03652657 -5.00000000 0.03161143
-1.86326796 -5.00000000 0.03904137
-1.56592599 -5.00000000 0.04726580
-1.15852189 -5.00000000 0.04027944
-0.85787355 -5.00000000 0.02697223
-0.60687038 -5.00000000 0.01847605
-0.45118130 -5.00000000 0.01488593
-0.13342435 -5.00000000 0.01141559
0.07987509 -5.00000000 0.01187207
0.34085010 -5.00000000 0.01529861
0.57016028 -5.00000000 0.02075020
0.84611349 -5.00000000 0.02970682
1.06922961 -5.00000000 0.03714084
1.43189783 -5.00000000 0.04498423
1.67126117 -5.00000000 0.04439568
1.98735563 -5.00000000 0.03291548
2.27442326 -5.00000000 0.01358778
2.45998841 -5.00000000 0.00376881
3.05793262 -5.00000000 0.00232745
3.50887730 -5.00000000 0.01091349
3.87212711 -5.00000000 0.01548771
4.32907927 -5.00000000 0.01437521
5.00000000 -5.00000000 -0.00529405
-5.00000000 -4.46022959 0.01361381
-4.30453925 -4.58581926 0.02069942
-3.72659269 -4.32419721 0.01211618
-3.43928799 -4.33983780 0.00532174
-3.13841940 -4.31247099 -0.00263354
-2.80448647 -4.61447991 -0.00245524
-2.27660487 -4.62868421 0.01183306
-2.10471382 -4.25415761 0.00999254
-1.79043654 -4.51523893 0.03291516
-1.62862327 -4.56056072 0.04120462
-1.21940474 -4.56717149 0.04923419
-0.77105650 -4.38279371 0.04807166
-0.55730057 -4.55755085 0.04423307
-0.34741812 -4.41196416 0.04762665
-0.22189907 -4.30527450 0.04918351
0.02285256 -4.37370893 0.04833677
0.31542078 -4.64736954 0.03986897
0.59206101 -4.32310565 0.04824413
0.89940461 -4.56541925 0.04715602
1.03859446 -4.26726559 0.04474841
1.43831031 -4.45656957 0.04286382
1.60796146 -4.27177921 0.03197773
2.08615978 -4.41256254 0.01172015
2.28862053 -4.38985236 -0.00181400
2.52828461 -4.32252127 -0.01207861
3.04416486 -4.52358833 -0.00697039
3.43387343 -4.42323123 0.00181914
3.84179991 -4.29086892 0.01048012
4.47042086 -4.44178433 0.01903523
5.00000000 -4.46022959 0.01361381
-5.00000000 -3.89055507 0.01885321
-4.11712046 -3.74594113 0.00838445
-3.87234038 -3.81140788 0.00624820
-3.33685873 -3.73261184 -0.00356587
-3.08665031 -3.78570548 -0.00694760
-2.79322816 -3.86835436 -0.00964265
-2.50412449 -3.83966949 -0.00891875
-2.00090980 -3.80143257 -0.00170404
-1.79290426 -4.01800219 0.01409667
-1.64422786 -3.78917053 0.00674740
-1.15248368 -4.06869901 0.03727067
-0.90666645 -3.99410677 0.03871940
-0.60301278 -3.82382681 0.03592165
-0.40633756 -3.77198821 0.03572357
-0.25151720 -3.94447246 0.04410485
0.03506061 -4.04042858 0.04709880
0.37507667 -3.86347428 0.03904706
0.55859250 -3.99848103 0.04241237
0.81684920 -3.69757252 0.02261417
1.12313572 -3.78632623 0.02085042
1.40147689 -3.80804950 0.01474778
1.72818809 -3.85523702 0.00779507
2.04735738 -4.01957959 0.00250763
2.17148276 -3.72252672 -0.00940251
2.45707206 -4.00331058 -0.01261109
2.86236929 -4.04919088 -0.01294347
3.36775666 -3.81552495 -0.00390366
4.01992339 -4.06149185 0.01134719
4.37648445 -3.91531928 0.01449378
5.00000000 -3.89055507 0.01885321
-5.00000000 -3.35231679 0.01066067
-4.35462976 -3.31847010 -0.00063058
-3.89177298 -3.32746383 -0.00441533
-3.47969833 -3.27133127 -0.00618730
-3.21161842 -3.47161832 -0.00582598
-2.66328166 -3.34632351 -0.00897611
-2.26294879 -3.26333024 -0.01650530
-2.11958452 -3.35177622 -0.01740661
-1.89171676 -3.21419126 -0.02585127
-1.57121901 -3.09352692 -0.03445723
-1.23987154 -3.41171176 -0.00861561
-0.77656377 -3.39625090 0.00654968
-0.61686540 -3.09593465 -0.00145120
-0.50540443 -3.43028509 0.01476043
-0.19437045 -3.50326417 0.02226492
0.11200243 -3.24364543 0.00868838
0.39362338 -3.15350551 0.00195250
0.61249689 -3.37391524 0.00669586
0.87823142 -3.33194382 -0.00322507
1.20262887 -3.45295398 -0.00454049
1.43369838 -3.53129643 -0.00486589
1.74915665 -3.37398225 -0.01977043
2.06838784 -3.47242711 -0.01486845
2.29182457 -3.54099258 -0.01227970
2.52835050 -3.21730017 -0.00621092
2.95855598 -3.45762906 -0.00639365
3.39448876 -3.33089063 -0.00395744
3.98779359 -3.46409761 0.00038649
4.26411342 -3.28468563 -0.00159594
5.00000000 -3.35231679 0.01066067
-5.00000000 -2.73031413 0.00010410
-4.22629479 -2.74054671 -0.01388069
-3.76462803 -2.90396058 -0.01212954
-3.51124038 -2.75386306 -0.01075088
-3.06560044 -2.84777534 -0.00456360
-2.87468974 -2.75560320 -0.00457262
-2.41331497 -2.81669289 -0.01455802
-2.00102703 -2.71385802 -0.02916215
-1.91709867 -2.92079152 -0.03279221
-1.67171766 -2.80074774 -0.03777762
-1.28458265 -2.89767282 -0.03207815
-0.84110737 -2.92042023 -0.00777947
-0.61562942 -2.91800482 0.00205016
-0.48218732 -2.63242812 0.04958944
-0.13714812 -2.69765130 0.04198057
0.16935392 -2.89221129 0.01166401
0.31246212 -2.70475835 0.03443643
0.50435213 -2.65672158 0.03688842
0.89964404 -2.67393927 0.00892353
1.18904420 -2.91089029 -0.02700504
1.50168876 -2.68968160 -0.02827964
1.73606969 -2.85428180 -0.03740052
1.94528305 -2.69105781 -0.03094052
2.16585315 -2.93906823 -0.02045466
2.53981098 -2.77928744 -0.00236412
3.06116037 -2.90777927 -0.00019882
3.47497248 -2.93309619 -0.00509606
3.79433496 -2.77796960 -0.00973727
4.53147826 -2.93470130 -0.00770054
5.00000000 -2.73031413 0.00010410
-5.00000000 -2.44898435 0.00664373
-4.24578009 -2.41857794 -0.00821505
-3.78349826 -2.54600720 -0.01346083
-3.36704381 -2.40188747 -0.01220540
-3.25055624 -2.44350591 -0.01115040
-2.87178522 -2.46038267 -0.00965183
-2.54417922 -2.39834679 -0.01352909
-1.99725482 -2.51554587 -0.02212978
-1.87242152 -2.53167213 -0.02351152
-1.43941558 -2.50247074 -0.00490710
-1.06170941 -2.44232897 0.05215210
-0.95282790 -2.52036715 0.04397665
-0.58573948 -2.49673035 0.08438087
-0.34141286 -2.45412747 0.11274375
-0.23762165 -2.43979001 0.12156095
0.03699342 -2.50111567 0.09905045
0.36523241 -2.50851046 0.08584659
0.62820647 -2.48114955 0.07767293
0.91207484 -2.54813425 0.03393013
1.15069365 -2.52503497 0.01781821
1.30227900 -2.41979970 0.02670602
1.78577199 -2.46591562 -0.01749316
1.97893542 -2.54950059 -0.02534537
2.22929484 -2.48399335 -0.01654491
2.43864880 -2.51999053 -0.00922385
2.89277173 -2.50878436 -0.00474994
3.60730031 -2.50441715 -0.00941126
3.81102492 -2.40399170 -0.00953475
4.26219060 -2.54629771 -0.00971513
5.00000000 -2.44898435 0.00664373
-5.00000000 -2.30193908 0.01334100
-4.43187730 -2.16527538 0.00732043
-3.92591695 -2.20698834 -0.00565005
-3.49803404 -2.27441970 -0.01264864
-3.17491026 -2.21682476 -0.01567836
-2.78582699 -2.18295266 -0.01735143
-2.54107200 -2.26313762 -0.01467881
-2.16369605 -2.16910423 -0.00234864
-1.75215189 -2.24233830 0.01654102
-1.58067656 -2.17936441 0.04934768
-1.24339878 -2.14969660 0.11892043
-0.85148487 -2.22438129 0.16466412
-0.65735202 -2.19429507 0.20622804
-0.44952442 -2.26447667 0.19126051
-0.10644397 -2.15205205 0.26467267
0.13815000 -2.27717467 0.19413502
0.28809475 -2.21654537 0.21739081
0.50311388 -2.24229798 0.18663793
0.75624111 -2.30560288 0.12992304
1.12247130 -2.33478016 0.07154797
1.48337254 -2.17096695 0.06802917
1.78003712 -2.30388084 0.00313271
2.02293405 -2.27825869 -0.00895311
2.24587798 -2.22135064 -0.01324675
2.63923074 -2.20106929 -0.01833810
3.01043576 -2.19967218 -0.01767416
3.55810073 -2.16424380 -0.01157011
4.03027908 -2.26958032 -0.00507548
4.16978714 -2.26321535 -0.00261059
5.00000000 -2.30193908 0.01334100
-5.00000000 -1.88127596 0.03639329
-4.09554875 -1.83500967 0.01605069
-3.71263605 -1.92445467 -0.00271658
-3.51405309 -1.89076670 -0.00985093
-3.11730008 -1.86995682 -0.02277900
-2.79752791 -1.83464757 -0.02294284
-2.32340011 -1.97885044 0.00028561
-1.99870918 -1.92075383 0.04418354
-1.80503040 -2.02901199 0.05241790
-1.62756702 -1.84621066 0.13587487
-1.18066960 -2.01872538 0.18606730
-0.83985468 -1.89968601 0.32821468
-0.64980629 -1.92564995 0.35085668
-0.33203769 -1.88772661 0.40983904
-0.17486940 -1.93056123 0.39264867
0.03233631 -1.83392315 0.44896282
0.39702413 -1.91871148 0.37275974
0.62654190 -1.87104265 0.36513048
0.82607827 -1.89380467 0.31437758
0.98638927 -1.83454990 0.30688399
1.39551843 -1.94800778 0.15838697
1.64159031 -1.88617938 0.12020773
1.96779192 -1.99586882 0.02929964
2.25512107 -1.90330100 -0.00186796
2.51865916 -1.85347822 -0.02574286
3.06584622 -1.99431599 -0.02595613
3.33874683 -1.95521156 -0.01986257
3.76696700 -1.95275743 -0.00421868
4.53161419 -1.90262734 0.02514632
5.00000000 -1.88127596 0.03639329
-5.00000000 -1.73212790 0.04189962
-4.08948958 -1.66463193 0.02364153
-3.68637263 -1.76175719 0.00081755
-3.48215574 -1.65958962 -0.00713318
-3.21979511 -1.70722456 -0.01982724
-2.78396038 -1.73429485 -0.02150995
-2.43344670 -1.72122951 0.00741457
-2.03713481 -1.66818306 0.08392544
-1.82493629 -1.76620933 0.11089267
-1.66838918 -1.65727293 0.18413850
-1.30788499 -1.66229724 0.29905047
-0.89162397 -1.71471476 0.40824487
-0.68952845 -1.78206311 0.42118537
-0.45970159 -1.67491888 0.51289529
-0.22142721 -1.69973320 0.52056389
0.16673034 -1.68385672 0.52364301
0.31012428 -1.66137282 0.52170122
0.55106946 -1.62774026 0.50243385
0.82088777 -1.73939259 0.39209797
1.07179896 -1.62329967 0.37930219
1.41661885 -1.73733851 0.23148551
1.74032772 -1.68046544 0.15407295
2.01869981 -1.66845046 0.07602791
2.23922524 -1.71739636 0.01571192
2.52471432 -1.62388040 -0.02216528
2.94927322 -1.66003386 -0.03663838
3.44851451 -1.78355105 -0.01694023
3.85258324 -1.69927621 0.00553344
4.21922049 -1.75072409 0.02159785
5.00000000 -1.73212790 0.04189962
-5.00000000 -1.44039387 0.04441635
-4.19478363 -1.53812378 0.03295805
-3.69239999 -1.41908763 0.01198531
-3.37013693 -1.33569980 -0.00437367
-3.05695080 -1.35288846 -0.01542282
-2.69588030 -1.32319535 0.00534848
-2.44537673 -1.32766491 0.04672920
-1.99469135 -1.30271276 0.17724122
-1.77625847 -1.34826934 0.24263225
-1.52173258 -1.36475950 0.33353227
-1.06244775 -1.42146649 0.48401220
-0.83705675 -1.47898925 0.52961657
-0.66081726 -1.31822114 0.63607429
-0.45200260 -1.51140223 0.59148631
-0.15246649 -1.44040685 0.64553508
0.04377168 -1.49233126 0.62196150
0.32925728 -1.51395955 0.58912836
0.55153398 -1.51516777 0.55393551
0.86039886 -1.50751417 0.48741852
1.03693119 -1.39611349 0.48310691
1.35752444 -1.30203863 0.41228166
1.64415426 -1.32498059 0.29748379
1.99996682 -1.41070325 0.13703840
2.22181139 -1.40649318 0.06011513
2.56107521 -1.35373201 -0.01233981
2.99925504 -1.41088946 -0.03364184
3.45352034 -1.47987913 -0.01400694
3.94692683 -1.36770384 0.01942991
4.45602046 -1.30309833 0.04284689
5.00000000 -1.44039387 0.04441635
-5.00000000 -1.07914800 0.03678360
-4.36166690 -0.99391284 0.04901501
-3.63730528 -1.15543176 0.01726903
-3.40729717 -1.12185247 0.00498209
-3.23081226 -1.02178692 0.00114200
-2.80121391 -1.19094438 0.00313787
-2.52924481 -1.17265634 0.04712608
-2.06207958 -1.05718550 0.20798891
-1.81302522 -1.11535672 0.29406320
-1.56975339 -1.14900093 0.38615541
-1.13937494 -1.14232100 0.56036528
-0.85088080 -1.11448321 0.66189941
-0.61535411 -1.09404075 0.72191487
-0.36881555 -1.20754472 0.72043112
-0.24009248 -1.01276094 0.79011922
0.10219354 -1.05034809 0.77939584
0.24564677 -1.05075121 0.76829829
0.58801780 -1.20989266 0.66678086
0.76151080 -1.09290664 0.66722599
1.00775391 -1.04271259 0.61646651
1.47462837 -1.01642624 0.46128097
1.76079182 -1.05459255 0.32920514
2.00483610 -1.15205640 0.19422545
2.29459554 -1.21274471 0.06440398
2.40405910 -1.17687305 0.03509260
2.83178201 -1.04629350 -0.01881407
3.62575197 -1.07278473 0.00599569
3.89754453 -1.09600321 0.02245780
4.46262800 -1.04629186 0.04477050
5.00000000 -1.07914800 0.03678360
-5.00000000 -0.84558848 0.02893588
-4.49053426 -0.86059503 0.04904257
-3.71950424 -0.78963400 0.03253007
-3.38838310 -0.86378988 0.01317931
-3.20611289 -0.89685351 0.00562160
-2.82220179 -0.92772347 0.01887523
-2.51744886 -0.85095531 0.08578811
-2.09414189 -0.90646137 0.22547260
-1.78318377 -0.93333149 0.35449079
-1.43276614 -0.90989280 0.51741696
-1.22919593 -0.85032725 0.61633590
-0.84014562 -0.92299313 0.72113177
-0.65062309 -0.92481049 0.76309528
-0.36021132 -0.78768428 0.83562289
-0.13718418 -0.82987722 0.83886212
0.13300370 -0.84322590 0.83024493
0.26077212 -0.80549890 0.82836355
0.66987127 -0.80269426 0.76679102
0.80381578 -0.84846158 0.72601012
1.06228802 -0.92576966 0.63444434
1.44740842 -0.92817021 0.49762040
1.73454003 -0.84671099 0.39477053
1.93780176 -0.80651744 0.30297295
2.29257395 -0.82402934 0.11846862
2.40732437 -0.85204357 0.06989577
3.02753358 -0.80719805 -0.01266544
3.59163796 -0.86567625 0.00868131
3.74448872 -0.91650982 0.01692670
4.45085851 -0.83639588 0.04454611
5.00000000 -0.84558848 0.02893588
-5.00000000 -0.68414578 0.02354112
-4.25884669 -0.66624826 0.05066897
-3.68953212 -0.63099745 0.03470396
-3.37434623 -0.64901659 0.01943936
-3.22155530 -0.66926049 0.01451322
-2.92811007 -0.62691202 0.02511135
-2.38067718 -0.71858624 0.14359374
-1.99556942 -0.68979148 0.30816475
-1.83879171 -0.69949229 0.38086433
-1.44977509 -0.71563142 0.56050249
-1.11982873 -0.69074860 0.69460372
-0.87756409 -0.63627147 0.77705773
-0.55601989 -0.72631876 0.82450880
-0.36073089 -0.73763835 0.84572236
-0.16803419 -0.72013938 0.86041076
0.07625732 -0.67866659 0.86619475
0.36701145 -0.65761120 0.84579102
0.49712580 -0.64469301 0.83007604
0.77731754 -0.68927960 0.76821338
1.10579734 -0.60233546 0.69784634
1.34065816 -0.59915280 0.61813018
1.69037415 -0.64361061 0.46031013
1.90970820 -0.69524665 0.33947927
2.31961640 -0.65537100 0.12590694
2.53110665 -0.67146165 0.04754114
2.90924696 -0.60564898 -0.00224416
3.60112609 -0.69192841 0.01293517
3.74530403 -0.73137909 0.02047585
4.35174647 -0.64682501 0.04366240
5.00000000 -0.68414578 0.02354112
-5.00000000 -0.45065498 0.01720425
-4.25386003 -0.35018561 0.05215265
-3.74006567 -0.48113050 0.03977856
-3.39689827 -0.44662992 0.02527878
-3.24493736 -0.49786392 0.02000053
-2.68920133 -0.34952826 0.07667024
-2.51600597 -0.50751415 0.11736150
-2.03094770 -0.36664238 0.33430082
-1.77640048 -0.44576840 0.45428075
-1.45493247 -0.36894994 0.62182348
-1.09509243 -0.34865295 0.76104521
-0.83806581 -0.53810890 0.80395538
-0.56651365 -0.51908893 0.85868434
-0.39957171 -0.36760174 0.89792941
-0.11656145 -0.44815046 0.90374265
0.12312492 -0.47732740 0.89504478
0.24970529 -0.33860934 0.90216119
0.63759257 -0.45785953 0.83605216
0.80765427 -0.50144707 0.79504792
1.11271359 -0.36894800 0.73309239
1.38408820 -0.48436554 0.62213374
1.68805206 -0.46322005 0.49252827
1.92265079 -0.33207853 0.38377999
2.31981561 -0.47188067 0.14247746
2.56773876 -0.43769072 0.05180821
2.84710668 -0.35842029 0.00956478
3.37339213 -0.50193461 0.00470828
3.75285157 -0.50205203 0.02431451
4.53720367 -0.48969953 0.04226487
5.00000000 -0.45065498 0.01720425
-5.00000000 -0.13196345 0.01229737
-4.20331609 -0.07915818 0.05310986
-3.71395248 -0.15407586 0.04237975
-3.47268171 -0.06806880 0.03286983
-3.23034387 -0.11218001 0.02646977
-2.78347267 -0.18025102 0.06089353
-2.48656006 -0.13232329 0.14588509
-2.13818289 -0.17436625 0.29499697
-1.78416570 -0.18393403 0.47700468
-1.58779740 -0.20765520 0.57599028
-1.26187320 -0.13730981 0.72372008
-0.90360452 -0.08260614 0.83491476
-0.65270796 -0.19573741 0.87989631
-0.42737841 -0.16610561 0.91168645
-0.17098368 -0.17563158 0.92735373
0.01236807 -0.21646844 0.92518281
0.39617055 -0.08586285 0.90446223
0.57673096 -0.10957793 0.87819163
0.76611775 -0.06666975 0.84532920
1.19167186 -0.24416208 0.72170894
1.41623041 -0.14876204 0.64740737
1.73156664 -0.15392249 0.50282129
2.03433462 -0.12536913 0.33025985
2.30130101 -0.15446663 0.16953724
2.62179260 -0.12526970 0.04829776
2.85766205 -0.10359517 0.01319455
3.53483158 -0.16789039 0.01642781
3.86607055 -0.11524849 0.03265208
4.52368054 -0.13898246 0.04131054
5.00000000 -0.13196345 0.01229737
-5.00000000 0.06636774 0.01150148
-4.38902679 0.03768996 0.05040946
-3.90736320 0.05445112 0.04962253
-3.40634792 0.11413049 0.03071559
-3.13916492 0.19289246 0.02736150
-2.91083270 0.04101931 0.04303766
-2.50542049 0.11372492 0.14126957
-2.07905800 0.01999423 0.33005567
-1.87379895 0.15734811 0.43607684
-1.66324243 0.04790540 0.54834916
-1.09746763 0.18842876 0.78233068
-0.95549288 0.09953274 0.82454767
-0.60995190 0.18501916 0.89290125
-0.38889216 0.13642433 0.92078486
-0.17185642 0.10562902 0.93375032
0.01670115 0.14756383 0.93330572
0.34607920 0.04825912 0.91273464
0.58012519 0.08577645 0.88124987
0.76214697 0.10719836 0.84791004
0.98704839 0.02742013 0.79569429
1.43920730 0.12775613 0.64377109
1.62186333 -0.00281545 0.56318910
2.04630674 0.05919920 0.32646575
2.19507544 0.14372297 0.23283357
2.54919809 0.08532350 0.06881881
2.88011751 0.15355603 0.01188587
3.56545982 0.03470109 0.01864731
3.82432553 0.13362646 0.03106134
4.33710848 0.04278229 0.04371371
5.00000000 0.06636774 0.01150148
-5.00000000 0.40788710 0.01438113
-4.23019386 0.28725007 0.05279186
-3.88526955 0.50490773 0.04637071
-3.35018716 0.53204848 0.02397243
-3.08852350 0.29296891 0.02773676
-2.76282659 0.50239891 0.05830475
-2.40707930 0.34246648 0.17243853
-2.05151289 0.55233288 0.31496327
-1.78185474 0.55531320 0.44985939
-1.45576534 0.45017400 0.62427368
-1.27551442 0.41315951 0.70368273
-0.92967129 0.43600041 0.80970208
-0.68770108 0.36570980 0.86908890
-0.37007524 0.42873285 0.90490393
-0.10248346 0.56629458 0.90123695
0.13610036 0.48411518 0.90567569
0.35565120 0.34415198 0.90063954
0.60964974 0.54107812 0.84310333
0.87860629 0.38862497 0.80623117
1.07993501 0.53224042 0.73425495
1.37205115 0.34241298 0.65824084
1.62423316 0.48755193 0.53373046
2.08457784 0.33805637 0.29337492
2.18095804 0.28998125 0.23678572
2.57200481 0.50990485 0.05198231
3.18888795 0.53176729 -0.00015003
3.55478240 0.32944063 0.01702771
3.93539859 0.35493085 0.03493531
4.47272253 0.29241909 0.04248171
5.00000000 0.40788710 0.01438113
-5.00000000 0.82301282 0.02560450
-4.21776152 0.70378919 0.05081048
-3.74088894 0.75311878 0.03632740
-3.53108819 0.74286743 0.02624097
-3.20093254 0.72280369 0.01536475
-2.92883182 0.85961278 0.01693946
-2.50797747 0.81479522 0.10016424
-2.03082685 0.72814170 0.29945896
-1.91967251 0.77337677 0.34359630
-1.59629720 0.71888178 0.51147280
-1.17484475 0.79005369 0.67134626
-0.96841515 0.75286465 0.74615881
-0.63140534 0.74965770 0.82390473
-0.40714467 0.69113059 0.86552320
-0.17744578 0.69137200 0.88052961
0.06443348 0.68811571 0.88005684
0.34668310 0.68034597 0.85954365
0.66330303 0.78093765 0.79029732
0.76334556 0.72366024 0.78147104
1.14940237 0.74264061 0.67279030
1.51091298 0.70970975 0.54534251
1.71570976 0.71361593 0.45137699
1.99739713 0.68442680 0.30766762
2.25042219 0.81439873 0.14911382
2.54566247 0.71882032 0.04642991
2.91137568 0.85842333 -0.00977988
3.49377812 0.80916267 0.00599411
3.81533135 0.85747057 0.02350172
4.16608010 0.82993407 0.03956276
5.00000000 0.82301282 0.02560450
-5.00000000 0.93233969 0.03006827
-4.49157855 1.08441931 0.05007586
-3.88113801 0.96137513 0.03771930
-3.34270357 0.95161970 0.01004049
-3.12746132 0.93772357 0.00548469
-2.92472410 1.01627256 0.00651566
-2.26703168 1.04920190 0.14225802
-2.13160946 0.99977676 0.20249578
-1.82407592 0.95603810 0.34513102
-1.47514942 1.08932607 0.45819871
-1.27517852 0.95295744 0.58776773
-0.86882031 1.04268422 0.69619142
-0.57840584 0.95992632 0.78390564
-0.37174913 0.95756556 0.81164426
-0.09637631 1.04956037 0.80140810
0.08801243 0.94483672 0.82524557
0.29478973 1.07456964 0.77314967
0.49511990 0.91357940 0.78947088
0.83287086 1.02266258 0.68803637
1.19235324 1.04019891 0.57430113
1.38987712 1.01143540 0.51190846
1.72549481 1.07294706 0.35110616
1.92751499 0.90682704 0.30136893
2.20152455 1.01750937 0.13806576
2.40372418 1.09553295 0.04653306
3.19234988 1.07642199 -0.01842551
3.44014754 0.97273969 -0.00180938
3.80757945 1.01123704 0.01987549
4.42074447 1.09540549 0.04511235
5.00000000 0.93233969 0.03006827
-5.00000000 1.36043587 0.04769236
-4.38984804 1.33756804 0.04731023
-3.75722081 1.35590536 0.01808294
-3.37556516 1.39706677 -0.00785152
-3.23977115 1.39736369 -0.01498110
-2.82405124 1.32780059 -0.01089024
-2.48130840 1.41400239 0.02498622
-2.11566898 1.28322158 0.14071844
-1.76088507 1.28260921 0.26959509
-1.41372910 1.43941148 0.34926847
-1.19355852 1.29188956 0.49543816
-0.83981640 1.21011388 0.64712507
-0.64563602 1.31929632 0.65281404
-0.33005806 1.43661811 0.65089376
-0.10450720 1.38274604 0.68562379
0.14364379 1.38640954 0.67640600
0.41664015 1.35328392 0.65849878
0.60743311 1.24771559 0.66418830
0.80147665 1.32826269 0.58655603
0.99610258 1.38641819 0.50695865
1.47415889 1.44492884 0.32055992
1.76736249 1.23768758 0.27842560
2.03098613 1.29087973 0.15054062
2.30533301 1.20817336 0.06076383
2.50061144 1.40301538 -0.01223566
3.00878292 1.30015371 -0.03403475
3.63245974 1.22703942 0.00261609
3.91953116 1.33517680 0.01922413
4.22199115 1.35208440 0.03584067
5.00000000 1.36043587 0.04769236
-5.00000000 1.65507821 0.04707206
-4.08881429 1.66699518 0.02474537
-3.81098508 1.71802038 0.00884588
-3.31960675 1.62274577 -0.01637789
-3.10642500 1.68238635 -0.02531578
-2.68090269 1.66283209 -0.01732707
-2.44581876 1.59840003 0.01217831
-2.13350783 1.60268798 0.07051893
-1.92362700 1.64842392 0.11285390
-1.59809979 1.65192131 0.20672819
-1.27288176 1.61570593 0.33248739
-0.92866481 1.68932881 0.41683438
-0.57954310 1.55111071 0.56466306
-0.45446693 1.55066267 0.58441625
-0.22073579 1.71873566 0.52169647
0.12687289 1.63781222 0.56028267
0.33935872 1.64164826 0.53801950
0.49415519 1.67748147 0.49735752
0.77503311 1.59968160 0.47547025
1.18525626 1.71655449 0.31119659
1.41762283 1.58003613 0.29047887
1.69475701 1.67227865 0.16923382
2.04081972 1.67507180 0.06540725
2.18277724 1.55367015 0.04447287
2.44790237 1.58265337 -0.01565508
2.92240481 1.56350719 -0.04090791
3.46188606 1.62001391 -0.01686020
3.90023364 1.57253321 0.01183970
4.26508985 1.65361493 0.02893114
5.00000000 1.65507821 0.04707206
-5.00000000 1.83271331 0.04177690
-4.21128539 1.96830072 0.01616262
-3.79587272 1.96041749 0.00073872
-3.39439867 1.92178116 -0.01526812
-3.18844157 1.95136126 -0.02204992
-2.66637867 1.85022908 -0.02051512
-2.42380981 1.81896786 -0.00074613
-2.16240210 1.82109666 0.03353900
-1.92395392 1.96219977 0.05219340
-1.53100387 1.88024600 0.15514447
-1.04727620 1.94326802 0.27029556
-0.86741408 1.91375689 0.33001855
-0.67080748 1.95130938 0.35249447
-0.45175094 1.89721846 0.41059023
-0.24140510 1.95642696 0.39644411
0.04861309 1.88933804 0.43362799
0.27552990 1.96077103 0.38230434
0.48612934 1.91548830 0.38043388
0.81108860 1.81738011 0.36634468
1.16045950 1.89738209 0.24648795
1.32365666 1.85990220 0.21746116
1.60702844 1.83575842 0.14819290
1.96385556 1.94126376 0.04144190
2.28870364 1.86143346 -0.00588401
2.52664434 1.89719365 -0.02922168
3.04557848 1.84986907 -0.03399308
3.55100996 1.77657784 -0.01254405
3.82317286 1.82470581 0.00138417
4.55780768 1.78115021 0.03476443
5.00000000 1.83271331 0.04177690
-5.00000000 2.19813254 0.02568793
-4.49888114 2.15449740 0.01563817
-3.69842015 2.27684613 -0.00852474
-3.50705373 2.23829193 -0.01220865
-3.09047998 2.10634133 -0.02162163
-2.72138023 2.18196903 -0.02038840
-2.35170070 2.21262738 -0.01101243
-1.99929494 2.25580914 0.00632982
-1.90128276 2.20008350 0.02087307
-1.54030216 2.17394023 0.07456524
-1.05963873 2.15400610 0.18376542
-0.79088993 2.17540923 0.22954470
-0.58266941 2.25438523 0.22442212
-0.39783557 2.07579548 0.32542480
-0.10669661 2.13608865 0.30823867
0.00200759 2.08111573 0.33529527
0.36299695 2.21091120 0.25267947
0.50433724 2.20065839 0.24299882
0.90920663 2.20296939 0.18267622
1.10618171 2.24781740 0.13300689
1.49591928 2.13490542 0.09349588
1.74663870 2.26515824 0.02711408
1.88919621 2.15855095 0.02348381
2.29469157 2.14952791 -0.01499077
2.49043623 2.10556178 -0.02427467
3.12506612 2.13216484 -0.02330930
3.50209987 2.12735380 -0.01383302
4.01965589 2.11772272 0.00247545
4.50323828 2.10254521 0.01784032
5.00000000 2.19813254 0.02568793
-5.00000000 2.41834722 0.01622286
-4.18511800 2.44697851 -0.00305847
-3.92412436 2.60247268 -0.00923604
-3.49242372 2.39562594 -0.01219139
-3.09058214 2.39288979 -0.01526131
-2.77975047 2.41688899 -0.01559282
-2.39743077 2.37263014 -0.01473445
-2.02795704 2.41987543 -0.00763125
-1.90699512 2.43924940 -0.00409043
-1.61005880 2.47225573 0.01103990
-1.18833203 2.34001395 0.09626059
-0.81360100 2.50893772 0.10506749
-0.69567264 2.54136544 0.10754707
-0.44813917 2.44969368 0.15713707
-0.12380498 2.57718213 0.12351118
0.10134910 2.40262559 0.18463697
0.36665747 2.56708193 0.11462752
0.59243492 2.51481681 0.11470942
0.90772691 2.61626476 0.05846173
1.20023492 2.45834838 0.06120038
1.38325205 2.57578848 0.01890399
1.58818660 2.46034307 0.01606474
1.89072482 2.56859172 -0.01463461
2.32106394 2.42852642 -0.01619922
2.44381873 2.59712897 -0.01261297
2.94284353 2.49022493 -0.01238231
3.47594825 2.53938550 -0.00970703
3.94265372 2.51948142 -0.00659342
4.29084801 2.61582354 -0.00392109
5.00000000 2.41834722 0.01622286
-5.00000000 2.94600564 0.00780772
-4.37939550 2.74098525 -0.00515835
-3.93622977 2.74430315 -0.00976614
-3.48155840 2.74972252 -0.01022495
-3.23400032 2.93741228 -0.00792404
-2.70613407 2.88296369 -0.00941243
-2.43966537 2.92471099 -0.01396153
-1.99392532 2.98319905 -0.02223503
-1.85322968 3.04966047 -0.02293611
-1.48373645 2.99126893 -0.01885058
-1.26071223 2.84551376 -0.00165923
-0.96252119 2.96893443 0.01364897
-0.55128342 2.74994869 0.06568895
-0.43862749 2.91946763 0.04444047
-0.21419216 2.90341285 0.05103138
0.07171273 2.79256528 0.06816206
0.40195738 2.98723419 0.03511484
0.55186441 2.75310405 0.05845921
0.83969147 2.99845644 0.01496299
1.07424123 3.04258803 0.00110104
1.49065183 2.96551380 -0.01699853
1.60692290 2.90788121 -0.02009201
1.89440880 2.75542333 -0.02221418
2.33052876 2.93721270 -0.01293757
2.50281173 2.79892010 -0.00868293
2.91542647 2.75650718 -0.00586590
3.33487062 2.82331193 -0.00641204
3.97375106 2.97336343 -0.00603806
4.53107857 2.84731043 -0.00215413
5.00000000 2.94600564 0.00780772
-5.00000000 3.30916751 0.01302076
-4.13235890 3.32362978 -0.00024820
-3.85526708 3.27353825 -0.00398956
-3.45998304 3.30169815 -0.00592991
-3.05646948 3.33619247 -0.00756788
-2.67887555 3.21347425 -0.00984950
-2.46118739 3.18323685 -0.01289769
-1.99563041 3.22999557 -0.01853723
-1.80824018 3.29044455 -0.01712715
-1.54559814 3.29430855 -0.01370474
-1.27453506 3.21527743 -0.00725402
-0.89206631 3.29719339 0.01401880
-0.66989417 3.23798248 0.02200375
-0.47272123 3.33550947 0.02819778
-0.18601632 3.17010113 0.03269648
0.05148828 3.20847923 0.03191705
0.39721618 3.17801999 0.02680745
0.62930511 3.24419130 0.01957401
0.75439380 3.27638546 0.01549558
1.05061389 3.30937882 0.00485209
1.38057757 3.30278483 -0.00753743
1.59227161 3.22072474 -0.01655726
1.89741881 3.18322892 -0.02101919
2.31356493 3.25588732 -0.01328584
2.63261071 3.18161644 -0.00752212
3.16493558 3.22389821 -0.00549369
3.37948287 3.22138640 -0.00508740
4.00448147 3.20115456 -0.00278824
4.17494095 3.30695738 0.00065199
5.00000000 3.30916751 0.01302076
-5.00000000 3.40447770 0.01467985
-4.21865956 3.50293069 0.00517615
-3.77065297 3.51134740 -0.00040562
-3.50925234 3.54348050 -0.00310604
-3.25547026 3.40061068 -0.00646983
-2.83580291 3.38628804 -0.00909099
-2.49342886 3.49847541 -0.01145562
-2.06014920 3.54999660 -0.00975462
-1.79500355 3.51793281 -0.00775531
-1.63984387 3.65076736 0.00230527
-1.23145116 3.63521568 0.01491702
-0.88746169 3.54942628 0.02335229
-0.56058167 3.63121328 0.03533956
-0.50092711 3.41628809 0.02928558
-0.17582683 3.51955841 0.03601893
0.12260584 3.56814302 0.03702654
0.37255197 3.60129069 0.03525730
0.49280677 3.55482389 0.03134994
0.87890659 3.50753791 0.01898765
1.15285411 3.55265075 0.01221808
1.51088171 3.53162678 -0.00034513
1.78098206 3.55627172 -0.00612801
1.88574710 3.61270656 -0.00598823
2.18661510 3.62732389 -0.01098262
2.64080350 3.54859613 -0.01181125
3.06850350 3.44689282 -0.00743628
3.58329782 3.52515190 -0.00237989
3.79696105 3.59165752 0.00115520
4.48618613 3.41223724 0.00684317
5.00000000 3.40447770 0.01467985
-5.00000000 4.09215798 0.01945361
-4.11839107 3.85173498 0.01163504
-3.78326071 3.80917770 0.00522177
-3.51269327 4.13116244 0.00434874
-3.14118100 3.99044714 -0.00570596
-2.76814300 3.93679417 -0.01006470
-2.52636749 3.88058704 -0.00906772
-2.02181935 3.88311563 0.00184279
-1.87866295 4.16683544 0.01759412
-1.57728418 3.82715498 0.01396768
-1.04541677 4.06606598 0.04187285
-0.87577757 3.94768063 0.04111328
-0.68307612 4.12872187 0.04865546
-0.34181798 4.18427487 0.05128748
-0.17495108 4.15742421 0.05165461
0.11930405 4.11994466 0.05129301
0.29757517 4.12946573 0.05061836
0.62445782 4.16195477 0.04863115
0.88727939 3.98754534 0.04059112
1.17983901 3.95316092 0.03247394
1.43841595 4.14389416 0.03356377
1.68148179 4.04564208 0.02064987
1.98344509 4.07242497 0.00795962
2.20459377 3.96517107 -0.00559263
2.53979859 4.02796062 -0.01433886
2.80855479 3.99039200 -0.01407181
3.60624113 3.81964980 0.00044994
3.82822807 4.19680302 0.00931920
4.44321433 4.15392701 0.01862845
5.00000000 4.09215798 0.01945361
-5.00000000 4.46391433 0.01376396
-4.32290335 4.36435657 0.02055265
-3.84142902 4.34481891 0.01485146
-3.37582718 4.51776129 0.00615187
-3.12259113 4.60665579 0.00113877
-2.81689522 4.64024849 -0.00205268
-2.30049402 4.51028968 0.00801088
-1.97502604 4.40689265 0.02082411
-1.81064276 4.35662665 0.02742147
-1.46262025 4.49043914 0.04546464
-1.22764551 4.46041346 0.04878828
-0.96728659 4.48607048 0.04880416
-0.57857052 4.61878930 0.04253846
-0.42232844 4.57154537 0.04358297
-0.06059684 4.37065582 0.04968518
0.14639358 4.34478873 0.05013342
0.30724035 4.52918087 0.04531004
0.60415516 4.62204318 0.04369788
0.91414118 4.32687719 0.04822775
1.13395481 4.63541095 0.04781856
1.35360117 4.39901456 0.04391949
1.62272000 4.42757096 0.03725830
1.88698406 4.45244479 0.02586466
2.30805645 4.52423110 -0.00029029
2.44784031 4.42155460 -0.00880390
2.86087047 4.62856542 -0.00878646
3.46852198 4.45585986 0.00304586
3.94748122 4.33820427 0.01320510
4.47998246 4.52339778 0.01882569
5.00000000 4.46391433 0.01376396
-5.00000000 5.00000000 -0.00529405
-4.25309724 5.00000000 0.01834516
-3.79628864 5.00000000 0.02032933
-3.39280537 5.00000000 0.01463516
-3.18839555 5.00000000 0.01042693
-2.79882737 5.00000000 0.00629341
-2.39576383 5.00000000 0.01585496
-2.03652657 5.00000000 0.03161143
-1.86326796 5.00000000 0.03904137
-1.56592599 5.00000000 0.04726580
-1.15852189 5.00000000 0.04027944
-0.85787355 5.00000000 0.02697223
-0.60687038 5.00000000 0.01847605
-0.45118130 5.00000000 0.01488593
-0.13342435 5.00000000 0.01141559
0.07987509 5.00000000 0.01187207
0.34085010 5.00000000 0.01529861
0.57016028 5.00000000 0.02075020
0.84611349 5.00000000 0.02970682
1.06922961 5.00000000 0.03714084
1.43189783 5.00000000 0.04498423
1.67126117 5.00000000 0.04439568
1.98735563 5.00000000 0.03291548
2.27442326 5.00000000 0.01358778
2.45998841 5.00000000 0.00376881
3.05793262 5.00000000 0.00232745
3.50887730 5.00000000 0.01091349
3.87212711 5.00000000 0.01548771
4.32907927 5.00000000 0.01437521
5.00000000 5.00000000 -0.00529405
