-1.74976547 0.78675095 -1.24487657
0.34268040 0.78597294 1.32016910
1.15303580 0.80743025 2.26773188
-0.25243604 -0.15751914 2.29925730
0.98132079 0.37481516 2.50256765
0.51421884 -0.40416521 0.49812655
0.22117967 0.57971001 0.30739671
-1.07004333 0.98923376 -0.12284049
-0.18949583 -1.76787692 -5.04050763
0.25500144 -0.93639203 -1.41599089
-0.45802699 1.09233942 3.80214962
0.43516349 0.37481756 0.10262920
-0.58359505 -0.03721915 1.25531531
0.81684707 -0.36995665 1.70088874
0.67272081 0.70985948 1.34414427
-0.10441114 -0.15144358 1.80573840
-0.53128038 1.26441510 4.83724993
1.02973269 -0.55949973 2.10153925
-0.43813562 0.26996419 0.83276318
-1.11831825 2.38470605 0.73616292
1.61898166 -0.04981178 2.87700009
1.54160517 0.75069798 1.90321895
-0.25187914 0.76294827 1.62672703
-0.84243574 0.90492907 0.37438024
0.18451869 -1.10248453 -2.87275328
0.93708220 0.43951698 2.22720272
0.73100034 -0.19753059 1.42668752
1.36155613 0.65037810 2.43315346
-0.32623806 0.42219312 0.78105657
0.05567601 0.62521269 0.68637472
0.22239961 -0.49846607 0.80716084
-1.44321700 0.24402479 -2.97182041
-0.75635231 1.97911698 3.37339404
0.81645401 0.97594636 2.50469697
0.75044476 0.31419440 1.42656564
-0.45594693 1.55404247 6.56224759
1.18962227 -0.28587616 3.24448443
-1.69061683 1.81902001 0.31633676
-1.35639905 0.32771114 -2.97768900
-1.23243451 -1.34602960 0.69081671
-0.54443916 -0.22475737 2.28428072
-0.66817174 0.48619423 -0.34362495
0.00731456 1.08444270 4.62327082
-0.61293874 -0.57944895 3.43693789
1.29974807 1.21469583 1.93381884
-1.73309562 0.72357751 -1.42801321
-0.98331010 -0.40608678 0.40372095
0.35750775 0.71453404 0.87337298
-1.61357850 -0.93133845 -0.01014003
1.47071387 -1.77041320 -0.68380545
-1.18801760 2.16803513 1.02708877
-0.54974619 1.18771749 4.13920643
-0.94004616 1.96920830 2.47151980
-0.82793236 0.05296567 -0.67561932
0.10886347 1.46921334 7.78360501
0.50780959 1.34668724 5.61481495
-0.86222735 1.11081809 1.65488871
1.24946974 -0.16528889 3.49069474
-0.07961125 -0.03906864 1.39030810
-0.88973148 -0.06995180 -0.65723964
-0.88179839 -0.98934344 2.24160626
0.01863895 0.45115481 0.37735139
0.23784462 1.04993060 3.89761544
0.01354855 1.80483783 7.36473195
-1.63552940 1.02231096 -0.76452075
-1.04420988 1.34381005 1.86953314
0.61303888 0.55568649 0.82001241
0.73620521 2.06379261 3.09783972
1.02692144 -0.13804074 2.99408171
-1.43219061 -0.20473922 -2.32236578
-1.84118830 -0.54662738 -0.93786420
0.36609323 2.54977877 1.41473991
-0.33177714 0.88994300 2.42326765
-0.68921798 0.27204059 -0.31159994
-0.55071441 1.76529938 5.58223427
0.75045333 2.18503101 2.40752405
-1.30699234 0.06924586 -2.93425929
0.58057334 2.99440562 0.21939055
-1.10452309 1.10627820 0.41002430
0.69012147 2.39749568 1.57274397
0.68689007 0.13476602 1.17573184
-1.56668753 0.14987999 -2.75067505
0.90497412 1.39689356 3.68160969
0.77882240 -0.79614227 0.05999081
0.42823287 -0.26610222 0.37051537
0.10887199 -1.73625279 -6.29636581
0.02828363 0.54632756 0.49220179
-0.57882582 0.44464893 0.07773990
-1.19945120 0.92491286 -0.86722114
-1.70595201 1.12282151 -0.48243672
0.36916396 0.29541022 -0.02244841
1.87657343 -0.40352073 1.61030829
-0.37690335 -0.20778801 2.59605260
1.83193608 0.21175731 1.94461085
0.00301743 0.87527517 2.41692626
-0.07602347 0.54209532 0.67079591
0.00395759 0.41004316 0.39602122
-0.18501411 1.81442829 7.07043933
-1.70465121 0.29447809 -2.27380456
-1.13626101 -0.46111852 -0.25109238
0.03331728 -0.37707970 1.67683002
-0.24888867 0.15061946 1.30136098
-0.45017644 1.15956347 4.44364476
0.13242780 1.17902030 5.51255185
0.02221393 0.09062601 0.71244829
0.31736798 0.14668227 0.00365246
-0.75241418 0.92931929 0.99403031
-1.29639181 1.84878787 1.19231242
0.09513944 0.22710864 0.27929274
-0.42371510 0.68393634 0.97714046
-1.18598356 1.05886579 -0.13402156
-0.36546199 -0.87132325 2.75217780
-1.27102304 0.16935613 -2.99246842
1.58617094 0.95223327 1.45555805
0.69339066 -0.03051831 1.25187880
-1.95808123 0.21854178 -1.46500092
-0.13480131 -0.14412787 1.90435593
-1.54061602 -0.63002623 -0.75375143
-1.39699934 -0.66176653 -0.35956303
-1.09717198 0.66933309 -1.82075051
-0.23871287 0.44030186 0.78685451
-1.42906690 1.60583645 0.77352730
0.94900478 -0.16189128 2.62553235
-0.01939759 0.14149556 0.76034044
0.89459771 0.42882965 2.05557625
0.75969312 0.59786380 1.42229770
-1.49772038 2.27066826 0.34912361
-1.19388598 1.21611091 0.60819271
1.29626259 0.24796531 3.37234825
0.95227563 2.16817944 1.78265829
-1.21725413 -0.33348165 -1.31577304
-0.15726517 1.66518178 7.81423639
-1.50758516 0.66824139 -2.01666789
0.10788413 0.40298024 0.16516108
0.74705566 -0.60837164 0.81132858
0.42967644 1.66312573 6.65017854
-1.41504292 -1.70422692 0.17138972
-0.64075992 0.37663712 -0.18206577
0.77962630 0.06089528 1.73668162
-0.43812092 1.12998762 4.23613824
-0.34329768 -0.36955071 3.20974279
-0.61662937 -0.10808108 1.38392132
0.76318365 1.69933281 4.49875389
0.19291719 0.95076299 2.91805194
-0.34845893 -0.33947772 3.10931199
-0.16520955 0.45980452 0.72273463
0.46629937 1.38508989 6.02872261
0.26998724 2.08606514 4.72749259
-0.31983105 2.52577923 1.57392166
-1.14774160 2.03030103 1.43732635
1.70362399 2.33273343 0.17522775
-0.72215077 1.46890456 4.50951910
1.09368665 0.67077093 2.36019310
-0.22951775 1.20799438 5.73616206
-0.00889866 1.80161022 7.38689771
-0.54319801 0.87742602 1.64627849
0.75306219 -0.28790113 1.48117938
-1.60943890 1.42821236 0.17869417
1.94326226 2.53332332 0.04161619
-1.44743611 1.08126291 -0.53928754
0.13024846 2.06072342 5.22505405
0.94936086 0.57371158 2.12165782
-0.07954059 0.47764329 0.59615870
0.30104946 1.18558209 5.16876749
-1.68489996 0.27992690 -2.35071400
0.22239081 -1.56889050 -6.50241143
-0.68492174 1.13361311 2.89327113
-0.12620118 -1.84092552 -5.17275998
1.99027365 0.08015392 1.43360149
0.52299780 1.51731917 6.14668289
-0.01634540 0.11089246 0.80913255
-0.41581634 -0.23726216 2.68701665
-1.35850294 0.49340180 -2.67805530
-0.51442989 0.77650295 1.12677345
-0.21606012 -0.08526774 1.96869960
0.42238022 2.78127211 0.60845152
-1.09404293 1.65351989 2.19354516
1.23690789 1.79725054 1.74694968
-0.23028468 0.27709348 0.98380252
-0.70441820 0.84421346 0.68433195
-0.59137512 -1.49828209 -1.55658256
0.73699517 1.05154018 2.95448679
0.43586725 -0.33470023 0.40590263
1.77599359 -0.31062581 2.07968000
0.51307438 0.60382736 0.61992439
1.17052698 0.21145967 3.33105833
-0.45592202 -0.42949768 3.40143719
0.64917293 0.94878879 2.43043196
-0.17478155 -0.05606816 1.76561269
1.01726434 1.80995232 2.72112950
-0.59998304 -0.18639587 1.84129463
1.57616672 -0.63324727 2.02584755
0.60442354 0.33566827 0.67801725
-0.90703042 1.56049118 3.32054319
0.59202327 -0.02964950 0.73773655
-0.43706442 0.07918339 1.38798799
0.10177577 0.78768108 1.55571588
1.30834683 1.31019164 1.89400928
1.38760181 0.60193765 2.51443866
-1.73539115 0.21949037 -2.22334170
0.28837742 -0.07777272 0.22601311
-0.33908543 0.25678889 1.03643734
0.52736913 -0.99252017 -2.11145026
-0.37430288 0.74204584 1.34693133
0.47709230 -0.91304073 -1.51795285
-1.42976266 -0.44533461 -1.35988817
0.40770652 2.02215286 4.79476192
-0.82828039 2.50067202 0.94290808
0.42345728 -0.15637899 0.29400754
-0.15951737 0.02708681 1.47615463
1.24108209 2.24625632 0.81189334
1.66353631 1.94308758 0.46045049
-0.66193771 -0.41944918 2.64397436
0.39143862 1.59015289 6.94302850
0.32724535 1.59256336 7.26136575
-0.31134706 0.17584980 1.25759032
-1.42465559 1.32371261 0.29423899
-0.62487219 2.45505544 1.45321392
-0.10999540 -0.15113052 1.82777131
0.95295943 1.46888685 3.50160450
-0.98336264 0.92023925 -0.18426895
-1.09455719 -1.20771489 1.15734067
-0.24134875 0.49407593 0.79148362
-0.59511384 -0.24049701 2.12866902
-0.98281189 1.85213676 2.58350721
0.08822993 -0.14498854 0.92603447
-0.60275937 0.34485719 0.04777168
1.12555545 0.43134975 2.84214423
0.92705330 0.06768000 2.57062049
-0.34817064 -1.69769193 -4.02743051
-0.16402540 1.39225788 7.35855571
1.21658059 0.64386100 2.50871675
-0.62685390 1.77559732 5.04665949
-0.27493981 0.03101284 1.68177181
1.14745744 0.97412483 2.23891474
1.15996897 1.16839522 2.33073866
0.70218451 -0.70471588 0.25660317
-1.28390481 -0.35113209 -1.46733644
1.52230777 1.39912453 1.19453243
-0.17996332 1.43719153 7.55035866
-0.37614737 1.45358665 6.81751646
0.46034921 -1.70510346 -5.93863252
1.45542146 -1.78130579 -0.72186782
0.24150689 -0.11163108 0.35010543
-0.03766667 0.67584571 1.04995009
0.83153303 -0.13075559 2.02045195
-0.93960244 2.35554554 1.15609369
0.11182258 0.66029075 0.75342194
0.40359842 -0.92284955 -1.59968885
-1.88483439 0.13234015 -1.73024585
1.27745203 -1.38628837 -0.90317324
-0.44558826 1.25482209 5.26481465
-1.27031804 2.28122458 0.65472211
0.63550117 1.15262946 3.82369799
-0.29843567 0.73750379 1.44213623
-0.40228992 1.09420143 4.06081328
-0.53664043 -0.63293433 3.71422351
0.82312440 0.99742787 2.58855154
0.02519190 0.25576548 0.44268888
1.51753613 1.54068152 1.10542405
0.36961115 0.23292897 -0.00886981
-0.48063216 -0.17728369 2.29034573
1.04233274 -0.17160782 3.02256761
1.09887599 -0.61680064 2.08471023
0.75920433 1.43625357 4.56716535
-0.28518087 -0.06618238 2.02145424
0.48041141 -0.00534692 0.31928577
0.46800069 -0.36641729 0.43891027
0.74740342 1.89703111 3.88624252
-0.58970859 -0.36192197 2.73833009
-0.81342482 0.38484366 -1.16304033
-0.17689686 0.51053670 0.76266991
0.50704750 -0.01961636 0.40500846
-0.26677816 0.25042874 1.06513715
-0.85606202 2.74365945 0.40058560
1.55931486 0.01700340 3.08677728
-1.09268886 -1.86898018 -0.34039467
0.75804250 -0.42158082 1.33359336
-1.19943997 2.01900331 1.28576649
0.17637048 1.05249842 4.04153834
-0.87573084 -0.19268161 0.01551948
0.11760846 -0.56000826 1.27363280
-0.95816834 1.96715555 2.39047878
-1.88111465 0.33208683 -1.64775611
0.18234273 1.25979591 6.21242231
-0.54849228 0.29137827 0.39314478
-0.05263497 0.45177836 0.52950071
1.60337200 0.31662541 2.64631094
1.01289623 1.78303077 2.81311412
1.84452321 1.18476316 0.67477768
-0.33614363 1.00782718 3.46490989
0.49875049 0.91614598 2.25571757
-1.07782608 0.64295695 -1.86463400
0.57693406 0.43837243 0.57491049
0.08652485 0.18519325 0.35325575
0.38378885 1.16105743 4.68095487
1.33473076 -0.59486849 2.45405129
1.67179119 0.15264574 2.61217141
-0.31300773 1.85836119 6.36105798
0.12355263 0.20194110 0.23203527
1.54772910 0.41991709 2.61647379
-0.10788918 0.99468130 3.66516559
1.00339756 1.87332641 2.61019182
0.88767178 -0.42876576 1.92466216
0.08864979 -0.55628061 1.44370423
-1.32457810 0.70225507 -2.02341124
0.23838465 -0.17825091 0.45316678
1.19666146 0.47798753 2.85028072
-0.46484257 -1.40036969 -1.73076371
-1.13667271 -0.52393642 0.07708514
0.24849462 0.71506805 0.90237098
0.35069281 -0.02669820 0.14131203
-0.13207671 -0.02443498 1.53866207
-0.52564519 1.04705280 3.07910356
-0.58488933 0.61873193 0.23489321
-0.92924720 -1.80532242 -0.75778603
0.39841642 1.21999114 5.16975507
-1.35590786 -0.78450456 0.20456195
-1.71158305 1.85697879 0.28969360
0.15859860 0.98468628 3.32824835
-1.97286405 0.24388459 -1.40681994
0.53981292 1.85462631 5.27008809
0.54317318 2.57595058 1.10908955
0.96374453 1.16688020 2.89905675
1.25372613 -0.51371970 2.71616734
-0.22013056 0.69659507 1.28503634
-0.25227004 0.71087317 1.34384406
0.01003714 -1.05238871 -1.37889327
0.48028838 -0.61063467 0.14349314
-1.95696755 0.95044562 -0.59816328
-0.56448466 2.78031127 0.53046597
-1.16323582 2.19259063 1.03892641
-0.02117577 1.38417182 7.47415075
0.33107168 -0.03847994 0.15287823
-0.36649625 0.12332566 1.37446193
0.86047541 0.06761363 2.20611686
-0.24659730 2.08065983 4.83793805
1.49053310 -1.18470642 0.25655859
-0.39939138 2.63583958 1.04221858
0.32520629 0.48795476 0.06774256
-0.65428085 0.20891341 0.02909052
-0.01912275 1.06245625 4.39223911
0.99294165 1.23156355 2.95692670
-0.12959656 0.70809368 1.31051717
-0.17083041 0.64688445 1.06535867
0.79042809 1.00954937 2.67124059
1.09181591 2.04055553 1.72096601
-0.40508326 2.18624028 3.55927494
0.53644394 -0.67692489 -0.03514874
0.26307669 0.31047222 -0.05557371
-1.27105799 0.53428861 -2.56396403
0.92910011 0.16609007 2.52272673
-1.93141286 0.11787463 -1.57367047
0.02421534 1.47279725 7.90185524
-1.21369154 0.80867526 -1.46711426
0.18813696 0.95675680 2.98733858
-0.57226390 0.14029641 0.66890419
0.12495398 -0.34765491 1.14906238
-1.06524615 1.71163867 2.33675449
0.60305370 -1.04513479 -2.35811402
-1.06146764 1.18309768 1.01993359
-1.51643050 0.85618373 -1.37445637
0.32928251 0.38153070 -0.04086462
-1.98362094 0.37339937 -1.28965366
0.16713678 0.14567973 0.18787799
-0.17889400 2.12263448 4.61188331
1.17823916 0.98781476 2.20046733
-0.44340799 -0.62198924 3.77386860
0.73895390 -0.77181167 0.04549685
-0.15484845 0.25679768 0.91152234
-0.08605564 -0.06664128 1.48967130
-0.33575684 1.13074298 4.66234110
-0.13662938 0.37082671 0.71500687
0.09277642 1.33085260 7.00567721
0.18971879 -0.45373772 0.94864502
0.78378608 0.96020711 2.45121617
-0.23298456 2.16083540 4.18673532
-1.18441143 -0.26404025 -1.52277698
-0.19779729 0.62771181 1.01278743
-0.85467279 -0.32918256 0.90035905
0.02359750 -0.00047441 0.88863314
-0.17045647 1.18762595 5.66202288
-1.06966627 2.03455299 1.71280610
0.22583875 -0.53724153 0.76536459
-0.86765950 -0.64096696 2.27964612
0.41841524 1.08606596 3.86960538
0.16215560 -0.22038199 0.76857689
-0.57884112 0.81369745 1.08297702
-0.39928463 1.07081667 3.85258215
1.48789443 1.41148723 1.28171956
-0.35781685 0.19770016 1.16754642
0.35643089 -1.59192225 -6.39382543
1.03128220 0.12165813 3.02437925
1.52254309 -0.47783117 2.56845625
-1.01648111 -0.00244393 -1.74243912
1.12841475 1.61373247 2.51619511
-0.92724860 -0.17022423 -0.46910943
-1.19277138 0.14555982 -2.82016597
1.37485942 2.13591388 0.73759027
-0.70323695 1.52496354 4.77119164
0.24420707 1.32636785 6.59805566
1.03234591 -0.70472253 1.50696735
1.61693990 1.60393110 0.81144238
-0.05483024 0.91080892 2.80002045
-0.24801135 -0.66329588 3.23138812
-0.39672495 -0.21112607 2.59675674
-0.03354703 -0.27768839 1.82495417
1.03291805 -0.20148115 2.95276390
-1.98982224 1.01678635 -0.46946912
-0.27803372 0.08560051 1.51275785
0.76569543 -0.06158479 1.66273761
0.74414957 0.84371703 1.94445767
-1.72319332 2.24752209 0.17151608
1.03039243 1.03989988 2.46593766
0.05971477 0.00480263 0.73766473
-0.93421584 0.96301690 0.29830467
-1.06244114 0.73737630 -1.43463866
-0.62944586 -0.09186323 1.23727059
-0.30228442 1.15517053 5.01288495
1.03963889 0.59451200 2.35555978
-0.93096965 1.68341257 3.17113227
-1.27762908 0.27839155 -2.99944911
-0.94432003 -0.27676896 -0.03874155
-0.31880742 0.55633894 0.82558702
1.27031154 0.86247267 2.15193465
0.03087775 0.93035789 2.92387587
0.65317585 0.56160769 0.97561208
0.55834690 1.32717756 5.25483095
0.13639754 1.36211901 7.15410088
-0.33733841 -0.02402017 1.89176838
-1.33716505 1.05580647 -0.50282116
-0.41149095 0.20028415 1.07320521
-0.10777619 -0.35708255 2.40073818
0.52291736 1.16758809 4.29423882
0.95614998 1.44175527 3.46520078
1.20332059 -0.14696211 3.46567525
-0.97623152 2.79788558 0.26208658
-0.07515257 1.77624795 7.49790316
0.35280658 0.02990684 0.09563675
0.04903746 -0.21920613 1.26845436
1.28601747 0.34193152 3.19635896
-0.26722530 -0.04828134 1.93801067
1.32423802 -0.19500988 3.45598280
-0.26759192 -0.00807986 1.80243612
-0.46940622 1.34510710 5.75267873
-1.42575628 0.13581364 -2.99639361
0.80549211 0.60415186 1.59938025
1.35476914 -0.63272918 2.31208541
0.82555918 1.49518438 4.25572182
-0.25868959 2.00380467 5.45317099
0.75749952 0.14220916 1.57570947
-0.70445570 0.93925107 1.31303296
1.21131851 1.47617679 2.22867113
-1.84223417 1.04855666 -0.55863686
-0.36824556 0.77987376 1.56855349
-1.54799256 0.96054390 -0.99466549
-0.45167227 -1.31559957 -1.07271668
-1.13754240 1.23895100 0.94384168
-0.13587675 0.83409134 2.15000753
0.63437909 -0.63662591 0.32595540
-0.01355792 0.83687081 2.09373426
0.37589683 -1.43022327 -5.90689642
-0.23658235 1.44045482 7.39155358
0.97914134 0.42155794 2.42165322
1.09374820 -0.18854090 3.17865321
-1.38362216 -0.22305979 -2.22781962
1.01013388 1.31432461 3.04263075
0.87266313 1.71405952 3.78034221
1.03761234 -1.11195034 -0.78215213
0.30254770 0.88265856 2.11618206
-1.29811748 1.34591347 0.71622518
0.84786372 0.82351257 2.02047091
-0.26887640 0.67759076 1.18731349
0.30198299 0.52272578 0.12759071
0.75760499 1.60927386 4.68077600
0.87605119 1.24631228 3.43907305
1.28870256 1.34932027 1.95500970
-0.14253520 -0.21719713 2.16171299
1.66590470 1.12719563 1.06976311
-1.38011430 -0.34460867 -1.72627808
0.83081956 0.62548690 1.70098306
-0.87826817 0.51971107 -1.40195100
0.13986221 0.83128519 1.85701891
0.71253894 1.89287221 4.10110137
0.35962374 0.13419941 0.02813228
0.71274800 2.77510798 0.44848261
1.06878568 0.08910117 3.18496304
-0.49517395 -0.36369513 3.07748502
0.13296228 1.10910571 4.74829653
-0.08289853 1.76195725 7.56597335
0.21421905 1.74552418 7.33538577
0.69269606 -0.10451754 1.24637051
-1.90818478 0.70927629 -1.06519112
0.11653332 0.56886762 0.39791650
1.75517417 1.42062286 0.66201480
-0.39556563 1.36865026 6.31472858
-0.93258346 0.61248681 -1.42971782
-0.67356455 1.03336626 2.18252423
0.71453205 0.76574012 1.61668647
-1.79000392 1.01069430 -0.67949082
0.22430285 -0.12553340 0.41114002
1.52358483 1.69073161 0.95958262
-0.06961566 1.17015655 5.58149291
1.36559020 -0.03690477 3.54065639
-0.55869534 -0.37509939 2.92595271
0.27539348 -0.88203473 -1.00883219
-1.01103512 1.08616533 0.70631868
0.94250688 -0.26249076 2.48134886
0.68892136 1.13977057 3.58191953
0.04127457 2.65602529 1.13930836
-0.49772668 1.58549401 6.30211344
-0.00984729 -1.07959882 -1.56487026
-0.51766032 0.41561598 0.34360894
0.30217683 0.39321632 -0.04430250
0.77344100 -0.37130265 1.48596276
0.98820885 1.20852633 2.92287302
0.01760021 0.32295536 0.39623231
0.81980615 -1.20774484 -2.54709055
0.68775970 0.99356800 2.68041216
0.39315819 -1.76688496 -5.98588028
-0.51086319 1.45928316 6.01341877
-0.19206908 1.49739273 7.72873394
-0.23406889 0.62372879 1.00781861
-1.60141394 -0.19870881 -2.20245957
0.79102615 0.79032122 1.84322395
0.01286688 -0.37071921 1.77950866
-1.34851188 1.94561839 0.94029000
0.86605917 0.99499027 2.54433073
0.79129498 -0.34516647 1.61067706
1.17695251 0.23718697 3.30424699
-1.16543173 0.49894116 -2.51424484
0.53824610 0.12170255 0.46151834
-0.84286055 1.51101082 3.70724446
-0.52850564 -0.13343005 1.92766141
-2.00000000 0.72557825 -0.84773285
-2.00000000 0.69179796 -0.89230388
-2.00000000 -1.54654471 0.08007573
-2.00000000 2.25654108 0.05656347
-2.00000000 1.69750046 0.06014092
-2.00000000 -0.52869903 -0.75496782
-2.00000000 -1.04212943 -0.09360973
-2.00000000 -1.91138693 0.05523241
-2.00000000 -0.82900697 -0.31758204
-2.00000000 2.22722599 0.05975610
-2.00000000 0.03344554 -1.34295843
-2.00000000 2.81129619 0.01132448
-2.00000000 -0.92331799 -0.20651986
-2.00000000 2.39671129 0.04152391
-2.00000000 1.72227640 0.06522893
-2.00000000 1.15585200 -0.29410937
2.00000000 0.89661628 0.67200306
2.00000000 -0.48692359 1.13640496
2.00000000 -0.81050837 0.74144208
2.00000000 -1.00191843 0.49728520
2.00000000 -1.91358057 -0.06111164
2.00000000 0.08609700 1.39855901
2.00000000 -1.78279488 -0.04964658
2.00000000 0.57888091 1.00866894
2.00000000 1.38386622 0.34221766
2.00000000 -0.56595292 1.04824711
2.00000000 -0.44416146 1.18047833
2.00000000 1.23810888 0.41594456
2.00000000 1.88127394 0.16575434
2.00000000 2.97938635 0.00619687
2.00000000 1.36304420 0.35178376
2.00000000 -0.63627616 0.96393472
-1.56818159 -2.00000000 0.06134998
-0.17895499 -2.00000000 -4.18842126
0.45792267 -2.00000000 -4.48941081
0.65673278 -2.00000000 -3.70552360
0.88581995 -2.00000000 -2.62451113
0.94027265 -2.00000000 -2.37091471
1.73306834 -2.00000000 -0.21720503
-1.26658397 -2.00000000 -0.10961136
-0.70959792 -2.00000000 -1.62225742
-1.98330431 -2.00000000 0.04867710
0.35609845 -2.00000000 -4.76507778
0.61597173 -2.00000000 -3.88566179
-1.98134429 -2.00000000 0.04889352
-0.62566118 -2.00000000 -2.01073115
0.41082282 -2.00000000 -4.62999227
0.68913317 -2.00000000 -3.55765815
1.41423803 3.00000000 0.04100736
0.85012178 3.00000000 0.14584036
1.22523264 3.00000000 0.06727185
0.46253180 3.00000000 0.24212957
-1.35795022 3.00000000 0.04696390
0.55010161 3.00000000 0.22162921
-0.41760408 3.00000000 0.25187642
0.57556722 3.00000000 0.21538332
1.55838268 3.00000000 0.02681695
-0.42756964 3.00000000 0.24975985
0.09535734 3.00000000 0.29713693
-1.83221090 3.00000000 0.01017876
0.47528094 3.00000000 0.23925772
0.77430676 3.00000000 0.16486262
0.42200278 3.00000000 0.25095059
1.77390496 3.00000000 0.01317005
0.48151917 3.00000000 0.23783693
-0.71694856 3.00000000 0.17915495
