-2.00000000 -2.00000000 0.00000000
-2.00000000 -1.86206897 0.26634958
-2.00000000 -1.72413793 0.51367420
-2.00000000 -1.58620690 0.74197384
-2.00000000 -1.44827586 0.95124851
-2.00000000 -1.31034483 1.14149822
-2.00000000 -1.17241379 1.31272295
-2.00000000 -1.03448276 1.46492271
-2.00000000 -0.89655172 1.59809750
-2.00000000 -0.75862069 1.71224732
-2.00000000 -0.62068966 1.80737218
-2.00000000 -0.48275862 1.88347206
-2.00000000 -0.34482759 1.94054697
-2.00000000 -0.20689655 1.97859691
-2.00000000 -0.06896552 1.99762188
-2.00000000 0.06896552 1.99762188
-2.00000000 0.20689655 1.97859691
-2.00000000 0.34482759 1.94054697
-2.00000000 0.48275862 1.88347206
-2.00000000 0.62068966 1.80737218
-2.00000000 0.75862069 1.71224732
-2.00000000 0.89655172 1.59809750
-2.00000000 1.03448276 1.46492271
-2.00000000 1.17241379 1.31272295
-2.00000000 1.31034483 1.14149822
-2.00000000 1.44827586 0.95124851
-2.00000000 1.58620690 0.74197384
-2.00000000 1.72413793 0.51367420
-2.00000000 1.86206897 0.26634958
-2.00000000 2.00000000 0.00000000
-1.86206897 -2.00000000 -0.26634958
-1.90060060 -1.86697042 0.06335205
-1.83262263 -1.70178943 0.23120921
-1.83684463 -1.59343686 0.41747858
-1.82944329 -1.44469800 0.62985522
-1.90772508 -1.31513549 0.95491681
-1.91123386 -1.12533137 1.19322209
-1.81345154 -1.05238751 1.09054352
-1.88279508 -0.86740614 1.39626196
-1.89427162 -0.79358642 1.47924279
-1.89593266 -0.63732713 1.59418739
-1.84833214 -0.43237543 1.61469160
-1.89351427 -0.29522900 1.74911807
-1.85604454 -0.16327334 1.70912157
-1.82748613 -0.10589289 1.66424613
-1.84591569 0.02808761 1.70330792
-1.91582751 0.19553448 1.81608065
-1.83232718 0.35202189 1.61675174
-1.89549270 0.51985961 1.66131929
-1.81707287 0.59211424 1.47557728
-1.86770277 0.77360571 1.44492392
-1.81831624 0.85594806 1.28681344
-1.85620201 1.08543232 1.13366128
-1.85020488 1.19604449 0.99636784
-1.83216897 1.31111833 0.81890592
-1.88492111 1.45810363 0.71343071
-1.85900462 1.56916313 0.49681262
-1.82355463 1.70923977 0.20192546
-1.86385631 1.89050591 -0.05002614
-1.86206897 2.00000000 -0.26634958
-1.72413793 -2.00000000 -0.51367420
-1.69001179 -1.81960879 -0.22741815
-1.70766236 -1.75104870 -0.07503040
-1.68636297 -1.54169799 0.23349369
-1.70078567 -1.41924557 0.43920695
-1.72266129 -1.31105363 0.62435014
-1.71514642 -1.21078020 0.73786927
-1.70500149 -0.99518879 0.95831467
-1.76059957 -0.86894391 1.17232367
-1.70171670 -0.79983463 1.12805214
-1.77299477 -0.61031936 1.38551037
-1.75467928 -0.50343551 1.41272604
-1.71096095 -0.32842555 1.40976202
-1.69708775 -0.19947869 1.42015755
-1.74221777 -0.12197565 1.51022234
-1.76611018 0.03556219 1.55894025
-1.72138851 0.23083197 1.45494751
-1.75576683 0.33284880 1.48596443
-1.67667986 0.47195042 1.29425908
-1.70095255 0.63357422 1.24591164
-1.70676765 0.75608813 1.17069329
-1.71923486 0.91839142 1.05616286
-1.76098861 1.06697070 0.98132721
-1.68358957 1.12316333 0.78648899
-1.75696560 1.28302752 0.72038425
-1.76825137 1.40912547 0.57053917
-1.70875762 1.54521118 0.26608751
-1.77124614 1.77261982 -0.00243407
-1.73479257 1.86647627 -0.23711420
-1.72413793 2.00000000 -0.51367420
-1.58620690 -2.00000000 -0.74197384
-1.58902061 -1.87906956 -0.50295796
-1.59118546 -1.75739182 -0.27827742
-1.57753592 -1.61326061 -0.05699511
-1.62477534 -1.47995530 0.22481361
-1.59569806 -1.26354640 0.47485140
-1.57556329 -1.12013295 0.61385092
-1.59699597 -1.06053006 0.71283605
-1.56329731 -0.93021052 0.78930343
-1.53204503 -0.77052366 0.87672763
-1.61106519 -0.64556244 1.08939009
-1.60747018 -0.43526879 1.19725072
-1.53268474 -0.33847508 1.11727857
-1.61535293 -0.26020974 1.27082798
-1.63188001 -0.09093415 1.32738167
-1.57068092 0.08270665 1.23009908
-1.54778394 0.24180925 1.16858171
-1.60223474 0.36372942 1.21742853
-1.59226071 0.50757508 1.13883085
-1.62054083 0.67250809 1.08694273
-1.63809586 0.77141321 1.04413986
-1.60225052 0.92925663 0.85184442
-1.62495809 1.07699263 0.74028784
-1.64022918 1.19799161 0.62758392
-1.56408111 1.31114383 0.36362578
-1.62160461 1.43546057 0.28452723
-1.59200811 1.55495120 0.05830830
-1.62307305 1.76137720 -0.23404176
-1.58081324 1.83714400 -0.43806379
-1.58620690 2.00000000 -0.74197384
-1.44827586 -2.00000000 -0.95124851
-1.43463710 -1.84761070 -0.67774085
-1.48785217 -1.71493799 -0.36365413
-1.43909906 -1.62850373 -0.29050915
-1.46993823 -1.40878060 0.08802781
-1.43968050 -1.34045780 0.13792642
-1.45985433 -1.17693825 0.37299551
-1.42562792 -0.99525374 0.52094248
-1.49313933 -0.94584986 0.66741655
-1.45463379 -0.81081963 0.72926549
-1.48586759 -0.66351101 0.88377782
-1.49302309 -0.46913120 1.00451693
-1.49226646 -0.33757863 1.05644993
-1.39758469 -0.24599381 0.94636500
-1.42011352 -0.05980894 1.00657265
-1.48413965 0.11788420 1.09438691
-1.42253579 0.19378437 0.99302784
-1.40603922 0.30177948 0.94293772
-1.41198568 0.51999851 0.86165256
-1.49003345 0.66585845 0.88841611
-1.41738965 0.80370878 0.68152281
-1.47203348 0.92247632 0.65796001
-1.41786059 1.01798583 0.48701675
-1.49883922 1.11958509 0.49652412
-1.44755710 1.31556545 0.18235456
-1.48905495 1.46251561 0.03916637
-1.49698149 1.58382314 -0.13377107
-1.44712066 1.69189922 -0.38418239
-1.49748125 1.90589629 -0.69499529
-1.44827586 2.00000000 -0.95124851
-1.31034483 -2.00000000 -1.14149822
-1.27201856 -1.85248564 -0.90683592
-1.36152475 -1.72138314 -0.55470515
-1.25999761 -1.55716723 -0.41858789
-1.28984440 -1.49834388 -0.29066790
-1.30182562 -1.33941520 -0.04964157
-1.25743870 -1.22559603 0.03953323
-1.34049478 -0.99316337 0.40527639
-1.35165670 -0.91829456 0.49185547
-1.33139741 -0.71711884 0.62917982
-1.28900623 -0.57350143 0.66631659
-1.34383863 -0.52753233 0.76380595
-1.32738999 -0.31588767 0.83108958
-1.29739313 -0.15957975 0.82888162
-1.28719692 -0.11443181 0.82189064
-1.33045216 0.03674573 0.88437635
-1.33560498 0.22500606 0.86660647
-1.31647168 0.37272941 0.79708524
-1.36298464 0.52720971 0.78988853
-1.34707054 0.64707739 0.69794495
-1.27289581 0.70883410 0.55890898
-1.30573823 0.94821046 0.40292463
-1.36392184 1.03417543 0.39538199
-1.31846898 1.15952833 0.19692725
-1.34357762 1.27558713 0.08903916
-1.33579557 1.41755727 -0.11255940
-1.33275436 1.62990399 -0.44017641
-1.26151692 1.69801927 -0.64592226
-1.36172421 1.83663631 -0.75947006
-1.31034483 2.00000000 -1.14149822
-1.17241379 -2.00000000 -1.31272295
-1.13363772 -1.89729814 -1.15730287
-1.15479856 -1.76841382 -0.89686386
-1.18846296 -1.62214607 -0.60945683
-1.15975169 -1.46238455 -0.39677229
-1.14263591 -1.30836728 -0.20310407
-1.18287842 -1.22444914 -0.05003717
-1.13559047 -1.08460710 0.05659657
-1.17253205 -0.84350113 0.33166863
-1.14081300 -0.77433167 0.35093239
-1.12567115 -0.64698051 0.42427588
-1.16354706 -0.47456749 0.56431373
-1.14838590 -0.36781829 0.59174994
-1.18354226 -0.22597648 0.67485346
-1.12687784 -0.04309124 0.63399840
-1.18982367 0.09874109 0.70296528
-1.15961120 0.17937247 0.65626182
-1.17251193 0.30107027 0.64207046
-1.20379611 0.43676205 0.62918199
-1.21800531 0.63324858 0.54126658
-1.13653973 0.79501430 0.32983741
-1.20295331 0.94524344 0.27680576
-1.19035876 1.05529213 0.15165625
-1.16202589 1.16982175 -0.00908938
-1.15181117 1.35284894 -0.25176564
-1.15110529 1.44926742 -0.38766634
-1.13311125 1.61296456 -0.65885678
-1.18606989 1.77622629 -0.87410903
-1.18291696 1.81200073 -0.94202705
-1.17241379 2.00000000 -1.31272295
-1.03448276 -2.00000000 -1.46492271
-0.98406538 -1.81393302 -1.16098416
-1.03063912 -1.69691126 -0.90864541
-1.01316717 -1.62985325 -0.81495695
-1.00233056 -1.43436462 -0.52636765
-0.98387572 -1.31261321 -0.37747100
-1.05864206 -1.14308512 -0.09296030
-1.02872426 -0.99396940 0.03514922
-1.08420554 -0.87649496 0.20362911
-0.98992810 -0.79316316 0.17542492
-1.07898510 -0.62170923 0.38884324
-1.01780192 -0.46847482 0.40822605
-1.03125732 -0.36235265 0.46609611
-1.01158606 -0.15381221 0.49982408
-1.03379616 -0.08033151 0.53114067
-0.98349628 0.03389405 0.48305806
-1.02766703 0.24382221 0.49832513
-1.00289677 0.37177578 0.43379236
-1.01474649 0.47730768 0.40094390
-0.98382457 0.56648858 0.32350073
-1.04279778 0.75325285 0.26001868
-1.01078109 0.87343851 0.12939179
-1.06734457 1.02881697 0.04038004
-1.01967862 1.17553067 -0.17106394
-0.99372785 1.30738362 -0.36087845
-1.06655174 1.46372737 -0.50248259
-1.04650654 1.53455322 -0.62983882
-1.04524361 1.68180960 -0.86797466
-1.01932897 1.90593035 -1.29676948
-1.03448276 2.00000000 -1.46492271
-0.89655172 -2.00000000 -1.59809750
-0.87123988 -1.81233004 -1.26274062
-0.93537301 -1.68765276 -0.98662458
-0.86789744 -1.61445542 -0.92661017
-0.89942464 -1.48383829 -0.69640570
-0.91728979 -1.30768940 -0.43431551
-0.90867211 -1.18447094 -0.28864321
-0.87359314 -1.01522103 -0.13375438
-0.93830063 -0.88887091 0.04515829
-0.86636136 -0.80949107 0.04765311
-0.86969241 -0.67284182 0.15182439
-0.90437169 -0.49557267 0.28614794
-0.94871637 -0.39110799 0.37354864
-0.87805517 -0.23221571 0.35852837
-0.89447393 -0.10563657 0.39446227
-0.88397252 0.11627436 0.38394384
-0.86907962 0.19240152 0.35914052
-0.84675848 0.32853926 0.30453094
-0.92064967 0.47429475 0.31132015
-0.84380764 0.60840412 0.17092788
-0.91929601 0.76329143 0.13124567
-0.88172776 0.92468272 -0.03879715
-0.87377031 1.05326375 -0.17294498
-0.90614210 1.16570007 -0.26888157
-0.84419359 1.30973530 -0.50137186
-0.86819196 1.43296167 -0.64981093
-0.94969317 1.57440529 -0.78841745
-0.89417184 1.71315184 -1.06767297
-0.92811306 1.82523857 -1.23505100
-0.89655172 2.00000000 -1.59809750
-0.75862069 -2.00000000 -1.71224732
-0.80759295 -1.83964973 -1.36605237
-0.75561229 -1.68978670 -1.14221458
-0.71908937 -1.55874192 -0.95629342
-0.72662236 -1.40446177 -0.72226640
-0.71360825 -1.27553227 -0.55887292
-0.71556749 -1.18892669 -0.45075491
-0.70462868 -0.99174237 -0.24352567
-0.72459819 -0.85856376 -0.10604459
-0.73182375 -0.75054531 -0.01387613
-0.75665320 -0.57380170 0.12163784
-0.78179972 -0.46700864 0.19655686
-0.71142769 -0.37032778 0.18449335
-0.79594586 -0.22749594 0.29088770
-0.76493832 -0.06814516 0.29024344
-0.78762491 0.04089666 0.30934023
-0.79706113 0.20371969 0.29690237
-0.79758800 0.32880535 0.26401683
-0.79424999 0.49722713 0.19179911
-0.74555623 0.59129806 0.10311035
-0.70433312 0.73516420 -0.02219063
-0.71439083 0.87477128 -0.12743527
-0.75194303 1.04427910 -0.26255026
-0.75010027 1.15486231 -0.38552826
-0.72699200 1.32369914 -0.61183102
-0.75202453 1.44631431 -0.76314209
-0.78218834 1.57619257 -0.93628220
-0.73311368 1.74695932 -1.25720560
-0.70479773 1.88685021 -1.53173194
-0.75862069 2.00000000 -1.71224732
-0.62068966 -2.00000000 -1.80737218
-0.56719769 -1.88075149 -1.60775647
-0.64496154 -1.67007572 -1.18658877
-0.62876021 -1.57750748 -1.04659522
-0.58058250 -1.48905217 -0.94010016
-0.66210826 -1.31394953 -0.64403801
-0.65327678 -1.22007992 -0.53091223
-0.59760485 -1.02897099 -0.35082487
-0.62562777 -0.88146846 -0.19278827
-0.64185779 -0.76993325 -0.09040789
-0.63863429 -0.60501510 0.02090525
-0.62520658 -0.47425111 0.08298458
-0.61535283 -0.33737893 0.13241728
-0.67012683 -0.17642895 0.20897140
-0.57624637 -0.11577341 0.15932820
-0.59431493 0.07669320 0.17366420
-0.59450887 0.15427565 0.16481991
-0.67126111 0.34970561 0.16414873
-0.61480635 0.43982198 0.09227173
-0.59064208 0.57697770 0.00797740
-0.57800699 0.79086203 -0.14568533
-0.59635711 0.93528218 -0.25955548
-0.64333242 1.04661603 -0.34076426
-0.67263895 1.19967342 -0.49338658
-0.65531284 1.26142710 -0.58088171
-0.59236443 1.40053698 -0.80530411
-0.60511391 1.63620002 -1.15549384
-0.61629851 1.72935621 -1.30542452
-0.59236365 1.88852885 -1.60782326
-0.62068966 2.00000000 -1.80737218
-0.48275862 -2.00000000 -1.88347206
-0.48277881 -1.91080546 -1.70905107
-0.43006436 -1.69931546 -1.35135884
-0.48515897 -1.56799125 -1.11160867
-0.50982320 -1.47733442 -0.96129864
-0.53290090 -1.32154743 -0.73125212
-0.47560065 -1.21571632 -0.62588510
-0.51700085 -1.04659088 -0.41403130
-0.53709820 -0.86288437 -0.22804748
-0.51956544 -0.71440831 -0.12021549
-0.47513315 -0.64126833 -0.09273678
-0.52936163 -0.46862727 0.03030611
-0.53072127 -0.36294436 0.07496823
-0.42862028 -0.17113984 0.07721325
-0.45992326 -0.05982856 0.10397497
-0.46984875 0.09558474 0.10581070
-0.44182370 0.16321699 0.08428420
-0.43974372 0.39659892 0.01804192
-0.47374456 0.46438431 0.00439056
-0.53143891 0.60373888 -0.04103666
-0.53323520 0.77793015 -0.16041777
-0.47244179 0.92168361 -0.31314971
-0.44257919 1.01438370 -0.41654898
-0.45557830 1.19844664 -0.61436138
-0.47641076 1.26277438 -0.68381596
-0.44308407 1.45376012 -0.95854750
-0.48656457 1.62453557 -1.20118538
-0.52451250 1.67347164 -1.26269699
-0.46476896 1.88553735 -1.66962046
-0.48275862 2.00000000 -1.88347206
-0.34482759 -2.00000000 -1.94054697
-0.34160428 -1.85573453 -1.66352858
-0.31526880 -1.68877204 -1.37627829
-0.32871832 -1.56088171 -1.16414800
-0.34385924 -1.48467270 -1.04300692
-0.31222309 -1.35953890 -0.87543138
-0.38088274 -1.16468964 -0.60571515
-0.35924738 -0.99222915 -0.42773000
-0.36652936 -0.89747070 -0.33555495
-0.37865978 -0.72133865 -0.18847311
-0.35996554 -0.59709788 -0.11347535
-0.31920262 -0.48821898 -0.06823373
-0.38670303 -0.29429822 0.03146390
-0.39523102 -0.17145927 0.06340464
-0.38205145 -0.07661408 0.07004680
-0.35090518 0.06079719 0.05971907
-0.33514249 0.22605888 0.03060894
-0.32548880 0.29764061 0.00867651
-0.35886334 0.44899999 -0.03640905
-0.29393020 0.62507551 -0.15216221
-0.29156497 0.72712915 -0.22185334
-0.32468053 0.89877795 -0.35119218
-0.36334147 1.00084753 -0.43483938
-0.33346745 1.21476829 -0.68223072
-0.34550747 1.31220966 -0.80125939
-0.29639359 1.42208411 -0.96723703
-0.36085088 1.62779038 -1.25974408
-0.39051427 1.67377488 -1.32451048
-0.32708112 1.86007495 -1.67644838
-0.34482759 2.00000000 -1.94054697
-0.20689655 -2.00000000 -1.97859691
-0.16267050 -1.85449654 -1.70634787
-0.23102452 -1.70647122 -1.42933584
-0.21293021 -1.57228452 -1.21336967
-0.23982351 -1.49570643 -1.08981120
-0.16232950 -1.27308027 -0.79719125
-0.24490486 -1.21518215 -0.70834464
-0.17121425 -1.01180498 -0.49721750
-0.21247917 -0.85865238 -0.34606826
-0.17241328 -0.72343805 -0.24681814
-0.16187546 -0.58706483 -0.15922072
-0.26104876 -0.46753743 -0.07522240
-0.25100636 -0.30192378 -0.01407689
-0.17171271 -0.19532431 -0.00433317
-0.21372635 -0.04860122 0.02165844
-0.22902683 0.08952652 0.02221915
-0.15666823 0.15667469 -0.00000101
-0.21881284 0.37810669 -0.04754280
-0.24170962 0.46661267 -0.07965192
-0.17241227 0.62846590 -0.18262170
-0.23272443 0.74781272 -0.25253160
-0.22162328 0.89757272 -0.37825995
-0.15328478 1.00708546 -0.49536245
-0.22616712 1.21488780 -0.71240040
-0.20825210 1.32622953 -0.85775791
-0.16694403 1.40485338 -0.97287136
-0.24196632 1.54727091 -1.16774979
-0.24202814 1.67657913 -1.37616997
-0.23552850 1.90733047 -1.79121793
-0.20689655 2.00000000 -1.97859691
-0.06896552 -2.00000000 -1.99762188
-0.02552966 -1.84181489 -1.69581517
-0.06725914 -1.69737262 -1.43827501
-0.01937198 -1.60984234 -1.29560854
-0.04389474 -1.48883093 -1.10734539
-0.08189412 -1.30751226 -0.85144083
-0.05511910 -1.20426179 -0.72360417
-0.07860127 -1.07069544 -0.57010528
-0.08395573 -0.86349674 -0.36928903
-0.09724833 -0.77719666 -0.29728870
-0.05790031 -0.65440197 -0.21244475
-0.02744521 -0.50183541 -0.12554277
-0.09056686 -0.36445461 -0.06231240
-0.07398152 -0.21239288 -0.01981874
-0.07930916 -0.07821828 0.00008592
-0.10219340 0.02166960 0.00498696
-0.02925494 0.24331696 -0.02917365
-0.04244600 0.34323964 -0.05800589
-0.01859546 0.44249702 -0.09772891
-0.11775522 0.66714480 -0.21560795
-0.06429168 0.76310668 -0.28909919
-0.06717348 0.92014260 -0.42107506
-0.05124217 1.06074834 -0.56128064
-0.06747741 1.20373495 -0.72221231
-0.05118676 1.34644269 -0.90514392
-0.03911608 1.40781071 -0.99020047
-0.07497940 1.60487441 -1.28499998
-0.04560350 1.71803080 -1.47477507
-0.05883346 1.90394054 -1.81076411
-0.06896552 2.00000000 -1.99762188
0.06896552 -2.00000000 -1.99762188
0.03858430 -1.88724968 -1.78011130
0.04761420 -1.76244383 -1.55197057
0.07969149 -1.57703162 -1.24033900
0.12185829 -1.44506149 -1.03667663
0.04037871 -1.35338826 -0.91501468
0.07947388 -1.21126065 -0.73041813
0.02904061 -1.03830899 -0.53862111
0.10285151 -0.91914597 -0.41712544
0.04408888 -0.80743593 -0.32500448
0.11947337 -0.58802886 -0.16575203
0.07185576 -0.52892193 -0.13729758
0.11765128 -0.33346022 -0.04867695
0.09164562 -0.18876514 -0.01361668
0.07512891 -0.07869293 -0.00027411
0.09761308 0.02432192 0.00446838
0.04427942 0.21367236 -0.02184760
0.06446558 0.34518410 -0.05749813
0.07597131 0.44019138 -0.09399841
0.03304686 0.56681222 -0.16009200
0.08699947 0.77403210 -0.29577839
0.01672292 0.86318068 -0.37240061
0.05017048 1.06646913 -0.56741967
0.09555595 1.13808988 -0.64305882
0.06422214 1.31916722 -0.86803884
0.10082160 1.41406022 -0.99470065
0.03697309 1.61551253 -1.30425687
0.09014621 1.70287883 -1.44583498
0.04132874 1.85627245 -1.72201967
0.06896552 2.00000000 -1.99762188
0.20689655 -2.00000000 -1.97859691
0.15631381 -1.84858910 -1.69642382
0.23816995 -1.75527470 -1.51213218
0.24833023 -1.54855137 -1.16817172
0.15847416 -1.42017366 -0.99588958
0.23723030 -1.30000401 -0.81686611
0.17714900 -1.17460156 -0.67415353
0.25591799 -1.02315088 -0.49067186
0.25703242 -0.86205543 -0.33853695
0.21765130 -0.72377700 -0.23824053
0.20375195 -0.65987546 -0.19696038
0.21233127 -0.51545052 -0.11030234
0.18590445 -0.38978606 -0.05868635
0.20960230 -0.17720319 0.00626608
0.26113783 -0.04093403 0.03325869
0.23037987 0.09748397 0.02178588
0.17778420 0.21933626 -0.00825059
0.25170854 0.36209830 -0.03387900
0.19452793 0.50779260 -0.11000610
0.24840205 0.61239446 -0.15666169
0.17712884 0.74208218 -0.25965567
0.23166786 0.86441330 -0.34677018
0.17548679 1.08468227 -0.57287001
0.15734561 1.12917176 -0.62513562
0.24004133 1.32784495 -0.85277618
0.24822501 1.49485481 -1.08648762
0.17223850 1.61181398 -1.28413910
0.18184524 1.74286781 -1.50226025
0.15826649 1.89108930 -1.77558522
0.20689655 2.00000000 -1.97859691
0.34482759 -2.00000000 -1.94054697
0.31295133 -1.84546436 -1.65390008
0.34021944 -1.70675643 -1.39863412
0.33455507 -1.63799257 -1.28554628
0.32346543 -1.47486367 -1.03529648
0.39900066 -1.35979538 -0.84492097
0.37427558 -1.21220835 -0.66468343
0.32641632 -1.01173824 -0.45853333
0.35140961 -0.94743349 -0.38707076
0.32129716 -0.78061402 -0.25306319
0.36061848 -0.61935714 -0.12677879
0.34007904 -0.53565753 -0.08563762
0.33830716 -0.34901796 -0.00368090
0.30594925 -0.19997422 0.02680763
0.30608280 -0.08173256 0.04350323
0.30428127 0.05355272 0.04485960
0.29998213 0.21402968 0.02209029
0.35558502 0.39283606 -0.01393973
0.32393896 0.44088735 -0.04472260
0.33442973 0.64644481 -0.15302382
0.31622558 0.80808576 -0.27650199
0.31838559 0.91192187 -0.36511605
0.30224023 1.04304542 -0.49829730
0.37405676 1.17263103 -0.61757253
0.32126318 1.31781272 -0.81671016
0.39834468 1.42266687 -0.93265127
0.37116696 1.59047450 -1.19592212
0.39781922 1.69959439 -1.36518048
0.38262932 1.81100249 -1.56666242
0.34482759 2.00000000 -1.94054697
0.48275862 -2.00000000 -1.88347206
0.53056989 -1.91104340 -1.68529124
0.46409242 -1.75392675 -1.43043863
0.45881867 -1.54470780 -1.08780381
0.45130569 -1.43934511 -0.93401877
0.49376140 -1.35833517 -0.80063705
0.51155075 -1.12168800 -0.49824990
0.48484786 -1.06710490 -0.45181771
0.46120730 -0.88833651 -0.28821479
0.53321925 -0.73165869 -0.12550084
0.45954188 -0.65974075 -0.11203956
0.50803016 -0.48364358 0.01209177
0.46330922 -0.31056226 0.05910326
0.46203303 -0.17823195 0.09085395
0.51174438 -0.03760721 0.13023400
0.45515156 0.06800095 0.10126941
0.52525126 0.18333182 0.12113916
0.43824961 0.29649176 0.05207768
0.49721390 0.48125043 0.00780985
0.50668764 0.66747836 -0.09439750
0.49114777 0.75056810 -0.16106317
0.52437504 0.91699528 -0.28295558
0.43459763 1.00942902 -0.41503593
0.49442966 1.14214992 -0.53002287
0.53657040 1.26128879 -0.65147081
0.52625153 1.49571214 -0.98010706
0.47023549 1.57141224 -1.12410750
0.49104059 1.69675788 -1.31893322
0.53650158 1.87785245 -1.61924793
0.48275862 2.00000000 -1.88347206
0.62068966 -2.00000000 -1.80737218
0.62235386 -1.88744373 -1.58755976
0.62959031 -1.71239396 -1.26795455
0.64582675 -1.56150068 -1.01059610
0.64594384 -1.49327664 -0.90631584
0.61849857 -1.32221604 -0.68285739
0.65250403 -1.20231028 -0.50989426
0.60089641 -1.05838734 -0.37955363
0.60065454 -0.84896201 -0.17997531
0.66251841 -0.70663971 -0.03020452
0.60431981 -0.62691056 -0.01390721
0.57200753 -0.46845476 0.05387138
0.61514145 -0.35933133 0.12464000
0.66141770 -0.15259417 0.20709420
0.64017899 -0.04203634 0.20403105
0.64162392 0.10211083 0.20062732
0.62855592 0.25543423 0.16491795
0.58686936 0.36082841 0.10710925
0.61868098 0.46302634 0.08418638
0.64162733 0.57125773 0.04267512
0.66469231 0.79063906 -0.09164713
0.58290653 0.93868388 -0.27067370
0.60392100 1.05914660 -0.37853547
0.57124037 1.20617148 -0.56426704
0.64817235 1.30032871 -0.63536368
0.60758336 1.44883163 -0.86497778
0.57869809 1.63848128 -1.17486471
0.62141006 1.73721850 -1.31588882
0.62808260 1.82597652 -1.46985125
0.62068966 2.00000000 -1.80737218
0.75862069 -2.00000000 -1.71224732
0.78071620 -1.81215114 -1.33718699
0.81229861 -1.73067993 -1.16771199
0.75328510 -1.53277367 -0.89097835
0.79024840 -1.42901651 -0.70879782
0.77813705 -1.27003097 -0.50374070
0.73817697 -1.18909166 -0.43451687
0.74083870 -1.06814209 -0.29604277
0.76920812 -0.94986581 -0.15528196
0.77137588 -0.78133841 -0.00773449
0.74891752 -0.65881954 0.06341713
0.79454648 -0.51492511 0.18307812
0.70880133 -0.31138818 0.20271836
0.70852283 -0.22900679 0.22478025
0.81274094 -0.10526098 0.32473398
0.76262933 0.09182488 0.28658584
0.76500776 0.20969602 0.27063223
0.78721119 0.29593924 0.26606072
0.73897253 0.44767360 0.17283438
0.81139206 0.66400397 0.10872790
0.72677400 0.76376895 -0.02757128
0.78398895 0.90105254 -0.09862851
0.78571889 1.06384840 -0.25720963
0.71039218 1.13032329 -0.38648684
0.72839952 1.27933313 -0.55306370
0.71650551 1.42567850 -0.75958952
0.75159034 1.57917379 -0.96445091
0.72211343 1.73031997 -1.23627970
0.77242553 1.83740174 -1.38970197
0.75862069 2.00000000 -1.71224732
0.89655172 -2.00000000 -1.59809750
0.94940758 -1.84383074 -1.24916853
0.94519782 -1.72558185 -1.04211691
0.92454229 -1.57102578 -0.80667178
0.94035966 -1.46888762 -0.63667728
0.88619223 -1.26468707 -0.40704836
0.86939949 -1.18086725 -0.31929600
0.87054372 -1.08390247 -0.20849910
0.94614972 -0.95006685 -0.00371387
0.90229545 -0.75429500 0.12258807
0.93603417 -0.56762929 0.27697848
0.92024767 -0.48290757 0.30682803
0.94033194 -0.37756085 0.37083598
0.91139123 -0.22734165 0.38947487
0.94306620 -0.11648609 0.43790242
0.90716886 0.04386179 0.41051574
0.94538665 0.17194247 0.43209585
0.92117446 0.29134264 0.38184093
0.86854600 0.46860637 0.26739011
0.91147889 0.65186110 0.20293543
0.89138388 0.71902658 0.13878300
0.87842170 0.85546253 0.01990427
0.93496272 1.02692353 -0.09020832
0.89220553 1.19609503 -0.31730631
0.91137794 1.31048326 -0.44337832
0.88599898 1.45847162 -0.67107264
0.84659430 1.61050468 -0.93850171
0.87248341 1.70245830 -1.06856848
0.84905601 1.91247912 -1.46834013
0.89655172 2.00000000 -1.59809750
1.03448276 -2.00000000 -1.46492271
1.02778998 -1.91270486 -1.30104381
1.08790399 -1.69191264 -0.83951665
1.06901017 -1.62649205 -0.75134681
1.00400834 -1.42114246 -0.50580657
1.04132683 -1.28487627 -0.28327273
1.05640762 -1.15377726 -0.10760245
1.07760037 -0.99429400 0.08630099
1.05024070 -0.93610946 0.11335231
1.03737286 -0.75805249 0.25074944
1.02754769 -0.57265927 0.36395781
1.03809645 -0.44279243 0.44078955
1.07690246 -0.31365847 0.53066864
0.98888981 -0.19425815 0.47008341
1.01870669 -0.04322884 0.51794729
0.99152488 0.01532871 0.49144330
1.05556418 0.22368316 0.53209079
1.05052344 0.30177096 0.50626689
1.05165991 0.52554591 0.41489503
1.07368251 0.62526393 0.38091958
1.01812252 0.80097055 0.19750982
1.08218114 0.92795232 0.15501025
1.02978878 0.99095494 0.03923662
1.02533888 1.19973167 -0.19401813
1.00362282 1.29632103 -0.33659473
1.01676934 1.47887181 -0.57662097
1.01439333 1.59340668 -0.75497551
1.00963490 1.77252656 -1.06124388
1.00213086 1.89879990 -1.30058741
1.03448276 2.00000000 -1.46492271
1.17241379 -2.00000000 -1.31272295
1.16071047 -1.83718838 -1.01400618
1.22043116 -1.76783901 -0.81790128
1.14083717 -1.61943454 -0.66052940
1.13977627 -1.42119303 -0.36034985
1.14907468 -1.30615998 -0.19284063
1.13191460 -1.17098272 -0.04498493
1.15023067 -1.01015297 0.15131078
1.15772397 -0.93962929 0.22871079
1.17046586 -0.78614125 0.37598613
1.11923506 -0.62480195 0.43115482
1.18459068 -0.45471082 0.59824657
1.19704522 -0.39555211 0.63822789
1.16175920 -0.22512709 0.64950112
1.21076576 -0.05254530 0.73159636
1.14355026 0.07617555 0.65095224
1.20690043 0.22584939 0.70280035
1.18685092 0.35223610 0.64227241
1.22569409 0.52468754 0.61351450
1.16510072 0.67133638 0.45338358
1.21023259 0.74741470 0.45301709
1.16587056 0.84565465 0.32206119
1.20747841 0.99169244 0.23727511
1.15357790 1.21563648 -0.07351504
1.21839052 1.27768220 -0.07399817
1.17738988 1.43122562 -0.33107991
1.19628566 1.58416912 -0.53924622
1.18864354 1.74544400 -0.81685065
1.22552582 1.84418239 -0.94954758
1.17241379 2.00000000 -1.31272295
1.31034483 -2.00000000 -1.14149822
1.25664890 -1.88496957 -0.98697192
1.25773573 -1.77171242 -0.77853286
1.25951019 -1.61416510 -0.50958153
1.32019207 -1.49055704 -0.23942659
1.30277000 -1.27929294 0.03030962
1.31614359 -1.18679430 0.16187662
1.33470173 -0.99131766 0.39935901
1.35550842 -0.90641943 0.50790344
1.33724470 -0.73514600 0.62389187
1.29069236 -0.65393588 0.61912732
1.33019597 -0.53258588 0.74288679
1.25958422 -0.29085546 0.75097776
1.31446945 -0.21929383 0.83987007
1.30933327 -0.10170606 0.85200474
1.27350231 0.05801255 0.80922134
1.33597383 0.24674239 0.86197214
1.26061692 0.32899464 0.74045877
1.33950586 0.48520926 0.77942397
1.35330945 0.60960199 0.72991595
1.32911349 0.79847021 0.56449400
1.31076427 0.85540761 0.49319040
1.26137577 0.99346963 0.30204346
1.32012853 1.22129934 0.12558364
1.27557183 1.30119247 -0.03300918
1.26173033 1.42377449 -0.21758518
1.28349960 1.53312208 -0.35154605
1.33159640 1.75643801 -0.65596276
1.29127341 1.90579611 -0.98233590
1.31034483 2.00000000 -1.14149822
1.44827586 -2.00000000 -0.95124851
1.49336935 -1.82358919 -0.54766277
1.46195734 -1.74543313 -0.45460878
1.47967660 -1.60363054 -0.19109403
1.50117005 -1.40422113 0.14083727
1.42365196 -1.26928566 0.20784941
1.40411018 -1.19482249 0.27196230
1.43425690 -0.99226296 0.53625354
1.47261396 -0.87849221 0.69842165
1.47504175 -0.76019124 0.79892872
1.42481192 -0.65948268 0.79758580
1.47685243 -0.49580396 0.96763577
1.43936510 -0.37689971 0.96485925
1.50074675 -0.24019466 1.09727366
1.39556810 -0.08639265 0.97007331
1.42043556 0.04562283 1.00777787
1.40072148 0.24393589 0.95125797
1.44332769 0.37335881 0.97189901
1.46375592 0.43568937 0.97637808
1.48448268 0.59801174 0.92303540
1.48035728 0.74614156 0.81736522
1.42831236 0.84778153 0.66067135
1.40410503 0.99492151 0.49082106
1.45077227 1.21113269 0.31894890
1.40305815 1.35042333 0.07246450
1.43034905 1.48889626 -0.08545683
1.42873716 1.54949318 -0.17981961
1.41571059 1.76722658 -0.55942665
1.48296875 1.81338726 -0.54458854
1.44827586 2.00000000 -0.95124851
1.58620690 -2.00000000 -0.74197384
1.58367037 -1.84569057 -0.44928091
1.58698809 -1.71700141 -0.21478132
1.59956670 -1.62754892 -0.04515093
1.54257348 -1.50064599 0.06379728
1.53670817 -1.32646090 0.30098674
1.58191032 -1.20681247 0.52302197
1.60210053 -1.02790822 0.75506540
1.58957729 -0.87025180 0.88470887
1.64056504 -0.79808016 1.02726085
1.63471677 -0.64217574 1.12995461
1.60187899 -0.49339614 1.16128827
1.63320649 -0.29761348 1.28939483
1.54896194 -0.25746908 1.16649638
1.59021552 -0.08085218 1.26112417
1.60912691 0.08920821 1.29066566
1.62184828 0.22933779 1.28889801
1.60397399 0.29516695 1.24280451
1.58548764 0.50796684 1.12787037
1.60313099 0.64813574 1.07497451
1.59494268 0.80807092 0.94543177
1.60453528 0.94573236 0.84006189
1.62619559 0.98929072 0.83290797
1.63173683 1.13275035 0.68972087
1.60155643 1.35342406 0.36661315
1.56133770 1.46441365 0.14663405
1.59240892 1.62166777 -0.04702010
1.61816637 1.69286383 -0.12366278
1.54731441 1.89449669 -0.59746792
1.58620690 2.00000000 -0.74197384
1.72413793 -2.00000000 -0.51367420
1.68225354 -1.81994160 -0.24110523
1.67043897 -1.72130233 -0.08625768
1.75562325 -1.62920101 0.21395853
1.71956243 -1.44604401 0.43292584
1.70534534 -1.30193915 0.60657859
1.69016347 -1.21901608 0.68532618
1.69085289 -1.00676095 0.92270794
1.76449356 -0.92215156 1.13153701
1.67545131 -0.77296613 1.10483023
1.73915718 -0.56687243 1.35166167
1.70825155 -0.48728427 1.34033871
1.75501247 -0.38643992 1.46536648
1.76879133 -0.15982894 1.55153874
1.76216376 -0.08037593 1.54938042
1.75281168 0.08718358 1.53237391
1.75519868 0.18497918 1.52325256
1.76328625 0.37058181 1.48592376
1.71880026 0.51282491 1.34564248
1.70971039 0.66135162 1.24286182
1.75880135 0.77365593 1.24741935
1.73391502 0.89416205 1.10346776
1.74078185 1.03634309 0.97815722
1.71289774 1.14407900 0.81255095
1.72934694 1.31556068 0.62997047
1.71954796 1.39394218 0.50688518
1.67336261 1.62954165 0.07236822
1.77186327 1.70430172 0.11742755
1.76129613 1.88359080 -0.22287512
1.72413793 2.00000000 -0.51367420
1.86206897 -2.00000000 -0.26634958
1.82234286 -1.87143231 -0.09066269
1.81570746 -1.74085217 0.13311365
1.87302794 -1.56163370 0.53476694
1.90130504 -1.43696002 0.77505339
1.91179242 -1.31962816 0.95676588
1.87061568 -1.13440628 1.10616271
1.83664534 -0.98082865 1.20562062
1.81972263 -0.87998677 1.26850686
1.86417941 -0.72656576 1.47363353
1.85436757 -0.64064443 1.51412689
1.86275755 -0.53506945 1.59178319
1.90510535 -0.31068186 1.76645159
1.89022873 -0.20929411 1.76458031
1.82447330 -0.01810809 1.66418746
1.81569718 0.10379757 1.64299115
1.87670403 0.19069570 1.74282659
1.90612211 0.35895050 1.75222801
1.80957695 0.52840833 1.49767669
1.91028874 0.63887621 1.62052012
1.83401109 0.73329544 1.41293723
1.84352824 0.86362627 1.32637303
1.85174793 0.98988759 1.22454649
1.87511225 1.20781483 1.02861464
1.84153034 1.27930806 0.87730244
1.90815714 1.40870711 0.82830398
1.85287141 1.58153355 0.46594205
1.81345146 1.74715581 0.11802639
1.87484402 1.89292773 -0.03406764
1.86206897 2.00000000 -0.26634958
2.00000000 -2.00000000 0.00000000
2.00000000 -1.86206897 0.26634958
2.00000000 -1.72413793 0.51367420
2.00000000 -1.58620690 0.74197384
2.00000000 -1.44827586 0.95124851
2.00000000 -1.31034483 1.14149822
2.00000000 -1.17241379 1.31272295
2.00000000 -1.03448276 1.46492271
2.00000000 -0.89655172 1.59809750
2.00000000 -0.75862069 1.71224732
2.00000000 -0.62068966 1.80737218
2.00000000 -0.48275862 1.88347206
2.00000000 -0.34482759 1.94054697
2.00000000 -0.20689655 1.97859691
2.00000000 -0.06896552 1.99762188
2.00000000 0.06896552 1.99762188
2.00000000 0.20689655 1.97859691
2.00000000 0.34482759 1.94054697
2.00000000 0.48275862 1.88347206
2.00000000 0.62068966 1.80737218
2.00000000 0.75862069 1.71224732
2.00000000 0.89655172 1.59809750
2.00000000 1.03448276 1.46492271
2.00000000 1.17241379 1.31272295
2.00000000 1.31034483 1.14149822
2.00000000 1.44827586 0.95124851
2.00000000 1.58620690 0.74197384
2.00000000 1.72413793 0.51367420
2.00000000 1.86206897 0.26634958
2.00000000 2.00000000 0.00000000
