-3.00000000 -3.00000000 0.00006671
-3.00000000 -2.84615385 0.00011441
-3.00000000 -2.69230769 0.00018625
-3.00000000 -2.53846154 0.00028709
-3.00000000 -2.38461538 0.00041695
-3.00000000 -2.23076923 0.00056508
-3.00000000 -2.07692308 0.00070124
-3.00000000 -1.92307692 0.00076457
-3.00000000 -1.76923077 0.00065199
-3.00000000 -1.61538462 0.00021128
-3.00000000 -1.46153846 -0.00075426
-3.00000000 -1.30769231 -0.00246138
-3.00000000 -1.15384615 -0.00509901
-3.00000000 -1.00000000 -0.00876189
-3.00000000 -0.84615385 -0.01338262
-3.00000000 -0.69230769 -0.01868784
-3.00000000 -0.53846154 -0.02420323
-3.00000000 -0.38461538 -0.02931857
-3.00000000 -0.23076923 -0.03340187
-3.00000000 -0.07692308 -0.03593055
-3.00000000 0.07692308 -0.03659974
-3.00000000 0.23076923 -0.03537602
-3.00000000 0.38461538 -0.03248598
-3.00000000 0.53846154 -0.02835130
-3.00000000 0.69230769 -0.02349544
-3.00000000 0.84615385 -0.01844846
-3.00000000 1.00000000 -0.01366907
-3.00000000 1.15384615 -0.00949360
-3.00000000 1.30769231 -0.00611412
-3.00000000 1.46153846 -0.00358340
-3.00000000 1.61538462 -0.00184115
-3.00000000 1.76923077 -0.00075308
-3.00000000 1.92307692 -0.00015306
-3.00000000 2.07692308 0.00012102
-3.00000000 2.23076923 0.00020363
-3.00000000 2.38461538 0.00019160
-3.00000000 2.53846154 0.00014537
-3.00000000 2.69230769 0.00009665
-3.00000000 2.84615385 0.00005819
-3.00000000 3.00000000 0.00003224
-2.84615385 -3.00000000 0.00014582
-2.88919685 -2.85162917 0.00019824
-2.81325986 -2.66734258 0.00051318
-2.81797618 -2.54653800 0.00070455
-2.80970828 -2.38061862 0.00110544
-2.89715548 -2.23612079 0.00096177
-2.90107508 -2.02432814 0.00126337
-2.79184419 -1.94307800 0.00237579
-2.86930663 -1.73667275 0.00138313
-2.88212686 -1.65444421 0.00093205
-2.88398238 -1.48012389 -0.00062824
-2.83080868 -1.25141013 -0.00617195
-2.88128084 -1.09844045 -0.01030768
-2.83942407 -0.95126928 -0.02013119
-2.80752197 -0.88740476 -0.02755384
-2.82810931 -0.73797168 -0.03646391
-2.90620656 -0.55115391 -0.03652578
-2.81292982 -0.37657875 -0.06893578
-2.88349091 -0.18932438 -0.05880959
-2.79588951 -0.10884417 -0.09000043
-2.85244726 0.09366257 -0.07242194
-2.79727845 0.18541160 -0.09086694
-2.83959997 0.44153024 -0.06536853
-2.83290069 0.56485897 -0.05973734
-2.81275309 0.69317176 -0.05560263
-2.87168158 0.85713227 -0.03291314
-2.84273072 0.98096071 -0.02939838
-2.80313016 1.13720368 -0.02413146
-2.84815045 1.33945872 -0.01085248
-2.80803214 1.50896997 -0.00658196
-2.82774927 1.58532308 -0.00421984
-2.80395610 1.81895088 -0.00068617
-2.82006745 1.95550615 0.00025441
-2.84450431 2.07613128 0.00051512
-2.83610959 2.18791079 0.00065198
-2.82477686 2.42850998 0.00055501
-2.88688450 2.56930174 0.00027588
-2.82110748 2.64626833 0.00033203
-2.90073096 2.85773831 0.00010243
-2.84615385 3.00000000 0.00008119
-2.69230769 -3.00000000 0.00030049
-2.72642490 -2.86925163 0.00040698
-2.67758792 -2.67398526 0.00094079
-2.66209042 -2.53017518 0.00150862
-2.71250436 -2.44383207 0.00150148
-2.73919415 -2.26808350 0.00196354
-2.68923637 -2.05018524 0.00355374
-2.72763978 -1.93645821 0.00329985
-2.63929312 -1.78130442 0.00526941
-2.66640771 -1.60099150 0.00314011
-2.67290366 -1.46436754 -0.00001863
-2.68683056 -1.28329557 -0.00769097
-2.73347294 -1.11755445 -0.01655060
-2.64701184 -1.05501682 -0.02874390
-2.72897891 -0.87666952 -0.03868897
-2.74158604 -0.73604191 -0.05220123
-2.67512662 -0.58425713 -0.09127687
-2.74493144 -0.33045712 -0.09632274
-2.70420980 -0.22584591 -0.12418922
-2.69545085 -0.09591414 -0.13794642
-2.69786916 0.03977575 -0.14062812
-2.68262150 0.20054800 -0.14673671
-2.73539182 0.34922685 -0.10993889
-2.70291011 0.59073923 -0.10139978
-2.68041791 0.75070969 -0.08958705
-2.70435997 0.81705686 -0.07287103
-2.66671580 0.96240036 -0.06438723
-2.63180443 1.14054955 -0.04808906
-2.72007645 1.27990736 -0.02242391
-2.71606053 1.51458851 -0.00899196
-2.63251904 1.62248089 -0.00617977
-2.72486621 1.70967555 -0.00252732
-2.74332832 1.89853615 0.00024080
-2.67496389 2.09227306 0.00185530
-2.64938609 2.26976959 0.00205764
-2.71021211 2.40573029 0.00115703
-2.69907030 2.56618356 0.00084694
-2.73066152 2.75019315 0.00040367
-2.75027194 2.86044414 0.00024406
-2.69230769 3.00000000 0.00019429
-2.53846154 -3.00000000 0.00058224
-2.55638358 -2.80961978 0.00103683
-2.58174981 -2.64482067 0.00154685
-2.59880887 -2.50988901 0.00208980
-2.51374521 -2.38372283 0.00405412
-2.57800370 -2.24508496 0.00421643
-2.54494198 -2.11183826 0.00618074
-2.57964406 -1.88147760 0.00693476
-2.53243638 -1.79707401 0.00888269
-2.52322592 -1.59923355 0.00749505
-2.58267153 -1.45126138 0.00079476
-2.52821029 -1.35494135 -0.00401037
-2.56266019 -1.10972669 -0.02942538
-2.52885982 -1.03363867 -0.04538934
-2.55139564 -0.85120804 -0.07881876
-2.51316192 -0.64848564 -0.14681137
-2.58857772 -0.59353161 -0.12466854
-2.54556387 -0.44292590 -0.18446760
-2.58045459 -0.27860420 -0.19389874
-2.58844788 -0.06170012 -0.21322135
-2.58760266 0.08502076 -0.21819842
-2.48183533 0.18709438 -0.31884351
-2.50700188 0.39484404 -0.26275607
-2.57852434 0.59310774 -0.16635003
-2.50970776 0.67766030 -0.19363420
-2.49127974 0.79806557 -0.17230083
-2.49792242 1.04160003 -0.10220039
-2.58510820 1.20430341 -0.04773386
-2.50395910 1.35805942 -0.03688267
-2.56500076 1.49049837 -0.01657902
-2.50448517 1.59695618 -0.00972893
-2.59494497 1.71021676 -0.00286045
-2.53765863 1.92890878 0.00345552
-2.58401514 2.09283005 0.00335699
-2.59286973 2.22810638 0.00300888
-2.53717108 2.34860209 0.00345665
-2.59342800 2.58742026 0.00143758
-2.49564794 2.70301306 0.00168796
-2.59563372 2.84923117 0.00059600
-2.53846154 3.00000000 0.00044197
-2.38461538 -3.00000000 0.00105701
-2.32837340 -2.81371415 0.00241756
-2.36171472 -2.74823778 0.00264360
-2.37509873 -2.57093554 0.00422488
-2.32551489 -2.44402432 0.00699924
-2.41829537 -2.18461208 0.00900337
-2.43076415 -2.10121162 0.00999011
-2.40813285 -1.87671594 0.01469520
-2.36077842 -1.71651764 0.01923433
-2.42203071 -1.66540053 0.01423173
-2.40365623 -1.42921019 0.00569979
-2.37014727 -1.25483554 -0.01456892
-2.35875727 -1.20463574 -0.02433272
-2.40707693 -1.03599215 -0.06244662
-2.41283305 -0.82592404 -0.13136296
-2.39145959 -0.66113906 -0.21260591
-2.44341839 -0.48880602 -0.24680453
-2.42564103 -0.35513811 -0.31234687
-2.34278175 -0.28638495 -0.43922686
-2.37946944 -0.01921602 -0.45576497
-2.44446532 0.07657977 -0.36931797
-2.39369073 0.21637511 -0.43027292
-2.42173915 0.34578817 -0.36816856
-2.41304596 0.50414634 -0.33499799
-2.40964868 0.74112094 -0.25208221
-2.33007059 0.81697716 -0.28977957
-2.44201038 0.97158963 -0.14647055
-2.34129932 1.11449227 -0.14230290
-2.36493772 1.25823250 -0.08326068
-2.40254362 1.42139145 -0.03718754
-2.37047077 1.59962405 -0.01046166
-2.35135103 1.77143985 0.00619475
-2.39630523 1.86494915 0.00775256
-2.34348070 2.02093006 0.01387342
-2.38474749 2.29003111 0.00867011
-2.34931470 2.36706492 0.00893835
-2.33240001 2.50909249 0.00687735
-2.37471051 2.70145786 0.00311827
-2.35777425 2.82047134 0.00222335
-2.38461538 3.00000000 0.00095636
-2.23076923 -3.00000000 0.00178819
-2.24320065 -2.86746770 0.00269019
-2.17990182 -2.66340400 0.00607519
-2.25021750 -2.50519977 0.00762569
-2.21646768 -2.41536204 0.01062526
-2.23087886 -2.27964976 0.01402677
-2.26582586 -2.12830503 0.01721043
-2.28169871 -1.90904757 0.02313594
-2.19069494 -1.72857612 0.03801113
-2.26488439 -1.56099196 0.02651834
-2.25081524 -1.43829268 0.01986046
-2.21916509 -1.31058783 0.00441723
-2.20775441 -1.10636556 -0.05867214
-2.20696588 -0.99889234 -0.11158680
-2.18686505 -0.81626334 -0.24182151
-2.24602422 -0.63412071 -0.34246922
-2.24250214 -0.59439188 -0.37615602
-2.17444887 -0.33084357 -0.68506923
-2.22647557 -0.20035480 -0.67086564
-2.20695797 -0.12567965 -0.74434718
-2.19485258 0.09246308 -0.81688541
-2.17423701 0.22823526 -0.84741366
-2.25775715 0.41737792 -0.59861057
-2.22433652 0.58371829 -0.56478618
-2.28631367 0.71471274 -0.39325726
-2.18099801 0.80756706 -0.46261223
-2.28048200 0.99886105 -0.23218263
-2.21213536 1.16980233 -0.17368922
-2.22716615 1.28811537 -0.10703053
-2.20519173 1.52083804 -0.02372237
-2.23000224 1.60268787 -0.00574819
-2.17381314 1.73005306 0.02110671
-2.22315550 1.96432593 0.02662209
-2.19548509 2.10702642 0.02894708
-2.20872219 2.22468009 0.02327802
-2.17417986 2.32406832 0.02276950
-2.24005779 2.53246521 0.01001528
-2.20429251 2.66648833 0.00782848
-2.26747858 2.83982469 0.00317027
-2.23076923 3.00000000 0.00196927
-2.07692308 -3.00000000 0.00279501
-2.06038564 -2.84267203 0.00486611
-2.03139648 -2.69561561 0.00806924
-2.11274677 -2.52120093 0.01076852
-2.09035463 -2.44231680 0.01396145
-2.08894383 -2.27805346 0.02087615
-2.05999505 -2.02792630 0.03825422
-2.04864766 -1.86751444 0.05208573
-2.12028965 -1.72847383 0.04890972
-2.04491388 -1.64694054 0.06672576
-2.08013236 -1.50126463 0.05668486
-2.10008920 -1.30472598 0.02159368
-2.09046254 -1.16731498 -0.02600328
-2.05127644 -0.97848306 -0.14778101
-2.12356004 -0.83757374 -0.25487004
-2.04319795 -0.74913409 -0.39611147
-2.04691901 -0.59671979 -0.59400431
-2.08565863 -0.39892974 -0.78450288
-2.13519528 -0.28246825 -0.80039333
-2.05626090 -0.10520666 -1.11884000
-2.07460201 0.03595849 -1.12303755
-2.06287107 0.28361710 -1.11741021
-2.04623448 0.36842324 -1.11351227
-2.02129992 0.52026613 -1.04638551
-2.10384247 0.68285285 -0.69744278
-2.01800360 0.83242989 -0.67470126
-2.10233032 1.00521760 -0.37353500
-2.06036349 1.18527080 -0.23406088
-2.05147436 1.32867222 -0.12091900
-2.08763631 1.45403868 -0.04515304
-2.01843474 1.61470372 0.03137815
-2.04524289 1.75212355 0.05427083
-2.13628644 1.90989355 0.04136796
-2.07426455 2.06465071 0.05383883
-2.11217969 2.18962665 0.03870857
-2.13162912 2.40965952 0.02274632
-2.07356245 2.57683469 0.01850966
-2.03276334 2.72298834 0.01363037
-2.04117830 2.89509780 0.00691090
-2.07692308 3.00000000 0.00386003
-1.92307692 -3.00000000 0.00397742
-1.87279433 -2.80726536 0.00780102
-1.87498296 -2.71075395 0.01019260
-1.86276340 -2.49071700 0.01844390
-1.88507099 -2.34217970 0.02621524
-1.89314254 -2.22174837 0.03490796
-1.92087908 -2.02454537 0.05266562
-1.94896981 -1.90548290 0.06314273
-1.87035846 -1.79771659 0.09155733
-1.96477221 -1.63839583 0.08736830
-1.93013424 -1.46062205 0.10150682
-1.95547703 -1.33904753 0.07378587
-1.96601806 -1.15739497 -0.00439618
-1.96660662 -1.01789815 -0.11078548
-1.96287778 -0.82999133 -0.32925550
-1.90848285 -0.72514052 -0.51806919
-1.86243324 -0.56466437 -0.87349023
-1.87366853 -0.40894594 -1.18031492
-1.91561743 -0.21982591 -1.39788130
-1.91355891 -0.09652953 -1.54001241
-1.88774507 0.09184094 -1.71926294
-1.91570847 0.22857801 -1.60040529
-1.94940393 0.37342855 -1.39322781
-1.89458349 0.56395491 -1.32749366
-1.86295224 0.71999038 -1.14707363
-1.86332199 0.82528393 -0.95076831
-1.95019062 1.06039194 -0.44743038
-1.93209240 1.16356412 -0.32030590
-1.87827393 1.26214182 -0.20893654
-1.96934492 1.45751171 -0.03073764
-1.95947943 1.56213763 0.02990240
-1.89728930 1.77538787 0.12471791
-1.92859321 1.93992617 0.11324526
-1.94672347 2.06428602 0.09534606
-1.94312256 2.24827900 0.07297201
-1.92812270 2.39411897 0.05613656
-1.91711525 2.54678230 0.03860017
-1.97830232 2.72634251 0.01684514
-1.87343012 2.79386558 0.01992126
-1.92307692 3.00000000 0.00720431
-1.76923077 -3.00000000 0.00500758
-1.73976803 -2.83752139 0.00806509
-1.73998468 -2.75108957 0.01007541
-1.82572324 -2.53301239 0.01705656
-1.76265863 -2.43257914 0.02230780
-1.73566516 -2.27959908 0.03279130
-1.72155071 -2.04090685 0.06320024
-1.74204931 -1.87981182 0.09567443
-1.79452460 -1.75567691 0.11577947
-1.82726241 -1.58493337 0.13779391
-1.80790771 -1.51618359 0.15421589
-1.73758917 -1.36102057 0.20046278
-1.75183138 -1.09799972 0.06724043
-1.76432550 -0.99417076 -0.06107700
-1.73758829 -0.81659598 -0.35673750
-1.76925332 -0.74675037 -0.51802968
-1.71036694 -0.51073280 -1.16529865
-1.77191215 -0.36426701 -1.47210938
-1.79946414 -0.26323003 -1.63007769
-1.82524382 -0.08943731 -1.82033965
-1.76123473 0.02855059 -2.12565095
-1.80748216 0.21724346 -1.97646206
-1.82993255 0.42222459 -1.71814713
-1.81034701 0.58785041 -1.51950084
-1.76071249 0.66931961 -1.48681509
-1.82129016 0.86193973 -0.95090294
-1.82280899 0.97976208 -0.70899142
-1.70875379 1.19378934 -0.32721457
-1.74372179 1.31789904 -0.11102563
-1.75480938 1.49127433 0.09727551
-1.72350310 1.56659095 0.18998424
-1.72117958 1.82706361 0.27972849
-1.75916132 1.90255130 0.23588770
-1.82361066 2.05798767 0.16008201
-1.82561726 2.25233949 0.11575756
-1.75770602 2.41268977 0.10292554
-1.72434704 2.51600924 0.08713620
-1.73886811 2.72138852 0.04253196
-1.76213968 2.79301374 0.03016838
-1.76923077 3.00000000 0.01280572
-1.61538462 -3.00000000 0.00520739
-1.57106487 -2.84002747 0.00668656
-1.61963617 -2.64949141 0.01088413
-1.66202713 -2.59505995 0.01358378
-1.59528868 -2.35839927 0.01843353
-1.61178391 -2.22369315 0.03047538
-1.58236502 -2.03741646 0.05487566
-1.59738923 -1.89478661 0.09590132
-1.61430289 -1.80988903 0.12675817
-1.57896271 -1.67033844 0.19373037
-1.65566119 -1.45290995 0.25077675
-1.63149272 -1.26049155 0.28355154
-1.63962728 -1.15487273 0.23021227
-1.65317796 -0.95835290 -0.01266109
-1.63229495 -0.81979989 -0.27496190
-1.58675942 -0.69840736 -0.57024618
-1.66216294 -0.48201608 -1.28849555
-1.67168940 -0.34502902 -1.69284466
-1.65696673 -0.23931330 -2.00014574
-1.62217379 -0.08604777 -2.39861268
-1.60456557 0.09832897 -2.63981762
-1.59378160 0.17805750 -2.67882794
-1.63106370 0.34690421 -2.44652612
-1.55852805 0.54336089 -2.26946878
-1.55588588 0.65712905 -1.96995251
-1.59287870 0.84864073 -1.32526334
-1.63606615 0.96242668 -0.93653717
-1.60269441 1.20115961 -0.27716090
-1.61614411 1.30977548 -0.03947983
-1.56127985 1.43228012 0.25797738
-1.63328395 1.66183679 0.36626133
-1.66642040 1.71297110 0.33536834
-1.59556036 1.92084944 0.43335382
-1.56598048 2.08538210 0.39653373
-1.64233754 2.25050440 0.22687785
-1.62212471 2.40016783 0.17090031
-1.65216673 2.48547770 0.12232950
-1.56559955 2.73393527 0.07284532
-1.65784302 2.79837807 0.04248905
-1.61538462 3.00000000 0.02168231
-1.46153846 -3.00000000 0.00345764
-1.42167839 -2.82082090 0.00049778
-1.46777471 -2.64997101 0.00089080
-1.42301781 -2.49915963 -0.01099767
-1.41124619 -2.34705369 -0.02113197
-1.52203093 -2.21376591 0.01559540
-1.51081274 -2.02899599 0.04104860
-1.42223521 -1.91014977 0.04497325
-1.46916791 -1.74648217 0.15140245
-1.48625981 -1.59241629 0.26260184
-1.40542929 -1.51764041 0.35172796
-1.47484993 -1.27051681 0.47976916
-1.50042753 -1.17188251 0.44141464
-1.42301668 -0.99131329 0.46432773
-1.49039033 -0.85822724 0.04637216
-1.47798943 -0.69116716 -0.43721674
-1.40164970 -0.56906658 -0.75933829
-1.48306528 -0.33716842 -1.85255468
-1.46305272 -0.21302472 -2.29595039
-1.41690821 -0.12542956 -2.56668251
-1.50071428 0.03342838 -2.81634425
-1.50078333 0.17764213 -2.89642459
-1.49352271 0.43517621 -2.64358290
-1.41301703 0.56108700 -2.45893939
-1.45963230 0.72220675 -1.89727986
-1.40613840 0.81975111 -1.56189871
-1.43353234 0.95469666 -1.02194370
-1.47598078 1.15701036 -0.30119052
-1.44607087 1.27211547 0.10470189
-1.47230239 1.42108592 0.41086182
-1.47828377 1.65230975 0.67237007
-1.49313269 1.74847988 0.66217236
-1.44917771 1.88541749 0.73031055
-1.41515686 2.05561273 0.66992461
-1.48566893 2.20884423 0.41299109
-1.46714175 2.37847553 0.29635392
-1.47309317 2.52812544 0.19162145
-1.49865674 2.63947426 0.12449673
-1.41717848 2.88683844 0.06375258
-1.46153846 3.00000000 0.03497561
-1.30769231 -3.00000000 -0.00179281
-1.27806783 -2.84792771 -0.01106468
-1.25142481 -2.73728321 -0.02569750
-1.36219442 -2.48656732 -0.02752828
-1.30247125 -2.37960416 -0.06472602
-1.30569045 -2.20441628 -0.08423677
-1.28789387 -2.04758226 -0.09611622
-1.30602997 -1.88808862 -0.02627046
-1.28783197 -1.72890648 0.08169973
-1.27434803 -1.66058752 0.15138169
-1.31441031 -1.44068531 0.48190577
-1.28159502 -1.31451448 0.69790902
-1.29637396 -1.10707216 0.86454127
-1.34163062 -1.02812893 0.72113574
-1.33154348 -0.88894469 0.55836046
-1.29571051 -0.68205815 0.05634476
-1.24860673 -0.53487082 -0.41587227
-1.33962613 -0.43269845 -1.23305842
-1.29595360 -0.27416436 -1.86111560
-1.35229171 -0.08119730 -2.66067369
-1.26983886 0.05168344 -2.85620119
-1.33548155 0.17623859 -3.04420276
-1.25127087 0.42110018 -2.80763183
-1.30446367 0.48689332 -2.70041988
-1.25330631 0.70500598 -1.96953964
-1.28235676 0.86640812 -1.29617165
-1.30080730 0.98913368 -0.74663437
-1.27569062 1.10397558 -0.15998618
-1.33526871 1.31526144 0.50339588
-1.31271911 1.46193672 0.95617183
-1.29986626 1.56783350 1.16875297
-1.34781640 1.70904524 1.07232259
-1.28754690 1.94029274 1.12494754
-1.36605159 2.03964487 0.79307622
-1.32868791 2.26650064 0.57869350
-1.27798861 2.34627275 0.54890422
-1.31299105 2.54831688 0.28408483
-1.27210644 2.65408600 0.22440211
-1.34343048 2.87889065 0.08085645
-1.30769231 3.00000000 0.05375804
-1.15384615 -3.00000000 -0.01234678
-1.13018557 -2.86990202 -0.02973532
-1.18471871 -2.69878288 -0.04789136
-1.21035124 -2.52340341 -0.07981575
-1.11891120 -2.41939772 -0.17723101
-1.10756132 -2.18870491 -0.30311570
-1.20793795 -2.04553060 -0.18749716
-1.11996087 -1.91152538 -0.30489274
-1.18707662 -1.77167469 -0.08108917
-1.09908518 -1.60272598 0.04606721
-1.09784026 -1.42300326 0.51993513
-1.14183221 -1.26876903 0.94194228
-1.15735893 -1.19761993 1.07907779
-1.14777513 -1.03651955 1.32273730
-1.17729606 -0.89637616 1.16237129
-1.15082361 -0.65913776 0.63211468
-1.09325418 -0.50714805 0.24031033
-1.12761335 -0.35275793 -0.78997605
-1.18636705 -0.21687305 -1.75248553
-1.10378748 -0.05763026 -2.02607750
-1.16766292 0.10488809 -2.69363622
-1.10748109 0.22150281 -2.60811399
-1.18709914 0.36614050 -2.79233741
-1.12617456 0.50256027 -2.41478026
-1.18893345 0.74838468 -1.69786461
-1.20919863 0.79784894 -1.50981765
-1.11682070 1.01954908 -0.11996907
-1.10767886 1.20587867 0.92041775
-1.19256205 1.33629752 1.09473788
-1.18183053 1.48246127 1.55037023
-1.20816994 1.64780271 1.61592996
-1.18945456 1.78777948 1.66040358
-1.15899383 1.94249349 1.57218470
-1.16532140 2.01907422 1.39998450
-1.17770944 2.20106846 0.98581937
-1.09333037 2.32937505 0.89733908
-1.12095032 2.49400775 0.53897278
-1.17441306 2.71771519 0.22902510
-1.14649349 2.78931472 0.18797077
-1.15384615 3.00000000 0.07873986
-1.00000000 -3.00000000 -0.02987080
-1.02628542 -2.87072221 -0.05036605
-0.98236027 -2.69081916 -0.13008838
-1.00530452 -2.59755398 -0.16711836
-1.00728386 -2.38929638 -0.31133098
-1.04343031 -2.22303641 -0.38493388
-1.04328112 -2.09118491 -0.45983330
-1.04529358 -1.94029429 -0.47892350
-1.05009606 -1.76126248 -0.34113333
-0.98798306 -1.56175520 -0.07690580
-1.02333431 -1.50831212 0.16546059
-1.01161526 -1.27892168 0.99248038
-1.03195079 -1.09858960 1.55873411
-1.02953788 -0.98283028 1.77647021
-1.04757358 -0.83658864 1.68440982
-0.96734861 -0.69206502 1.82139476
-1.02632338 -0.53011929 0.77707601
-0.94021700 -0.41322274 0.74473583
-0.97057675 -0.22600196 -0.49170785
-0.94080399 -0.10434023 -0.86899831
-0.95777235 0.01987762 -1.45305525
-0.94659088 0.17606075 -1.76513672
-1.02085168 0.35133883 -2.26199279
-1.02674289 0.58481944 -1.88983755
-1.03513551 0.70228407 -1.49812517
-0.98770899 0.79254469 -0.90999714
-0.96783682 1.05666489 0.73265217
-0.99766615 1.11740454 0.96017695
-1.02407460 1.31686938 1.87337965
-0.94363133 1.49165723 2.96019489
-1.02593501 1.57176133 2.55037427
-0.97176961 1.76824220 2.81321716
-1.02172658 1.96135411 2.11006855
-1.02315219 2.10894379 1.67512313
-0.96762053 2.26579905 1.36168577
-1.03083936 2.38353788 0.89474977
-0.95253223 2.51213779 0.72799809
-1.04972023 2.63831259 0.39950562
-0.98385226 2.84446907 0.21566406
-1.00000000 3.00000000 0.10991799
-0.84615385 -3.00000000 -0.05533821
-0.81942317 -2.79388702 -0.15212795
-0.83678247 -2.70130310 -0.20743583
-0.79966488 -2.51562440 -0.43718000
-0.89995363 -2.41260247 -0.43167694
-0.83311633 -2.26457647 -0.75975173
-0.78604166 -2.13172271 -1.11114058
-0.79756868 -1.87008670 -1.32484978
-0.86014321 -1.78575762 -1.00488194
-0.83690221 -1.64597038 -0.84284386
-0.78611853 -1.44390701 -0.22953083
-0.84429480 -1.33603801 0.55584601
-0.83621108 -1.14072717 1.66237365
-0.81807364 -0.97240113 2.45573123
-0.81794285 -0.89642341 2.67256490
-0.84860147 -0.70556882 2.55414514
-0.81061458 -0.57185838 2.39876705
-0.86826453 -0.41131877 1.25001494
-0.86853472 -0.17760760 -0.00750768
-0.79942769 -0.01885604 -0.21419506
-0.86444031 0.06997381 -0.98334732
-0.90053579 0.24674782 -1.58983189
-0.85235165 0.36841351 -1.38560487
-0.80065727 0.59912177 -0.84166248
-0.82438265 0.72238980 -0.52876514
-0.82276855 0.88317989 0.33552592
-0.83736658 1.05422058 1.40750518
-0.88393390 1.17172039 1.92599686
-0.84839770 1.28564973 2.82807949
-0.82276474 1.40631893 3.56302861
-0.79699925 1.65115177 4.11977963
-0.88836071 1.81629585 3.21683714
-0.86488582 1.95062846 2.91895179
-0.90139277 2.11463319 2.11281566
-0.81545341 2.21958041 1.99275871
-0.86079466 2.38523622 1.23596877
-0.89306188 2.59685633 0.62359009
-0.84534909 2.70691976 0.46587730
-0.83789532 2.80583562 0.32742972
-0.84615385 3.00000000 0.14625569
-0.69230769 -3.00000000 -0.08843872
-0.66762519 -2.79039153 -0.23398128
-0.63234504 -2.69961564 -0.35982813
-0.69826799 -2.47877223 -0.63977928
-0.65697693 -2.36310110 -0.96829514
-0.67050631 -2.18573534 -1.38112326
-0.71514501 -2.09555363 -1.42769106
-0.71217163 -1.96067716 -1.66474009
-0.68048066 -1.82878700 -1.90949289
-0.67805910 -1.64076218 -1.64391158
-0.70314693 -1.50413269 -0.93497852
-0.65217563 -1.34362493 -0.15629645
-0.74796002 -1.11649159 1.78573402
-0.74827112 -1.02469896 2.32864148
-0.63185092 -0.88669886 3.09839287
-0.68782971 -0.66677191 3.29460575
-0.68517281 -0.53533430 2.99298693
-0.66036975 -0.43922770 2.74131674
-0.71425630 -0.26996208 1.57615084
-0.63335773 -0.02853742 0.94204263
-0.72788306 0.08267411 -0.07810262
-0.66396926 0.23579701 -0.08996926
-0.66203677 0.41741923 -0.31913241
-0.74618291 0.49144298 -0.74791173
-0.72606723 0.65766507 -0.30126659
-0.73935381 0.82091073 0.37580585
-0.70016117 0.99214344 1.72169487
-0.73308930 1.16075200 2.79309214
-0.67688655 1.28013698 3.97926286
-0.63326335 1.48191206 5.20776256
-0.63796600 1.61377163 5.30726059
-0.66103993 1.78618933 4.78185596
-0.64337062 1.90005189 4.39629189
-0.70388010 2.12792655 2.85473460
-0.72263898 2.22132603 2.29653336
-0.72136078 2.32940950 1.78614519
-0.63690265 2.47868073 1.33624893
-0.68589148 2.69713985 0.61687086
-0.64820255 2.90542665 0.29314552
-0.69230769 3.00000000 0.18551160
-0.53846154 -3.00000000 -0.12716605
-0.51199121 -2.84632024 -0.26124128
-0.48955544 -2.72887344 -0.43120383
-0.52188459 -2.56130039 -0.72678488
-0.48650104 -2.43769978 -1.12274079
-0.52660132 -2.25881216 -1.62797870
-0.48390891 -2.11596966 -2.31386879
-0.51095591 -1.98282401 -2.63185224
-0.56974624 -1.78504000 -2.56064164
-0.52178667 -1.58056354 -2.44624836
-0.54423444 -1.50576834 -1.91209951
-0.55871427 -1.35359232 -0.73279066
-0.49555329 -1.16229044 0.70223562
-0.54331660 -0.97354611 2.53793178
-0.52189944 -0.84599920 3.28411819
-0.55024983 -0.68091819 3.69654481
-0.59426809 -0.51131891 3.31950786
-0.56534783 -0.40883332 3.04562922
-0.59151816 -0.17445694 1.82808460
-0.54593792 -0.13348753 1.85470096
-0.47878563 0.11292138 1.15112080
-0.49989157 0.18576740 0.85170833
-0.57250398 0.41492563 0.11911559
-0.53081615 0.56691201 0.34426840
-0.51396966 0.71312623 0.82164259
-0.49029562 0.89104799 1.95662102
-0.52085862 0.95581075 2.33495283
-0.53523305 1.15448087 3.95013859
-0.54620858 1.36134620 5.35282627
-0.53442475 1.50618399 5.97378965
-0.49107524 1.65020309 6.29123476
-0.58939262 1.78334891 5.26311137
-0.55608471 1.95182691 4.59183585
-0.58644903 2.01700635 4.03435222
-0.51491185 2.24952125 2.79983907
-0.52054278 2.33651758 2.25831390
-0.51927325 2.58625846 1.09929493
-0.49467219 2.69741754 0.77330586
-0.55673727 2.89346213 0.34379572
-0.53846154 3.00000000 0.22432954
-0.38461538 -3.00000000 -0.16779940
-0.33133237 -2.81107679 -0.40256851
-0.38985895 -2.74093185 -0.48542270
-0.39482985 -2.50794522 -1.06115480
-0.41908848 -2.40028112 -1.39047399
-0.40440273 -2.19659104 -2.28603578
-0.40705693 -2.06888033 -2.84061993
-0.41237249 -1.86902285 -3.48116649
-0.42075512 -1.72819929 -3.53880888
-0.39768896 -1.58759096 -3.38926967
-0.33097603 -1.51035617 -3.51996107
-0.41988907 -1.34481032 -1.56691157
-0.42107419 -1.12359240 0.70842334
-0.41068709 -0.99532518 1.93200690
-0.42985631 -0.84455522 3.13527159
-0.40939576 -0.66512932 3.71866721
-0.40102513 -0.58658272 3.73674762
-0.38679139 -0.41535812 3.38865644
-0.44402041 -0.23536300 2.63506528
-0.37101280 -0.04559137 1.95338251
-0.35710005 0.02025961 1.72483778
-0.39651744 0.21040422 1.07566487
-0.34177308 0.40295812 0.78301228
-0.41685833 0.54651574 0.65917242
-0.34609098 0.71347957 1.25919198
-0.36848793 0.85442977 2.06501838
-0.32509690 1.04683805 3.87402618
-0.39278469 1.21042271 5.16498436
-0.34236867 1.29517430 6.08788786
-0.39192471 1.40468224 6.52521046
-0.34544532 1.56758431 7.20580442
-0.40565662 1.81751407 6.18200101
-0.33325560 1.88659008 6.08963550
-0.37905668 2.05787655 4.62918365
-0.35794855 2.22849287 3.37015778
-0.36648543 2.40841602 2.14396070
-0.32528488 2.51848076 1.60382528
-0.44459816 2.66672583 0.90261677
-0.44338407 2.79300923 0.57151297
-0.38461538 3.00000000 0.25864294
-0.23076923 -3.00000000 -0.20539989
-0.28755571 -2.87738546 -0.32574929
-0.21976905 -2.73953925 -0.60270600
-0.23923094 -2.50377403 -1.30660642
-0.22429154 -2.40067960 -1.78000443
-0.20356056 -2.18255026 -3.02468875
-0.18031779 -2.08794611 -3.67066240
-0.20071986 -1.89685377 -4.59518621
-0.25272265 -1.80636954 -4.59544090
-0.20859387 -1.67104577 -4.96145146
-0.28747300 -1.40124715 -3.06856431
-0.22616169 -1.32154108 -2.79051476
-0.23189923 -1.19042003 -1.29787797
-0.27192536 -1.01223537 1.00814868
-0.20213952 -0.80164277 2.39957018
-0.28631940 -0.70999440 3.26730051
-0.19819395 -0.53572398 3.11802929
-0.18277421 -0.39700122 2.84571979
-0.20980309 -0.18625404 2.29494123
-0.23030068 -0.12288444 2.12956465
-0.28547170 0.03110804 1.68970559
-0.21984003 0.28537841 0.95737468
-0.26961353 0.37439145 0.84697324
-0.28507562 0.51109149 0.79954848
-0.26075756 0.63300758 1.03173094
-0.20702947 0.88223570 2.53379415
-0.25207357 1.04884682 4.07502295
-0.18039610 1.19683123 5.73634009
-0.21548589 1.28390382 6.45529501
-0.19569202 1.44207482 7.52851945
-0.17168207 1.66459738 7.77959431
-0.25827615 1.81509724 6.84100404
-0.28010594 1.89804456 6.21116506
-0.24642956 2.12408607 4.46920333
-0.20358158 2.25094320 3.49527261
-0.20086953 2.38286095 2.52417924
-0.25698039 2.49512653 1.79094461
-0.19884685 2.67773497 1.01789977
-0.24072328 2.81032664 0.61464558
-0.23076923 3.00000000 0.28435071
-0.07692308 -3.00000000 -0.23476636
-0.01830878 -2.88335058 -0.39878967
-0.13580199 -2.71177523 -0.71877705
-0.10802299 -2.56453725 -1.21155149
-0.13004524 -2.34323939 -2.24472103
-0.08245059 -2.19889750 -3.22740409
-0.05963058 -2.12950331 -3.74487398
-0.03647708 -1.94841003 -4.98875378
-0.04108549 -1.78317098 -5.73126047
-0.09922395 -1.66986494 -5.61502648
-0.12626554 -1.50573163 -4.98405308
-0.07413438 -1.26444011 -3.28733913
-0.12743499 -1.10907517 -1.09620639
-0.09694880 -0.95462367 0.42585669
-0.09874941 -0.88716609 1.08130746
-0.11330117 -0.64417413 2.54915667
-0.03816827 -0.59284300 2.18114557
-0.07975658 -0.36631937 2.27795123
-0.07605042 -0.22279715 1.88720893
-0.06199908 -0.12310552 1.54510184
-0.12566519 0.01842133 1.39893096
-0.13221723 0.21276625 0.94892510
-0.08172271 0.34618924 0.62518139
-0.05916858 0.54580584 0.64968807
-0.07315808 0.72168687 1.33431104
-0.01620056 0.80207437 1.81492985
-0.02273356 0.97599828 3.44567640
-0.05941606 1.14196317 5.28093384
-0.02442066 1.36043435 7.31659343
-0.11852876 1.40504478 7.51899098
-0.07244511 1.60210624 8.06609934
-0.05131953 1.79184352 7.42957956
-0.03710872 1.94814564 6.29782525
-0.05707577 2.02144806 5.65271143
-0.07772655 2.25892889 3.55471285
-0.05801748 2.41527492 2.39819164
-0.06716449 2.59370152 1.39963973
-0.05644876 2.74724651 0.82284903
-0.03225242 2.79567062 0.68804177
-0.07692308 3.00000000 0.29811775
0.07692308 -3.00000000 -0.25160535
0.12778376 -2.89046118 -0.40409850
0.09406977 -2.64418464 -1.01481569
0.04914214 -2.52043431 -1.50004003
0.08385125 -2.34500267 -2.47194848
0.11262444 -2.26570497 -3.00791556
0.03347697 -2.04069863 -4.54806132
0.03013476 -1.87601719 -5.57209006
0.01693692 -1.76606317 -5.98691420
0.11209477 -1.66341258 -6.41961064
0.07181187 -1.45904530 -5.77296795
0.05593021 -1.29830247 -4.41728866
0.03897081 -1.20590474 -3.34054591
0.03974094 -0.96903246 -0.65146414
0.12200364 -0.87475097 -0.25224742
0.02253612 -0.70833273 1.45396246
0.09370081 -0.47834327 1.44173788
0.05917669 -0.38967091 1.55349595
0.11141248 -0.27725363 1.09174519
0.12680460 -0.02434468 0.54592153
0.11940106 0.06417671 0.42647641
0.10895402 0.25112031 0.21959121
0.11162049 0.36013188 0.15355076
0.12065497 0.56723113 0.38690843
0.07096046 0.72589421 1.17121828
0.06080632 0.89157660 2.50598238
0.11564497 1.01679560 3.74352967
0.08784489 1.15117669 5.28379022
0.09551570 1.30977045 6.83157138
0.06436686 1.42988617 7.68177262
0.08274197 1.62121115 8.01446180
0.07179570 1.70853557 7.80716899
0.02020286 1.97148541 6.10370915
0.13023621 2.05476440 5.27775623
0.11843185 2.25481089 3.55796771
0.03254574 2.37415576 2.68557133
0.02513346 2.51979036 1.77416704
0.08916516 2.71975798 0.90491374
0.12075301 2.85879457 0.53106622
0.07692308 3.00000000 0.29808566
0.23076923 -3.00000000 -0.25355523
0.28631442 -2.85652409 -0.45629607
0.24031662 -2.64985017 -0.99328069
0.20236894 -2.47852548 -1.72371149
0.18346489 -2.36611097 -2.35783996
0.23312677 -2.19496123 -3.50337374
0.22216613 -2.09921420 -4.22069617
0.23153844 -1.98151242 -5.07510774
0.27884441 -1.73108718 -6.35759449
0.26222600 -1.61806289 -6.54020266
0.18877178 -1.40472653 -5.77241936
0.17896813 -1.26878203 -4.61917719
0.24711780 -1.17194384 -3.81305532
0.27998022 -0.98422354 -1.94776184
0.17213133 -0.79515936 0.07806806
0.28463468 -0.67199181 0.22729797
0.19942627 -0.56675192 0.84391902
0.21005772 -0.42139583 0.84828618
0.21923979 -0.28058571 0.66031732
0.24533965 -0.03737720 0.24375796
0.20782589 0.04225245 0.21954603
0.28225352 0.18656768 -0.01393592
0.22049481 0.37939487 -0.01656560
0.17645947 0.56417440 0.30292383
0.24504002 0.72677947 0.97549408
0.20523271 0.89057551 2.30513006
0.25059653 1.02945088 3.65239736
0.23032555 1.17210999 5.22592041
0.22856171 1.29111641 6.36398170
0.29112125 1.43251534 7.07593829
0.20231090 1.57421308 7.75560091
0.17580652 1.74129400 7.46675461
0.28557919 1.89032610 6.23268459
0.27270230 2.09029486 4.68514491
0.21303244 2.21447994 3.77203611
0.24248704 2.37103168 2.55504363
0.29076866 2.55392896 1.46709056
0.17438386 2.65034862 1.12861814
0.27590594 2.79128734 0.64885134
0.23076923 3.00000000 0.28428489
0.38461538 -3.00000000 -0.24072960
0.33920130 -2.85654861 -0.44758092
0.43647423 -2.71093786 -0.73619555
0.36960112 -2.50425261 -1.51586876
0.40439339 -2.35103745 -2.28034141
0.36323376 -2.26603448 -2.86992164
0.42504319 -2.10757184 -3.84530059
0.41290476 -1.88499472 -5.35187309
0.36273950 -1.76363684 -6.08494142
0.35516754 -1.60177486 -6.40066903
0.33426556 -1.48019562 -6.19621319
0.39567547 -1.28576475 -4.92617187
0.39460662 -1.14428109 -3.66463007
0.39629190 -1.05687258 -2.81983803
0.42201840 -0.78650855 -0.62091721
0.41172846 -0.64417120 0.05387848
0.44042206 -0.57476308 0.22865069
0.35784943 -0.33636663 0.41746546
0.32434784 -0.24422412 0.37384996
0.35666703 -0.08424350 0.19309435
0.36676265 0.06798162 0.07590924
0.42550603 0.25425274 0.07564385
0.41184333 0.43192328 0.09266448
0.39420971 0.48921683 0.13538919
0.39070290 0.71564191 0.89185847
0.32664077 0.81832122 1.56356049
0.42915786 1.00652925 3.09834680
0.35065907 1.13169659 4.49127658
0.38574482 1.35433372 6.24094693
0.33030149 1.46133111 7.02634669
0.34849950 1.57117716 7.15899849
0.32756461 1.77087421 6.78442360
0.37151287 1.96435717 5.36948303
0.33596604 2.03414999 4.95966899
0.35166305 2.22838041 3.38388622
0.37222735 2.39212607 2.23070050
0.41637634 2.58075083 1.23269313
0.39860421 2.71892235 0.78051037
0.42093394 2.86148616 0.44660771
0.38461538 3.00000000 0.25862198
0.53846154 -3.00000000 -0.21560735
0.59092333 -2.83030824 -0.41252707
0.59372634 -2.69436586 -0.68192524
0.50732609 -2.49411389 -1.42253179
0.52718993 -2.39946707 -1.83049744
0.54361943 -2.21358285 -2.83593625
0.53682541 -2.04814996 -3.90645361
0.53166074 -1.88287044 -4.91238040
0.50460095 -1.80559583 -5.40498454
0.59154241 -1.63543299 -5.40664581
0.51051897 -1.46902433 -5.62350698
0.47859628 -1.34817350 -5.16649576
0.51061478 -1.09834748 -3.07635143
0.53983102 -0.99788472 -2.13197725
0.48372859 -0.84992367 -1.04036753
0.54839961 -0.68384356 -0.04649297
0.49059016 -0.49465746 0.38630791
0.56094902 -0.34580438 0.63392801
0.50683563 -0.19619473 0.47504841
0.49195400 -0.11813847 0.40366505
0.54113163 0.01703404 0.51122562
0.57131425 0.19803475 0.57066537
0.56267685 0.40367057 0.50617113
0.59216942 0.50904490 0.68628542
0.59783429 0.69687704 1.11549276
0.48101364 0.90078252 2.14434676
0.54917659 1.04904035 3.26041419
0.54877408 1.18150648 4.31635397
0.53756101 1.35764554 5.52301936
0.57329168 1.46767843 5.74662635
0.55300616 1.58384383 6.00758746
0.50496790 1.82202121 5.63365492
0.51541406 1.88964653 5.20367472
0.51227798 2.05653730 4.12344930
0.57224237 2.24409545 2.66949209
0.55687201 2.43584500 1.66741774
0.54524503 2.55304056 1.19023912
0.53916768 2.68560266 0.77048766
0.58351753 2.84395515 0.40673663
0.53846154 3.00000000 0.22444783
0.69230769 -3.00000000 -0.18232952
0.72298446 -2.79262426 -0.40709264
0.71813665 -2.67752366 -0.62310843
0.70175092 -2.58289295 -0.87501425
0.67074051 -2.33081701 -1.87773574
0.73779677 -2.21176394 -2.26698516
0.67286845 -2.05385367 -3.33873729
0.64617387 -1.90760893 -4.24016441
0.74638376 -1.71308856 -4.34527825
0.73406757 -1.64826110 -4.51451593
0.69003910 -1.49234985 -4.69232019
0.74285735 -1.27560220 -3.42314918
0.75130943 -1.17415819 -2.70632651
0.68540238 -0.95844488 -1.37891500
0.69860123 -0.87635222 -0.74282028
0.64358666 -0.74858459 -0.14319126
0.63284092 -0.57876235 0.50718864
0.67271500 -0.37241659 1.02108636
0.75252278 -0.28505454 1.48097103
0.63651057 -0.13578519 0.95735975
0.72451448 0.09823907 1.40281959
0.67786261 0.23306751 1.08046015
0.73632333 0.34664999 1.33025261
0.74160135 0.50105603 1.30639997
0.72487259 0.74185297 1.56741628
0.63812492 0.81850858 1.69937377
0.67129536 1.05233374 3.06774245
0.64775568 1.20468802 4.12298673
0.69481836 1.26009053 4.25140157
0.72824232 1.43441717 4.74437302
0.63537167 1.63825092 5.44029611
0.68649013 1.82267026 4.57121189
0.74614170 1.96945110 3.54220671
0.63620143 2.06444780 3.53808189
0.74272534 2.24763699 2.12328666
0.69053452 2.38918529 1.60755952
0.74347176 2.59133142 0.81702465
0.67900628 2.75283038 0.51053784
0.69757144 2.90443976 0.27592222
0.69230769 3.00000000 0.18584161
0.84615385 -3.00000000 -0.14566108
0.85393535 -2.79153439 -0.33531200
0.87646423 -2.63638761 -0.56237390
0.85069919 -2.54265052 -0.79605722
0.85645747 -2.42203008 -1.12401388
0.90573593 -2.28392036 -1.46934565
0.84370695 -2.12592171 -2.28844488
0.88631967 -1.93663587 -2.85621854
0.84201784 -1.79743700 -3.54717167
0.88198173 -1.56795549 -3.51160189
0.90105971 -1.42781558 -3.10220023
0.80938365 -1.26228952 -2.94381786
0.82016677 -1.20077684 -2.50029739
0.81254350 -1.05134039 -1.50759922
0.82116700 -0.88618182 -0.32209211
0.81817577 -0.69522925 0.73860393
0.81253775 -0.58819832 1.14690573
0.87657478 -0.36917649 1.99409649
0.79622808 -0.19294811 1.78639082
0.81032835 -0.02933303 1.92651399
0.89528138 0.09213483 2.39109001
0.86023965 0.17064253 2.15035138
0.81496139 0.34303729 1.75029677
0.87257924 0.53043610 1.86932281
0.86306059 0.74307511 1.89998000
0.78567714 0.86509856 2.06906516
0.83453316 1.02750190 2.70084451
0.89506465 1.18299078 3.15931968
0.87725645 1.27583959 3.52754831
0.81314637 1.46141042 4.29344502
0.87783609 1.59370670 3.93448518
0.87793387 1.81447895 3.46783623
0.89710009 1.97110267 2.78297430
0.78807637 2.09855947 2.69631066
0.85419147 2.26331211 1.71954325
0.85985946 2.34826392 1.38224424
0.90094919 2.52168275 0.78819851
0.89702267 2.65675734 0.51128998
0.87361292 2.87581363 0.23533321
0.84615385 3.00000000 0.14682058
1.00000000 -3.00000000 -0.10995938
0.94196940 -2.83441853 -0.24326806
0.96718960 -2.72886553 -0.34471651
0.98513580 -2.53645915 -0.63447076
1.02049612 -2.39318839 -0.89217362
1.02122717 -2.17471545 -1.48717701
1.01808463 -2.07089886 -1.81257700
0.97814981 -1.87403944 -2.56432328
1.02807053 -1.81611042 -2.42341246
1.04138113 -1.58796585 -2.49120196
1.02675239 -1.41560676 -2.25847421
0.94087160 -1.27806754 -2.22542661
1.00417407 -1.17715266 -1.32341446
0.93934984 -1.04192044 -0.81824022
0.96436145 -0.88467390 0.29064452
0.97571364 -0.67539209 1.44731046
1.05628650 -0.58193292 2.10232355
0.98475043 -0.40152776 2.40721277
1.01630060 -0.25081060 2.82097434
0.98177211 -0.08844071 2.83175078
0.98557103 0.07759446 2.85435909
1.06031452 0.22388303 3.02629869
1.01438106 0.39234504 2.59996189
0.99991736 0.48539008 2.39848757
1.01500732 0.66006597 2.23104913
0.97722828 0.80789549 2.16428199
1.01564805 1.00229408 2.42068452
1.02754452 1.20842762 2.79044840
1.02242929 1.33144879 3.01400125
1.00015097 1.51929369 3.25230181
0.98309364 1.59444579 3.30984676
1.03739343 1.82635642 2.57570776
0.97814565 1.97391412 2.39627738
1.01308285 2.06050344 1.94949766
1.00371433 2.29039310 1.22827356
0.97113402 2.38406311 1.02948817
1.01517769 2.58472634 0.52025082
0.98144955 2.70543381 0.36840378
1.02902504 2.87011784 0.17949667
1.00000000 3.00000000 0.11068428
1.15384615 -3.00000000 -0.07843653
1.19017359 -2.85417822 -0.13127917
1.11523978 -2.71440966 -0.26539636
1.11397914 -2.52680896 -0.49566396
1.09568056 -2.43582591 -0.67424688
1.12267776 -2.18918386 -1.15103627
1.17518856 -2.08956922 -1.21994334
1.20262969 -1.92039420 -1.43813195
1.14834543 -1.79558035 -1.84061391
1.13468080 -1.64613226 -1.98363998
1.17995681 -1.50709235 -1.61437546
1.16471548 -1.33015439 -1.21831913
1.14239391 -1.21179257 -0.82835716
1.19064281 -1.05465150 0.14091876
1.15197585 -0.89337404 0.88754390
1.19715760 -0.67067446 2.06280913
1.13756230 -0.57717394 2.33001648
1.15735631 -0.37395452 2.99782128
1.20045106 -0.22924763 3.35737699
1.16797542 -0.04837250 3.47295182
1.11316192 0.11183613 3.30813327
1.17386286 0.25278389 3.27449416
1.12906993 0.43402755 2.84377155
1.10670803 0.57657068 2.52214529
1.20421789 0.66520029 2.46473787
1.18743794 0.79028296 2.28102753
1.19381118 1.05473907 2.18763173
1.12499014 1.10410207 2.36599893
1.17855708 1.35987999 2.37387293
1.16955669 1.42578229 2.42013597
1.17923920 1.67546665 2.19511668
1.11335166 1.80824479 2.25499678
1.12663919 1.93264373 1.88941988
1.12614736 2.06534230 1.53218446
1.13800012 2.27459994 0.96367331
1.16716916 2.39855590 0.65605840
1.12385025 2.53629960 0.48266495
1.18621791 2.75090745 0.20122648
1.14013960 2.87734559 0.13727381
1.15384615 3.00000000 0.07963022
1.30769231 -3.00000000 -0.05285452
1.33256164 -2.86364241 -0.08681738
1.25352944 -2.69191819 -0.20448470
1.34790882 -2.59232475 -0.22060014
1.30939265 -2.39695749 -0.43675727
1.32024210 -2.20882841 -0.66013962
1.27843645 -2.06093028 -0.97136395
1.28021906 -1.90592166 -1.17694643
1.36232539 -1.78667897 -0.99113161
1.25633779 -1.63661639 -1.39106881
1.33849066 -1.49353802 -0.90487527
1.29495648 -1.25581040 -0.42227363
1.34021618 -1.17628471 0.00861271
1.31818324 -0.96290238 0.88747735
1.34992571 -0.85177948 1.42028595
1.35626920 -0.69865502 2.06076730
1.35834002 -0.50082695 2.75530230
1.29670288 -0.32706696 3.23583922
1.36048007 -0.20719369 3.41099684
1.31385826 -0.10200480 3.55339380
1.25703763 0.04746257 3.57648070
1.33567797 0.24389308 3.36049991
1.26115027 0.36748980 3.13939035
1.35605484 0.58834871 2.58285431
1.29887308 0.70445644 2.37330541
1.34340847 0.78985533 2.17319803
1.31103044 0.94934849 2.01143997
1.32490640 1.17866067 1.86799598
1.30629637 1.32633620 1.89786935
1.24813256 1.50872117 2.05644176
1.28649176 1.62910368 1.79457678
1.29126244 1.72502599 1.65304286
1.36271611 1.97423452 1.02169716
1.32240135 2.05544012 0.98586024
1.27387957 2.23737135 0.76513329
1.30634969 2.42879632 0.43040533
1.36105721 2.58356070 0.23235483
1.34574060 2.71139727 0.15596767
1.34328405 2.87956206 0.08252197
1.30769231 3.00000000 0.05467642
1.46153846 -3.00000000 -0.03362621
1.47325803 -2.89637150 -0.05003182
1.43061504 -2.65887605 -0.13850913
1.51727269 -2.55785273 -0.14613130
1.47253326 -2.40228727 -0.26412540
1.43521845 -2.23265700 -0.44468612
1.47946893 -2.13584488 -0.46439323
1.48418970 -1.88610568 -0.62290325
1.43366378 -1.81585620 -0.77181041
1.48146019 -1.58702696 -0.58346997
1.40546009 -1.44635440 -0.60068676
1.41873061 -1.31088015 -0.24767042
1.45486008 -1.15092490 0.31911279
1.51504763 -1.04566820 0.72927035
1.41699839 -0.87251410 1.35793625
1.42847349 -0.63885257 2.24208040
1.45292002 -0.48906024 2.67760111
1.51584333 -0.42096608 2.72206147
1.43793382 -0.28176735 3.17806953
1.43221866 -0.05305912 3.42791891
1.43427136 0.04643841 3.42062069
1.48461624 0.26877936 3.07079377
1.51530887 0.42969719 2.67997912
1.44229689 0.57397354 2.49796615
1.44870123 0.67778067 2.24511325
1.44122698 0.81181813 1.98440338
1.49903741 1.03488440 1.54252690
1.47959840 1.20915811 1.43537217
1.45356802 1.36157969 1.41271091
1.51824064 1.47472972 1.15299662
1.44714915 1.67537944 1.18571839
1.43026235 1.77322150 1.12396811
1.48105373 1.94135110 0.78572830
1.45475756 2.12838458 0.60346145
1.47369360 2.21753608 0.47146757
1.48117382 2.40993195 0.28212967
1.43872809 2.53548395 0.21898229
1.48590992 2.64600971 0.13282693
1.47794595 2.80906995 0.07489105
1.46153846 3.00000000 0.03583346
1.61538462 -3.00000000 -0.02017941
1.58963261 -2.85017618 -0.04096489
1.66366606 -2.73823645 -0.04805016
1.57501090 -2.48537720 -0.14941433
1.65258323 -2.37004605 -0.15445988
1.58290105 -2.26727686 -0.25218530
1.58087126 -2.12338412 -0.33410151
1.59401677 -1.97658524 -0.38666881
1.56671980 -1.82122606 -0.47197966
1.63455017 -1.63333179 -0.30800991
1.58816365 -1.40459377 -0.12790627
1.66572104 -1.28425701 0.17174803
1.61894576 -1.18043033 0.37465136
1.55533622 -1.03326767 0.77784555
1.57208203 -0.88757790 1.24191617
1.61164193 -0.66452884 1.86247871
1.66771099 -0.56117618 1.98969266
1.57590317 -0.38414711 2.64149340
1.60053550 -0.22356611 2.81981756
1.62777632 -0.12336603 2.81401462
1.57700359 0.02083264 3.02688311
1.56954180 0.23690397 2.87770725
1.64084577 0.41266345 2.35374237
1.55970981 0.49674191 2.41809243
1.58005074 0.74930510 1.81940549
1.60862900 0.87199711 1.52973049
1.61227641 1.03128933 1.29301024
1.61133103 1.12548749 1.19109194
1.55956934 1.30791556 1.16070082
1.65440341 1.41720775 0.86180123
1.66430048 1.67042713 0.66508127
1.55675696 1.71171163 0.85912729
1.59049177 1.97072364 0.54807308
1.66287892 2.08271059 0.35751348
1.58698737 2.21848953 0.33713214
1.60878712 2.32860802 0.24000962
1.66251890 2.54798577 0.10665273
1.67484490 2.64268907 0.07471670
1.56791976 2.82516516 0.05366307
1.61538462 3.00000000 0.02241708
1.76923077 -3.00000000 -0.01140725
1.74611086 -2.89694932 -0.01921903
1.71989627 -2.66044260 -0.05116880
1.80147229 -2.56598234 -0.05047153
1.76868398 -2.34364146 -0.10538064
1.74841855 -2.20681548 -0.15243195
1.77495452 -2.05002883 -0.17278330
1.73675192 -1.86276508 -0.22943377
1.73895328 -1.82826951 -0.22649245
1.81659946 -1.60003412 -0.08695343
1.80054294 -1.48368254 -0.01460905
1.72464833 -1.28745920 0.19550883
1.78938917 -1.10246837 0.52684790
1.73808986 -1.04506757 0.67753565
1.71950670 -0.90421895 1.02917762
1.71228102 -0.64594380 1.67450179
1.72558228 -0.55276760 1.84413086
1.81229505 -0.35599087 1.89183530
1.75563179 -0.23154658 2.24234163
1.82194981 -0.11932515 2.06036635
1.78259962 0.08661544 2.21936390
1.72598012 0.28513222 2.26439777
1.76201820 0.38903921 1.98717139
1.81496123 0.56383456 1.53781396
1.75118575 0.73013213 1.43257275
1.73855811 0.82419040 1.30758206
1.82857535 1.03288730 0.84230502
1.79843403 1.20492529 0.73799264
1.75301042 1.34193501 0.71792917
1.76622334 1.41808721 0.64426256
1.76183063 1.56121696 0.56436590
1.78588775 1.82882822 0.37489182
1.72006017 1.88531858 0.42389516
1.75601402 2.05916242 0.27763660
1.80769352 2.21388305 0.16637473
1.82884405 2.36196292 0.10559316
1.78627863 2.52106339 0.07657895
1.77516071 2.71583341 0.04100656
1.77248008 2.79054218 0.03128241
1.76923077 3.00000000 0.01338766
1.92307692 -3.00000000 -0.00606221
1.86553015 -2.81141124 -0.01667857
1.88084646 -2.68437860 -0.02476607
1.90322873 -2.55591161 -0.03406860
1.88957076 -2.41342279 -0.05371012
1.97047728 -2.20766939 -0.05759598
1.97446569 -2.03740674 -0.06907859
1.92199103 -1.92799946 -0.09362249
1.92754400 -1.78826089 -0.08072345
1.88325588 -1.62511144 -0.05776711
1.89337161 -1.43564947 0.06587817
1.95341908 -1.31188108 0.17962809
1.92239420 -1.21010374 0.29749188
1.92785247 -1.03635518 0.52656757
1.88387255 -0.88562112 0.82298565
1.93538394 -0.67649579 1.06021570
1.98347144 -0.58261411 1.07015788
1.98063764 -0.34514446 1.33120779
1.90564437 -0.25102958 1.66250130
1.94357667 -0.08617553 1.60556298
1.91503481 0.10392190 1.69682579
1.90041331 0.24319340 1.66471397
1.94397297 0.43767059 1.32306865
1.89962662 0.48867678 1.39453421
1.88787801 0.71368293 1.11588697
1.94471651 0.87453993 0.79451850
1.98281244 0.97600830 0.62791234
1.96626182 1.15758796 0.50971892
1.96640152 1.30242884 0.42074590
1.96202819 1.43451703 0.36005337
1.98037414 1.62719976 0.26338115
1.87137365 1.80614497 0.29323061
1.88363332 1.91807926 0.23447983
1.86689961 2.12796444 0.16470632
1.91562669 2.21466806 0.11318799
1.95746931 2.35047817 0.06813494
1.97306899 2.50254700 0.04096656
1.88268535 2.70842860 0.02862817
1.96084545 2.85609845 0.01208938
1.92307692 3.00000000 0.00763303
2.07692308 -3.00000000 -0.00301992
2.05478419 -2.79892001 -0.00757352
2.03408151 -2.71756481 -0.01120506
2.07564118 -2.56609171 -0.01507480
2.03560421 -2.39441845 -0.02898707
2.05626510 -2.28856896 -0.03293829
2.09587652 -2.13443983 -0.03384033
2.03720803 -1.95088623 -0.05024667
2.08543747 -1.78206214 -0.02551617
2.09336175 -1.63429912 0.00486124
2.04846003 -1.48723005 0.05414797
2.06255284 -1.33687254 0.14026122
2.03328137 -1.19095764 0.26671360
2.08074739 -1.01368425 0.40079292
2.11214530 -0.84879000 0.52284007
2.12199227 -0.72178177 0.62655311
2.11446443 -0.56922474 0.77739211
2.13626957 -0.32655073 0.89871868
2.01931419 -0.25443543 1.27393153
2.02046778 -0.07178945 1.33862189
2.06308711 0.10956650 1.18603091
2.03026788 0.28989688 1.19692685
2.07994715 0.41598969 0.96172830
2.10174750 0.53795509 0.80895272
2.03910941 0.64059407 0.85196586
2.11226430 0.85649923 0.52585447
2.09547560 0.94751106 0.48285583
2.10896085 1.13556268 0.35010676
2.10286421 1.28039597 0.28741058
2.09577484 1.51106166 0.21026857
2.12019973 1.62724744 0.16216782
2.04430046 1.82205260 0.15622719
2.07738679 1.91653955 0.11674844
2.09022239 2.09364155 0.07737168
2.03979748 2.19219720 0.07492116
2.09966948 2.37548451 0.03642694
2.02038270 2.50180611 0.03417220
2.09226763 2.71510958 0.01233759
2.05994994 2.88390003 0.00729137
2.07692308 3.00000000 0.00415515
2.23076923 -3.00000000 -0.00140404
2.18186160 -2.84577311 -0.00340970
2.25447704 -2.68658478 -0.00416388
2.29052188 -2.54521182 -0.00529175
2.21665076 -2.33924545 -0.01297242
2.22151423 -2.24475747 -0.01482053
2.24700385 -2.04988753 -0.01434989
2.20686966 -1.93653946 -0.01659165
2.21571650 -1.76052955 -0.00319780
2.24974760 -1.55966200 0.03121067
2.18340888 -1.44709934 0.06723688
2.26861948 -1.35637639 0.08603919
2.18435666 -1.19356990 0.18842441
2.22871157 -1.05776848 0.24295884
2.21342527 -0.88594890 0.36751939
2.21043059 -0.63852121 0.54408219
2.21481455 -0.54817592 0.59554502
2.19939825 -0.43814475 0.69125593
2.19805368 -0.25939354 0.77878444
2.20363648 -0.07904506 0.80788553
2.21976870 0.08940537 0.76412732
2.24397453 0.23448593 0.67452142
2.21752239 0.35901745 0.67847055
2.25451094 0.59165345 0.48661060
2.25424174 0.70227365 0.42540093
2.19969280 0.89205204 0.38568397
2.18565597 0.99679990 0.34321390
2.27410262 1.20444571 0.18435533
2.18086739 1.32920862 0.20711462
2.28138219 1.47559533 0.11464514
2.28792396 1.66973333 0.08036430
2.18477522 1.79856138 0.09588998
2.19156669 1.88547734 0.07954809
2.27210043 2.05076941 0.04061139
2.20771653 2.25475422 0.03248133
2.24936599 2.42930899 0.01658841
2.24526982 2.53706966 0.01201125
2.20021786 2.70698758 0.00807423
2.18673989 2.89240865 0.00414224
2.23076923 3.00000000 0.00215973
2.38461538 -3.00000000 -0.00060509
2.39985861 -2.85082933 -0.00102660
2.32871535 -2.75061050 -0.00222991
2.36516179 -2.54233494 -0.00349397
2.42881951 -2.36152180 -0.00355429
2.41251655 -2.20491924 -0.00469316
2.34589673 -2.02223005 -0.00679988
2.34564136 -1.86778246 -0.00239103
2.40329041 -1.81998513 0.00193254
2.41866798 -1.64962886 0.01414844
2.38630484 -1.42970217 0.04722937
2.33325463 -1.29873605 0.08941250
2.39724543 -1.13554701 0.11869155
2.39777166 -1.04335558 0.14806037
2.44416954 -0.79292733 0.20246161
2.44412443 -0.68385784 0.23698522
2.37249436 -0.56455201 0.35177744
2.38433193 -0.42573503 0.38419405
2.35764629 -0.21891123 0.47573605
2.34267542 -0.03927936 0.52042306
2.38867281 0.13613403 0.43477491
2.34022568 0.20165186 0.50132096
2.44268597 0.36961380 0.31749037
2.42473336 0.53363349 0.29221556
2.39776778 0.73947748 0.25026771
2.32562386 0.88233221 0.26070855
2.41718928 0.97591989 0.16290141
2.33647511 1.13262375 0.16727861
2.41665955 1.27462548 0.09745177
2.35804462 1.47939298 0.08510139
2.36610722 1.57173849 0.07006423
2.43533209 1.76676963 0.03651518
2.37513047 1.97143427 0.03109038
2.41795128 2.09329481 0.01945607
2.40026689 2.18258109 0.01688823
2.34954219 2.40520393 0.01144478
2.32961605 2.56512378 0.00751917
2.35011028 2.69866054 0.00427218
2.39956067 2.79262890 0.00237307
2.38461538 3.00000000 0.00107192
2.53846154 -3.00000000 -0.00023899
2.55634355 -2.81294742 -0.00045570
2.59437758 -2.73274190 -0.00047133
2.57637880 -2.58088533 -0.00083959
2.56639039 -2.37119513 -0.00137158
2.58650233 -2.19355465 -0.00117954
2.59891012 -2.03055067 -0.00020966
2.56517909 -1.94555202 0.00054497
2.56359036 -1.73638100 0.00634399
2.56935870 -1.58316054 0.01434539
2.52410926 -1.41749927 0.03260719
2.57780124 -1.26970856 0.04356437
2.56535726 -1.13689206 0.06508606
2.51870890 -1.02297582 0.10074395
2.56672210 -0.78814796 0.12873000
2.54368833 -0.69802698 0.16027332
2.53163295 -0.58395327 0.19297308
2.51508144 -0.34525692 0.25271230
2.56050415 -0.23757307 0.22441819
2.54751259 -0.08569688 0.24631477
2.59051883 0.07539550 0.20712423
2.57463313 0.26433885 0.20602231
2.56195758 0.43998155 0.19101019
2.47887133 0.51226813 0.24510164
2.59321855 0.67154099 0.13102804
2.49644406 0.88118675 0.14131431
2.54984786 0.97979047 0.09774386
2.50012982 1.10831490 0.09503983
2.50038186 1.27152977 0.07067407
2.52931316 1.50953073 0.04013833
2.53013566 1.64944789 0.03047934
2.57312631 1.75295962 0.02039923
2.48243800 1.94486266 0.02044946
2.51180445 2.07477401 0.01321926
2.50957895 2.17963979 0.01025964
2.55705230 2.40309957 0.00432729
2.55786227 2.55864149 0.00260232
2.57888978 2.63880348 0.00176872
2.50902686 2.83589458 0.00117904
2.53846154 3.00000000 0.00050804
2.69230769 -3.00000000 -0.00008471
2.71461306 -2.85749090 -0.00013018
2.71157433 -2.63244703 -0.00027889
2.73780077 -2.56798899 -0.00026621
2.70676241 -2.33564599 -0.00044621
2.70342607 -2.23161298 -0.00038413
2.71090107 -2.03856709 0.00032525
2.67430098 -1.87989940 0.00192008
2.66793195 -1.74278682 0.00482069
2.64638862 -1.66019480 0.00789250
2.68630065 -1.45586106 0.01594749
2.64948133 -1.30695877 0.02973554
2.66883660 -1.17313673 0.03964591
2.69348801 -0.97569300 0.05549846
2.73321313 -0.90441099 0.05352583
2.64450487 -0.65675515 0.11302057
2.65382360 -0.53354663 0.12483548
2.66593703 -0.41016396 0.13222182
2.64358956 -0.17212256 0.16446257
2.68379638 -0.09374238 0.14148684
2.72617121 0.02065298 0.11853338
2.63857047 0.27578450 0.15812717
2.74541230 0.37126345 0.09428976
2.64035044 0.48865369 0.13315443
2.71773829 0.70481963 0.07461259
2.73349283 0.82157476 0.05883848
2.63650568 0.99161060 0.06733512
2.70110142 1.18837774 0.03563385
2.63381806 1.33514978 0.03594840
2.74094876 1.50855644 0.01563421
2.68492095 1.56698323 0.01796153
2.73586792 1.82848406 0.00800687
2.73316412 1.97058657 0.00581694
2.70241712 2.06662113 0.00535273
2.68423977 2.17700560 0.00439744
2.69565805 2.40237351 0.00215593
2.66023584 2.52680881 0.00172807
2.74829422 2.65518720 0.00069230
2.72625394 2.89433002 0.00030336
2.69230769 3.00000000 0.00022994
2.84615385 -3.00000000 -0.00002574
2.84765594 -2.90317490 -0.00003844
2.86833782 -2.65845481 -0.00007122
2.82505234 -2.57346557 -0.00012595
2.90218173 -2.33409302 -0.00002729
2.85666635 -2.24610930 -0.00000821
2.88700829 -2.10787921 0.00023976
2.79725258 -1.87007639 0.00163020
2.78913927 -1.71257656 0.00384475
2.88138397 -1.57118237 0.00479176
2.88905394 -1.49946932 0.00597394
2.79300977 -1.31492475 0.01614172
2.84749866 -1.15918623 0.01904690
2.81720806 -1.04811513 0.02799306
2.86570026 -0.85981095 0.03191277
2.84460377 -0.70861286 0.04412131
2.82077439 -0.54078895 0.05990857
2.78885757 -0.33468522 0.08172554
2.79525636 -0.20858998 0.08445707
2.89580655 -0.12866230 0.05433416
2.82113595 0.13424336 0.07611026
2.83603196 0.22137052 0.06878615
2.86173128 0.33187495 0.05734009
2.90056372 0.48355864 0.04215444
2.89314267 0.74208923 0.03199053
2.81369698 0.89476581 0.03658143
2.79717268 1.05349663 0.02988107
2.83070816 1.17068777 0.02048052
2.79274922 1.26556942 0.02024329
2.82387501 1.44639412 0.01202548
2.81678604 1.57864481 0.00936777
2.86721200 1.75695399 0.00488017
2.84970270 1.94033656 0.00344978
2.86339022 2.07405003 0.00228248
2.83963814 2.24577424 0.00161371
2.79561429 2.42984965 0.00116661
2.79509930 2.59135386 0.00067763
2.80921655 2.74816356 0.00034996
2.80822963 2.86631874 0.00021856
2.84615385 3.00000000 0.00009939
3.00000000 -3.00000000 -0.00000586
3.00000000 -2.84615385 -0.00001102
3.00000000 -2.69230769 -0.00001651
3.00000000 -2.53846154 -0.00001619
3.00000000 -2.38461538 0.00000548
3.00000000 -2.23076923 0.00008001
3.00000000 -2.07692308 0.00026207
3.00000000 -1.92307692 0.00063466
3.00000000 -1.76923077 0.00130850
3.00000000 -1.61538462 0.00241237
3.00000000 -1.46153846 0.00407291
3.00000000 -1.30769231 0.00638592
3.00000000 -1.15384615 0.00938464
3.00000000 -1.00000000 0.01301249
3.00000000 -0.84615385 0.01710707
3.00000000 -0.69230769 0.02139999
3.00000000 -0.53846154 0.02553497
3.00000000 -0.38461538 0.02910523
3.00000000 -0.23076923 0.03170924
3.00000000 -0.07692308 0.03301959
3.00000000 0.07692308 0.03285230
3.00000000 0.23076923 0.03121685
3.00000000 0.38461538 0.02832682
3.00000000 0.53846154 0.02456066
3.00000000 0.69230769 0.02038039
3.00000000 0.84615385 0.01623302
3.00000000 1.00000000 0.01246669
3.00000000 1.15384615 0.00928594
3.00000000 1.30769231 0.00675300
3.00000000 1.46153846 0.00482376
3.00000000 1.61538462 0.00339737
3.00000000 1.76923077 0.00235986
3.00000000 1.92307692 0.00161114
3.00000000 2.07692308 0.00107458
3.00000000 2.23076923 0.00069518
3.00000000 2.38461538 0.00043328
3.00000000 2.53846154 0.00025869
3.00000000 2.69230769 0.00014733
3.00000000 2.84615385 0.00007980
3.00000000 3.00000000 0.00004103
