-3.00000000 -3.00000000 0.00006671
-3.00000000 -2.79310345 0.00013615
-3.00000000 -2.58620690 0.00025254
-3.00000000 -2.37931034 0.00042186
-3.00000000 -2.17241379 0.00062063
-3.00000000 -1.96551724 0.00075942
-3.00000000 -1.75862069 0.00063417
-3.00000000 -1.55172414 -0.00011225
-3.00000000 -1.34482759 -0.00197025
-3.00000000 -1.13793103 -0.00543002
-3.00000000 -0.93103448 -0.01072613
-3.00000000 -0.72413793 -0.01755469
-3.00000000 -0.51724138 -0.02494719
-3.00000000 -0.31034483 -0.03145495
-3.00000000 -0.10344828 -0.03562206
-3.00000000 0.10344828 -0.03652055
-3.00000000 0.31034483 -0.03406613
-3.00000000 0.51724138 -0.02897675
-3.00000000 0.72413793 -0.02245029
-3.00000000 0.93103448 -0.01575372
-3.00000000 1.13793103 -0.00989072
-3.00000000 1.34482759 -0.00542621
-3.00000000 1.55172414 -0.00247389
-3.00000000 1.75862069 -0.00081050
-3.00000000 1.96551724 -0.00005125
-3.00000000 2.17241379 0.00018783
-3.00000000 2.37931034 0.00019284
-3.00000000 2.58620690 0.00012963
-3.00000000 2.79310345 0.00007001
-3.00000000 3.00000000 0.00003224
-2.79310345 -3.00000000 0.00018839
-2.85118437 -2.80049169 0.00028302
-2.74871731 -2.55251974 0.00096144
-2.75508137 -2.39020848 0.00140189
-2.74392492 -2.16702068 0.00231044
-2.86192349 -1.97273847 0.00161847
-2.86721248 -1.68765069 0.00121093
-2.71981965 -1.57871298 0.00187322
-2.82434510 -1.30089479 -0.00467708
-2.84164434 -1.19063686 -0.00810932
-2.84414811 -0.95611309 -0.01945987
-2.77239715 -0.64819249 -0.05509104
-2.84050274 -0.44247862 -0.05671374
-2.78402249 -0.24458909 -0.08779971
-2.74097478 -0.15911100 -0.11108715
-2.76875470 0.04183068 -0.10450056
-2.87413674 0.29321813 -0.06188338
-2.74827197 0.52808577 -0.08976632
-2.84348494 0.78006235 -0.04258513
-2.72527829 0.88796114 -0.05878558
-2.80159559 1.16051880 -0.02282514
-2.72715249 1.28362338 -0.02153765
-2.78425985 1.62852330 -0.00385640
-2.77522004 1.79424057 -0.00096438
-2.74803348 1.96668319 0.00068738
-2.82754979 2.18722774 0.00069168
-2.78848439 2.35361931 0.00078956
-2.73504861 2.56375005 0.00069331
-2.79579761 2.83596807 0.00020581
-2.79310345 3.00000000 0.00011033
-2.58620690 -3.00000000 0.00047741
-2.53476663 -2.72910082 0.00145849
-2.56137233 -2.62677102 0.00177254
-2.52926655 -2.31221954 0.00448197
-2.55100671 -2.12865479 0.00585881
-2.58398107 -1.96658567 0.00634583
-2.57265348 -1.81645255 0.00733590
-2.55736145 -1.49249411 0.00307247
-2.64116760 -1.30321276 -0.00725054
-2.55241010 -1.20005515 -0.01850685
-2.65985158 -0.91540276 -0.04469878
-2.63224361 -0.75530538 -0.07601742
-2.56634449 -0.49251766 -0.15949563
-2.54543263 -0.29916347 -0.21692719
-2.61345966 -0.18335346 -0.18320050
-2.64947405 0.05309755 -0.17118874
-2.58206254 0.34642405 -0.20455371
-2.63388294 0.49918508 -0.14798370
-2.51467066 0.70784611 -0.18217598
-2.55125826 0.95045612 -0.10341981
-2.56002369 1.13411356 -0.06415952
-2.57881622 1.37774780 -0.02657675
-2.64175402 1.60069505 -0.00700888
-2.52508606 1.68438267 -0.00389202
-2.63568991 1.92434032 0.00148121
-2.65270159 2.11340018 0.00217852
-2.56302328 2.31751517 0.00316281
-2.65721578 2.65928640 0.00081767
-2.60226724 2.79974683 0.00068964
-2.58620690 3.00000000 0.00034431
-2.37931034 -3.00000000 0.00107766
-2.38355162 -2.81872941 0.00196031
-2.38681481 -2.63633237 0.00337284
-2.36624009 -2.42008994 0.00645853
-2.43744675 -2.22016600 0.00780506
-2.39361692 -1.89497532 0.01532450
-2.36326663 -1.67981482 0.01885137
-2.39557332 -1.59098672 0.01464906
-2.34477742 -1.39556339 0.00627497
-2.29766909 -1.15587306 -0.03799224
-2.41678066 -0.96852664 -0.08061054
-2.41136169 -0.65255382 -0.20355877
-2.29863337 -0.50766588 -0.37723545
-2.42324381 -0.39070682 -0.30201536
-2.44815601 -0.13656285 -0.34528792
-2.35590716 0.12416107 -0.49746782
-2.32139325 0.36297071 -0.50936153
-2.40347002 0.54573319 -0.33191920
-2.38843559 0.76154518 -0.26240258
-2.43106383 1.00914335 -0.13956182
-2.45752553 1.15721393 -0.08628357
-2.40349380 1.39412554 -0.04241408
-2.43772221 1.61580167 -0.00875798
-2.46074119 1.79717559 0.00249947
-2.34595889 1.96672163 0.01333723
-2.43266733 2.15309658 0.00803500
-2.38805485 2.33219687 0.00788518
-2.43488078 2.64233975 0.00279966
-2.37118019 2.75553264 0.00263503
-2.37931034 3.00000000 0.00098129
-2.17241379 -3.00000000 0.00213944
-2.15185532 -2.77130969 0.00477600
-2.23206940 -2.57233931 0.00673182
-2.15858107 -2.44306676 0.01168894
-2.20506671 -2.11288034 0.02152380
-2.15945752 -2.01090823 0.02983291
-2.18986668 -1.76544066 0.03721420
-2.13827527 -1.49259201 0.04311156
-2.24003904 -1.41913746 0.01913246
-2.18199746 -1.21661346 -0.01649958
-2.22907793 -0.99558153 -0.10935306
-2.23986383 -0.70359655 -0.29524247
-2.23872332 -0.50631461 -0.44819045
-2.09600412 -0.36927834 -0.79734806
-2.12996309 -0.08964604 -0.93604022
-2.22647332 0.17718618 -0.73868772
-2.13361432 0.29058009 -0.92556988
-2.10874811 0.45235253 -0.89149107
-2.11771155 0.78027173 -0.57721390
-2.23535737 0.99911996 -0.26510364
-2.12585726 1.20589488 -0.18827557
-2.20822500 1.38390520 -0.06958114
-2.12656713 1.52685738 -0.01799647
-2.24863081 1.67898899 0.00517616
-2.17133037 1.97338658 0.03503822
-2.23388243 2.19387818 0.02159174
-2.24583055 2.37571717 0.01454120
-2.17067249 2.53761167 0.01356682
-2.24658386 2.85916685 0.00324221
-2.17241379 3.00000000 0.00255673
-1.96551724 -3.00000000 0.00364711
-1.90774588 -2.77865796 0.00804072
-2.04266364 -2.58205445 0.01079872
-1.88962603 -2.33553721 0.02650827
-1.93461579 -2.24788415 0.03082053
-1.95267576 -2.00933667 0.05106080
-1.88576884 -1.83878529 0.08220647
-2.01096398 -1.48944109 0.07496778
-2.02778897 -1.37760180 0.05663852
-1.99725099 -1.07537294 -0.06721501
-1.93335237 -0.85990500 -0.29476540
-2.01600434 -0.79162787 -0.35819720
-1.99121038 -0.47361860 -0.85372032
-1.94599441 -0.23902153 -1.29233895
-1.93062509 -0.17198219 -1.41442021
-1.99582617 0.05488157 -1.36050048
-2.00359330 0.33764231 -1.25739588
-1.97475260 0.55929937 -1.12089877
-2.04486422 0.79114157 -0.68243914
-2.02087600 0.97081021 -0.49481154
-1.90906821 1.06288489 -0.47845766
-1.95857346 1.42269573 -0.05282947
-2.04627691 1.55126088 0.00185668
-1.97776323 1.73919770 0.07737480
-2.01561092 1.91312499 0.07601852
-2.00388059 2.12610992 0.06897379
-1.99929641 2.44517745 0.03680647
-1.89191617 2.54683676 0.04260814
-2.04296429 2.75476737 0.01167209
-1.96551724 3.00000000 0.00609472
-1.75862069 -3.00000000 0.00505826
-1.70017132 -2.84620637 0.00790768
-1.73206825 -2.65294645 0.01282671
-1.78281250 -2.43348349 0.02228443
-1.73953438 -2.19368061 0.04142237
-1.71373479 -1.96253637 0.07876563
-1.77439462 -1.83705652 0.10137222
-1.70311481 -1.62727940 0.17567166
-1.75879894 -1.26486142 0.16500995
-1.71098703 -1.16161309 0.15595244
-1.68816286 -0.97066418 -0.03086894
-1.74525536 -0.71179098 -0.60121949
-1.72240208 -0.55189657 -1.03785425
-1.77539526 -0.33910509 -1.52392590
-1.68998177 -0.06444652 -2.25615914
-1.78486359 0.14833068 -2.07427791
-1.73932261 0.26885623 -2.17963642
-1.75876862 0.45128349 -1.90256476
-1.80592504 0.65480470 -1.40518861
-1.82734337 0.94996527 -0.76305575
-1.70454567 1.19278918 -0.32893740
-1.80465464 1.41822336 -0.00932781
-1.78567016 1.58309128 0.14148562
-1.74296242 1.75471356 0.24948223
-1.72756519 2.02958610 0.24048030
-1.72650118 2.17390843 0.19510084
-1.69937774 2.41964368 0.12453929
-1.77920530 2.66472263 0.04475263
-1.77445271 2.71763276 0.03794131
-1.75862069 3.00000000 0.01330006
-1.55172414 -3.00000000 0.00479970
-1.47572717 -2.72054540 0.00267368
-1.54593040 -2.54516659 0.00809468
-1.51959395 -2.44510097 0.00582243
-1.50325931 -2.15144459 0.01709923
-1.47544128 -1.96893650 0.04599140
-1.58814082 -1.71441192 0.17019559
-1.54304403 -1.49065606 0.30828522
-1.62667410 -1.31459489 0.29393476
-1.48456438 -1.18999886 0.47164373
-1.61880503 -0.93257134 -0.01492816
-1.52658017 -0.70260715 -0.48164301
-1.54686226 -0.54365790 -1.07866229
-1.51721064 -0.23032779 -2.21691828
-1.55068918 -0.12058088 -2.47179543
-1.47486933 0.05058307 -2.87363298
-1.54145040 0.36600497 -2.65942039
-1.50411279 0.55786191 -2.34093855
-1.52197454 0.71592142 -1.84475238
-1.47536417 0.84933413 -1.42517711
-1.56425784 1.12983978 -0.45353507
-1.51599727 1.30998773 0.08547102
-1.60125861 1.54318377 0.33434791
-1.52940902 1.76331894 0.58245482
-1.49029195 1.96105364 0.59740519
-1.60006353 2.19570472 0.29250000
-1.56984826 2.30144983 0.25872848
-1.56794457 2.52240300 0.14508499
-1.52888198 2.85921821 0.05100099
-1.55172414 3.00000000 0.02658167
-1.34482759 -3.00000000 -0.00010953
-1.30667361 -2.71812914 -0.01760189
-1.40334512 -2.53121073 -0.01356010
-1.30163536 -2.42189094 -0.05842216
-1.34915809 -2.22601906 -0.05442389
-1.37608724 -1.96151457 -0.00195423
-1.36309733 -1.77679511 0.09135948
-1.31022081 -1.52268984 0.36046540
-1.40775808 -1.33324986 0.53140377
-1.29931994 -1.21461084 0.79498212
-1.30434102 -1.00964639 0.81670317
-1.35661507 -0.74345328 0.06738167
-1.42345831 -0.58700246 -0.73209382
-1.31694668 -0.34850983 -1.57432239
-1.34169562 -0.15872463 -2.40966907
-1.32586624 0.17475957 -3.04063733
-1.30341733 0.28849564 -3.01066314
-1.26977140 0.49268906 -2.67120189
-1.38115179 0.71137986 -1.98629704
-1.26532344 0.91251580 -1.05496859
-1.37911134 1.14497151 -0.20504062
-1.32248258 1.38723104 0.74988454
-1.31048787 1.58003379 1.14103278
-1.35928370 1.74850071 1.03267559
-1.26590521 1.96459846 1.16074246
-1.30207931 2.14932984 0.79164533
-1.42493069 2.36152111 0.35092996
-1.34124025 2.56964693 0.24622479
-1.39240178 2.73758691 0.12095188
-1.34482759 3.00000000 0.04867447
-1.13793103 -3.00000000 -0.01381208
-1.21174970 -2.75930966 -0.03074399
-1.13339631 -2.53442734 -0.11704437
-1.07834324 -2.33791082 -0.26211859
-1.08969813 -2.10637032 -0.36445731
-1.07008124 -1.91304230 -0.41268190
-1.07303451 -1.78351151 -0.31223682
-1.05654582 -1.48729912 0.28429839
-1.08664699 -1.28756617 0.93528420
-1.09753850 -1.12575856 1.34491495
-1.13496533 -0.86035761 1.29733947
-1.17287010 -0.70039710 0.67962102
-1.06679436 -0.55567927 0.64758368
-1.19419337 -0.34139546 -1.17748842
-1.14745396 -0.10221170 -2.06525018
-1.18165074 0.06113850 -2.66088157
-1.19587449 0.30555617 -2.86309463
-1.19666867 0.49309016 -2.58595846
-1.19163710 0.74594714 -1.71334872
-1.11823824 0.88673087 -0.85728091
-1.05610030 1.10257374 0.59562638
-1.07126086 1.31199668 1.59048596
-1.12786542 1.56649072 1.95809537
-1.12508773 1.73216434 2.00608516
-1.09025532 1.98564695 1.75412712
-1.12798827 2.16945703 1.18318963
-1.17345589 2.36421518 0.68230510
-1.09948287 2.62060687 0.38032648
-1.05680063 2.83045762 0.19603907
-1.13793103 3.00000000 0.08168624
-0.93103448 -3.00000000 -0.04028763
-0.85040301 -2.82126468 -0.12308527
-0.96762087 -2.50471587 -0.26142165
-0.94319969 -2.36619722 -0.41941166
-0.87057869 -2.23387823 -0.71827747
-0.99346710 -1.97095082 -0.61440356
-0.98015491 -1.83047055 -0.61043860
-0.89623745 -1.54341593 -0.28074758
-0.93847799 -1.32209173 0.77770691
-0.96294241 -1.15498310 1.50517910
-0.95808345 -0.90740733 2.12405670
-0.93784310 -0.71131408 2.05079875
-0.92298999 -0.50601360 1.35472025
-1.00555394 -0.26441929 -0.52669687
-0.86404260 -0.17400446 0.00754275
-0.89127837 0.11509665 -1.28889578
-0.89157070 0.23102637 -1.51526536
-1.00726370 0.52459430 -1.97404468
-0.92216624 0.65941711 -1.22689301
-0.88574207 0.86514498 -0.07690989
-0.86669648 1.18653023 2.12465869
-0.89435666 1.40320820 3.04520129
-0.96516520 1.57001331 2.93619484
-1.00934061 1.79971067 2.54411139
-0.98322396 1.89178078 2.48355182
-0.88833827 2.10045427 2.22057463
-0.90755628 2.45466782 0.93828733
-0.92441546 2.59407270 0.59402249
-0.88833709 2.83298793 0.27009501
-0.93103448 3.00000000 0.12567471
-0.72413793 -3.00000000 -0.08103572
-0.72416837 -2.86656674 -0.14778971
-0.64470889 -2.54879058 -0.58650955
-0.72775611 -2.35185287 -0.83708911
-0.76493391 -2.21621540 -1.02055107
-0.79972023 -1.98240356 -1.26297581
-0.71334832 -1.82389304 -1.73109771
-0.77575318 -1.56997540 -0.86995660
-0.80604705 -1.29407887 0.72072600
-0.77961893 -1.07128721 2.05870019
-0.71264363 -0.96205389 2.67733174
-0.79438529 -0.70283694 2.84140997
-0.79643474 -0.54454981 2.38222983
-0.64253215 -0.25644672 1.95237958
-0.68971690 -0.08967563 0.85147304
-0.70467815 0.14357294 -0.11005951
-0.66243441 0.24450415 -0.09969100
-0.65929913 0.59527924 -0.15183482
-0.71055052 0.69644129 -0.08688409
-0.79751650 0.90548362 0.60352694
-0.80022414 1.16703728 2.41190685
-0.70858679 1.38271030 4.30282932
-0.66357321 1.52142769 5.06337104
-0.68316749 1.79786147 4.59365991
-0.71456944 1.89381161 4.00458367
-0.66433423 2.18068053 2.71812662
-0.72987485 2.43708533 1.32456173
-0.78707592 2.50983473 0.98119610
-0.69702109 2.82847867 0.37298453
-0.72413793 3.00000000 0.17730073
-0.51724138 -3.00000000 -0.13275938
-0.51238270 -2.78355520 -0.33559920
-0.47268574 -2.53289788 -0.86815416
-0.49295896 -2.34113626 -1.43127208
-0.51578173 -2.22727681 -1.77600339
-0.46809477 -2.03967025 -2.66742812
-0.57158936 -1.74697764 -2.52643830
-0.53897716 -1.48803288 -1.84179415
-0.54995369 -1.34621281 -0.72317421
-0.56823857 -1.08173371 1.73581334
-0.54005967 -0.89547326 3.04163803
-0.47861542 -0.73236864 3.66229543
-0.58036261 -0.44107560 3.11959134
-0.59321733 -0.25692820 2.21833943
-0.57335102 -0.11497739 1.64384868
-0.52640248 0.09113569 1.04165764
-0.50264249 0.33922929 0.49125586
-0.48809093 0.44611378 0.43009122
-0.53839826 0.67325163 0.57972428
-0.44052087 0.93764552 2.50575466
-0.43695561 1.09046206 3.87970560
-0.48687259 1.34818331 5.66358990
-0.54514841 1.50102386 5.88842917
-0.50011761 1.82246402 5.63757408
-0.51826621 1.96832821 4.68040261
-0.44423407 2.13293348 3.82956649
-0.54139420 2.44199149 1.66404164
-0.58610751 2.51029182 1.29468787
-0.49049113 2.79009775 0.55290753
-0.51724138 3.00000000 0.22942587
-0.31034483 -3.00000000 -0.18665820
-0.24368040 -2.78168911 -0.50142300
-0.34671428 -2.55957686 -0.96735856
-0.31943970 -2.35832436 -1.78546801
-0.35997749 -2.24390857 -2.21368458
-0.24316639 -1.90934626 -4.32918771
-0.36763690 -1.82308786 -3.84807904
-0.25655887 -1.51754064 -4.12697840
-0.31875983 -1.28769976 -1.73978316
-0.25836624 -1.08489825 0.11877381
-0.24248198 -0.88034988 2.07000110
-0.39197152 -0.70119417 3.62449107
-0.37683404 -0.45257004 3.49257359
-0.25731023 -0.29290133 2.79318710
-0.32063978 -0.07275201 2.06888270
-0.34370306 0.13444103 1.36207956
-0.23463283 0.23464258 1.07787483
-0.32830692 0.56740485 0.83314813
-0.36282054 0.69980023 1.17039902
-0.25836472 0.94275606 3.01957869
-0.34927665 1.12163957 4.52605212
-0.33254326 1.34636659 6.49261271
-0.22953277 1.51042664 7.63952372
-0.33939245 1.82264417 6.47076020
-0.31238812 1.98946115 5.40199229
-0.25012213 2.10696063 4.60607182
-0.36320747 2.32061993 2.70358978
-0.36330065 2.51451882 1.58123634
-0.35350339 2.86132868 0.47088620
-0.31034483 3.00000000 0.27236100
-0.10344828 -3.00000000 -0.23049709
-0.03797494 -2.76257334 -0.63450966
-0.10087616 -2.54586202 -1.29154643
-0.02869313 -2.41493739 -1.97838403
-0.06565767 -2.23354474 -3.03097600
-0.12293629 -1.96124755 -4.62310335
-0.08257679 -1.80662698 -5.48710350
-0.11797279 -1.60630956 -5.42446167
-0.12604388 -1.29500194 -3.25522711
-0.14608056 -1.16593165 -1.63963612
-0.08676906 -0.98185097 0.06976802
-0.04086236 -0.75289346 1.65295769
-0.13600920 -0.54682630 2.80161807
-0.11100918 -0.31862975 2.31917727
-0.11903984 -0.11739549 1.76319609
-0.15353455 0.03215646 1.44524397
-0.04359028 0.36524337 0.52101747
-0.06347391 0.51484778 0.60564050
-0.02752264 0.66344934 0.97790739
-0.17699176 1.00105896 3.69418403
-0.09640314 1.14469302 5.29754254
-0.10074703 1.38038745 7.39862612
-0.07673287 1.59131573 8.06711412
-0.10120517 1.80583284 7.29235233
-0.07664934 2.01992960 5.65190154
-0.05845452 2.11141838 4.84462017
-0.11251335 2.40744895 2.42792780
-0.06823339 2.57700127 1.47716673
-0.08817565 2.85621885 0.54027980
-0.10344828 3.00000000 0.29669960
0.10344828 -3.00000000 -0.25303330
0.05765295 -2.83105977 -0.50624204
0.07126423 -2.64394755 -1.01106980
0.11961614 -2.36547993 -2.35794974
0.18317655 -2.16756858 -3.72349636
0.06035776 -2.03039905 -4.66194200
0.11928812 -1.81717675 -6.02469612
0.04326721 -1.55749164 -6.09627136
0.15452656 -1.37888518 -5.50897169
0.06595032 -1.21151301 -3.55067901
0.17958163 -0.88180302 -0.61630102
0.10780490 -0.79372251 0.44475485
0.17683508 -0.50010670 1.00828609
0.13763529 -0.28301433 0.98275683
0.11273870 -0.11811095 0.77025969
0.14663038 0.03615446 0.38556208
0.06623752 0.32055838 0.27284460
0.09666526 0.51777877 0.30802732
0.11400851 0.65997392 0.74882358
0.04930605 0.84982197 2.13481115
0.13063187 1.16116153 5.32459475
0.02470005 1.29452551 6.78354697
0.07511745 1.59993901 8.04403725
0.14352954 1.70688231 7.68790760
0.09629832 1.97881574 5.98472527
0.15146675 2.12083861 4.66428523
0.05522428 2.42348439 2.34442046
0.13537514 2.55416184 1.56647646
0.06178979 2.78436603 0.71608171
0.10344828 3.00000000 0.29665788
0.31034483 -3.00000000 -0.24865900
0.23409859 -2.77278448 -0.63912434
0.35748499 -2.63314112 -1.01030095
0.37280016 -2.32255004 -2.49415481
0.23735502 -2.13005375 -3.98073887
0.35606860 -1.94992995 -5.10486256
0.26550466 -1.76191843 -6.27090336
0.38423762 -1.53464296 -6.25159541
0.38591747 -1.29282936 -4.99626748
0.32655607 -1.08540916 -3.05671425
0.30560479 -0.99010147 -2.06824917
0.31853688 -0.77341629 -0.36710585
0.27870224 -0.58500983 0.49527714
0.31442336 -0.26558633 0.41002787
0.39210578 -0.06119482 0.19100512
0.34574256 0.14643576 0.01176316
0.26646213 0.32909590 -0.05818520
0.37789247 0.54327451 0.22176159
0.29170091 0.76187306 1.17393994
0.37290842 0.91853066 2.36620354
0.26547426 1.11300160 4.51693238
0.34768402 1.29638351 5.99379857
0.26299911 1.62739271 7.51163228
0.23565389 1.69343953 7.46542012
0.36030584 1.99189617 5.20478985
0.37264156 2.24262488 3.22875402
0.25810278 2.41790935 2.23378917
0.27258356 2.61443950 1.21884279
0.23704198 2.83684744 0.55540028
0.31034483 3.00000000 0.27230667
0.51724138 -3.00000000 -0.21966228
0.46919249 -2.76807438 -0.58343390
0.51029526 -2.56000678 -1.15862657
0.50175704 -2.45736983 -1.59170470
0.48504100 -2.21249110 -2.99024421
0.59889952 -2.04005686 -3.72147365
0.56163001 -1.81860527 -5.08170729
0.48948903 -1.51744003 -5.84878670
0.52716284 -1.42152456 -5.36534988
0.48177264 -1.17108283 -3.78921202
0.54104389 -0.92902591 -1.56454174
0.51008362 -0.80387546 -0.71581417
0.50741276 -0.52355777 0.36248107
0.45863785 -0.29991040 0.41729049
0.45883917 -0.12269276 0.32892721
0.45612361 0.08021569 0.21430006
0.44964329 0.32109700 0.12521580
0.53345667 0.58960727 0.63525582
0.48575478 0.66102299 0.74906955
0.50156810 0.96985669 2.68163550
0.47412796 1.21249254 4.82947509
0.47738387 1.36799587 5.88384759
0.45304704 1.56463113 6.60213242
0.56130017 1.75894814 5.58921076
0.48172142 1.97677401 4.80953572
0.59791072 2.13381191 3.26589264
0.55694422 2.38574315 1.91348313
0.59711867 2.54921103 1.13577084
0.57422208 2.71612806 0.66499042
0.51724138 3.00000000 0.22951979
0.72413793 -3.00000000 -0.17486526
0.79620657 -2.86692540 -0.27429549
0.69600131 -2.63110927 -0.75213515
0.68805189 -2.31675641 -1.90243508
0.67672714 -2.15895197 -2.74371918
0.74072304 -2.03785580 -3.12880454
0.76753795 -1.68215882 -4.25801260
0.72728716 -1.60089734 -4.57694333
0.69165240 -1.33244432 -4.05274693
0.80020009 -1.09728969 -1.89964413
0.68914202 -0.98989841 -1.60354494
0.76223116 -0.72547187 0.37474250
0.69482075 -0.46559131 0.98182470
0.69289708 -0.26713705 1.19493366
0.76782980 -0.05618011 1.67578807
0.68252424 0.10199433 1.16391847
0.78818949 0.27482437 1.66350814
0.65704697 0.44438205 0.91475782
0.74592720 0.72186454 1.56873631
0.76020749 1.00156174 2.66110863
0.73678337 1.12579291 3.36875326
0.78686872 1.37564332 4.26318984
0.65154215 1.51395922 5.35236765
0.74173035 1.71300223 4.60235543
0.80525147 1.89157229 3.58893899
0.78969726 2.24391718 1.99518018
0.70526111 2.35700951 1.71515855
0.73662181 2.54493540 0.95708701
0.80514774 2.81689479 0.33274490
0.72413793 3.00000000 0.17767934
0.93103448 -3.00000000 -0.12560628
0.93354303 -2.83135227 -0.25009462
0.94445094 -2.56850454 -0.62103537
0.96892505 -2.34206927 -1.13122899
0.96910154 -2.24024601 -1.44014259
0.92773174 -1.98341140 -2.48668357
0.97899009 -1.80368536 -2.71928295
0.90119900 -1.58775687 -3.39514552
0.90083442 -1.27309292 -2.44326504
0.99408533 -1.05957715 -0.67063844
0.90635929 -0.94041161 -0.30488896
0.85765316 -0.70257691 0.86312892
0.92267136 -0.53910370 1.77287721
0.99242617 -0.22849176 2.75308912
0.96041187 -0.06285640 2.74107686
0.96258988 0.15341008 2.69840227
0.94289176 0.38350841 2.32872432
0.88005524 0.54136033 1.89291191
0.92800669 0.69439435 2.01793701
0.96259503 0.85652294 2.20254804
0.99736218 1.18619414 2.84291528
0.87408184 1.40833577 3.86556960
0.90575814 1.58890134 3.76825947
0.85649677 1.80950557 3.60792312
0.97246071 1.95041938 2.50502271
0.91127862 2.17325153 1.90027206
0.86773822 2.45810649 1.00963947
0.93212039 2.60592398 0.56949356
0.94217828 2.73869926 0.35204775
0.93103448 3.00000000 0.12635816
1.13793103 -3.00000000 -0.08144025
1.17123685 -2.71785949 -0.22967174
1.21884280 -2.59606802 -0.30908355
1.12988839 -2.29876742 -0.88818074
1.18560528 -2.14338308 -1.07933731
1.16734915 -1.90474988 -1.60329057
1.10711506 -1.78376019 -2.05685229
1.11112724 -1.60246075 -2.09424189
1.15389007 -1.42519094 -1.56946616
1.15715765 -1.17217475 -0.57558805
1.12330490 -0.98850982 0.27676595
1.19208401 -0.77262431 1.59270985
1.06283549 -0.46683627 2.50910223
1.06241570 -0.34367284 2.82034656
1.21950955 -0.15815848 3.47357455
1.14397348 0.13790548 3.36353509
1.14755863 0.31456462 3.11853853
1.18102712 0.44354920 2.90878306
1.10831426 0.67125230 2.37883925
1.21747631 0.99632461 2.14003578
1.08992672 1.14569130 2.50176361
1.17617005 1.35161192 2.38120960
1.17877769 1.59598864 2.29392337
1.06523346 1.69517528 2.72315890
1.09237695 1.91877155 2.06857726
1.07444844 2.13835150 1.48947162
1.12733379 2.36870894 0.77778123
1.08290158 2.59552544 0.43648217
1.15873985 2.75592113 0.21052542
1.13793103 3.00000000 0.08256813
1.34482759 -3.00000000 -0.04764008
1.42450021 -2.76561194 -0.09659821
1.41815460 -2.58838340 -0.18158504
1.38701935 -2.35642699 -0.38741663
1.41086177 -2.20348307 -0.50949576
1.32921214 -1.89669472 -1.02669202
1.30389948 -1.77136306 -1.19905273
1.30562424 -1.62621727 -1.18101436
1.41958946 -1.42549397 -0.51950409
1.35348543 -1.13141068 0.21655931
1.40434172 -0.85105358 1.44363566
1.38054583 -0.72436246 1.95580812
1.41081998 -0.56658208 2.50245003
1.36719601 -0.34116288 3.16629082
1.41494149 -0.17507873 3.37389599
1.36083140 0.06560801 3.53124996
1.41843923 0.25765656 3.23116362
1.38194283 0.43662049 2.91893887
1.30261297 0.70280543 2.37400855
1.36732814 0.97802097 1.88333569
1.33703781 1.07824859 1.87365372
1.31749917 1.28289152 1.86902958
1.40272666 1.54032968 1.45327458
1.33827632 1.79431676 1.38197183
1.36717598 1.96572591 1.02378422
1.32892083 2.18778244 0.74473584
1.26952393 2.41593577 0.48973651
1.30854805 2.55352796 0.29382155
1.27323460 2.86908953 0.10321069
1.34482759 3.00000000 0.04958558
1.55172414 -3.00000000 -0.02510640
1.54163573 -2.86942980 -0.04466469
1.63224899 -2.53763189 -0.10473306
1.60376927 -2.44003444 -0.15345257
1.50578831 -2.13151408 -0.42841721
1.56204060 -1.92712704 -0.45560597
1.58477273 -1.73052879 -0.43275344
1.61671776 -1.49114535 -0.20947327
1.57547698 -1.40445520 -0.14682271
1.55608056 -1.13707456 0.45989252
1.54127052 -0.85863556 1.36362243
1.55717126 -0.66389462 1.97289467
1.61566576 -0.47025840 2.34398401
1.48299930 -0.29129424 3.06432161
1.52794397 -0.06465393 3.17879149
1.48697129 0.02259848 3.30199995
1.58350136 0.33564823 2.67647909
1.57590317 0.45233968 2.47000196
1.57761623 0.78863364 1.74831262
1.61081215 0.93792955 1.42168745
1.52706343 1.20176738 1.32065947
1.62362261 1.39215949 0.94752976
1.54464864 1.48611219 1.07406162
1.53794105 1.79979847 0.81777849
1.50520720 1.94437838 0.73131666
1.52502370 2.21853280 0.40567442
1.52144220 2.39016299 0.26504428
1.51426955 2.65914581 0.11672854
1.50295829 2.84847007 0.05961750
1.55172414 3.00000000 0.02737287
1.75862069 -3.00000000 -0.01188817
1.74097960 -2.75559953 -0.03379116
1.83099999 -2.65208002 -0.03397423
1.71102345 -2.42939626 -0.10648814
1.70942430 -2.13159030 -0.20264893
1.72344032 -1.95920918 -0.23391636
1.69757397 -1.75646356 -0.26555810
1.72518281 -1.51505047 -0.10228857
1.73647788 -1.40976084 0.02176139
1.75568446 -1.17941434 0.39299050
1.67846137 -0.93723317 0.99336823
1.77697560 -0.68185989 1.43412168
1.79574904 -0.59370133 1.56168973
1.74256042 -0.33782475 2.16590735
1.81643079 -0.07869715 2.09631442
1.71511305 0.11431637 2.47280751
1.81060435 0.33891352 1.88662857
1.78038259 0.52840866 1.70061139
1.83893311 0.78733976 1.12814973
1.74759728 1.00737716 1.03142444
1.81562711 1.12103962 0.77946110
1.74875770 1.26810754 0.77913115
1.81147558 1.48722386 0.52915096
1.73022829 1.82377270 0.45027046
1.82792402 1.91628301 0.28415951
1.76612143 2.14671299 0.22354561
1.79460410 2.37623869 0.11442622
1.78308470 2.61832274 0.05627607
1.83867945 2.76614200 0.02713435
1.75862069 3.00000000 0.01389284
1.96551724 -3.00000000 -0.00503520
1.88457832 -2.82762283 -0.01447364
1.88621657 -2.65791862 -0.02647920
1.88889131 -2.42145333 -0.05277470
1.98036055 -2.23614661 -0.05236356
1.95409927 -1.91871098 -0.07893776
1.97425805 -1.78029725 -0.05881830
2.00223178 -1.48665894 0.05041629
2.03359488 -1.35970173 0.12953213
2.00606494 -1.10254631 0.37400204
1.93589397 -0.98114841 0.59828336
1.99543999 -0.79924538 0.76421679
1.88900290 -0.43588613 1.52888082
1.97173451 -0.32903194 1.37336623
1.96399246 -0.15279994 1.51107063
1.90998243 0.08693825 1.72193204
2.00414929 0.37040671 1.21062970
1.89055954 0.49337548 1.41565688
2.00947332 0.72783191 0.82456550
2.03028026 0.91432141 0.60574199
1.99380831 1.19799847 0.44715444
1.96614949 1.28280873 0.43190502
1.89170340 1.48990273 0.41657995
1.98026478 1.83230864 0.19337833
1.91310194 1.95172138 0.19930049
1.89223786 2.13548149 0.14804868
1.92505190 2.29929259 0.08829182
1.99755095 2.63489464 0.02403674
1.93676981 2.85901585 0.01310574
1.96551724 3.00000000 0.00648404
2.17241379 -3.00000000 -0.00189335
2.24038576 -2.73510070 -0.00379839
2.19303666 -2.61830636 -0.00716477
2.21974590 -2.40557399 -0.01108992
2.25214420 -2.10600759 -0.01395123
2.13529680 -1.90362643 -0.02593035
2.10584035 -1.79239859 -0.02252181
2.15128222 -1.48808384 0.05442072
2.20909998 -1.31760545 0.11534644
2.21275953 -1.14029841 0.20468851
2.13704526 -0.98950941 0.36747715
2.21548888 -0.74380191 0.46395718
2.15898210 -0.56558551 0.68892797
2.25150613 -0.36053696 0.62451884
2.09296439 -0.12971718 1.09810762
2.13044853 0.06826251 0.99625866
2.10073238 0.36617633 0.94540470
2.16495514 0.56024812 0.66093744
2.19574776 0.65318778 0.54205475
2.22699039 0.89685077 0.35179778
2.22077194 1.11912054 0.25319156
2.14232168 1.27131350 0.25697714
2.10583259 1.49209123 0.20889568
2.17617678 1.81698388 0.09592722
2.10425457 2.02592984 0.08476670
2.14539170 2.23364322 0.04441476
2.14296200 2.32396967 0.03529142
2.12332631 2.65115686 0.01367673
2.22470834 2.71972276 0.00692661
2.17241379 3.00000000 0.00278328
2.37931034 -3.00000000 -0.00062377
2.37548690 -2.76841536 -0.00160741
2.38048788 -2.57544961 -0.00291394
2.39944833 -2.44162752 -0.00365399
2.31353922 -2.25135426 -0.00856132
2.30469811 -1.98980991 -0.00881141
2.37283387 -1.81047176 0.00163281
2.40326772 -1.54181397 0.02715722
2.38439072 -1.30518423 0.07521904
2.46124746 -1.19741053 0.08110188
2.45243202 -0.96342167 0.14513632
2.40293377 -0.74017247 0.25377431
2.45015550 -0.44607288 0.29902519
2.32316891 -0.38657567 0.48697170
2.38535277 -0.12136571 0.44512715
2.41385899 0.13396123 0.39812939
2.43303462 0.34417178 0.33487702
2.40609169 0.44238509 0.34108482
2.37822616 0.76213571 0.25973262
2.40482098 0.97240552 0.17135705
2.39247829 1.21247017 0.11907993
2.40693776 1.41896034 0.07824995
2.43958756 1.48360362 0.06113773
2.44794020 1.69883373 0.03949063
2.40244757 2.03045301 0.02416691
2.34182360 2.19673919 0.02115950
2.38865900 2.43276253 0.00880213
2.42748467 2.53906567 0.00522186
2.32068550 2.84198360 0.00281030
2.37931034 3.00000000 0.00109897
2.58620690 -3.00000000 -0.00017548
2.52307218 -2.72960248 -0.00075747
2.50526341 -2.58193263 -0.00133559
2.63366650 -2.44411782 -0.00075157
2.57930999 -2.16904959 -0.00120220
2.55787976 -1.95284689 0.00035940
2.53499527 -1.82886695 0.00308590
2.53603447 -1.50993749 0.02188806
2.64703723 -1.38341567 0.02366541
2.51281880 -1.15955473 0.07472170
2.60884626 -0.84991273 0.09866842
2.56226046 -0.73095970 0.14250840
2.63274584 -0.57996600 0.12973665
2.65351549 -0.23939715 0.15403146
2.64352539 -0.12064784 0.16663105
2.62942847 0.13090940 0.17467851
2.63302653 0.27730754 0.16163147
2.64521738 0.55606218 0.12170530
2.57816113 0.76945855 0.12170707
2.56445944 0.99232656 0.09027409
2.63845703 1.16059450 0.04922318
2.60094445 1.34122549 0.04091684
2.61129522 1.55452832 0.02572133
2.56926392 1.71591005 0.02240905
2.59405873 1.97337940 0.01140808
2.57928817 2.09051355 0.00923428
2.50967037 2.44463127 0.00479072
2.65814600 2.55630665 0.00157984
2.64221756 2.82554453 0.00062731
2.58620690 3.00000000 0.00039920
2.79310345 -3.00000000 -0.00003969
2.73322203 -2.80721734 -0.00013675
2.72322012 -2.61140122 -0.00026952
2.80962254 -2.34226977 -0.00015076
2.85224621 -2.15535678 0.00012169
2.86805443 -1.97951054 0.00068123
2.80598640 -1.70132980 0.00381044
2.75478097 -1.47084826 0.01158070
2.72927241 -1.31985829 0.02080179
2.79628463 -1.08961282 0.02809998
2.78149469 -0.96111344 0.03905907
2.79414140 -0.80298900 0.04844027
2.85797463 -0.46577159 0.05414105
2.83555026 -0.31395881 0.06693133
2.73643337 -0.02678799 0.11351073
2.72320463 0.15595261 0.11679276
2.81516371 0.28592437 0.07314336
2.85950725 0.53852965 0.04834592
2.71397926 0.79294832 0.06688346
2.86578784 0.95844811 0.02578627
2.75081022 1.09975686 0.03381553
2.76515597 1.29519718 0.02166187
2.77754597 1.48450331 0.01384047
2.81276433 1.81198268 0.00566707
2.76214441 1.91873376 0.00569480
2.86257477 2.11276958 0.00206765
2.77923946 2.37226594 0.00152705
2.71981953 2.62090305 0.00091242
2.81236002 2.83961861 0.00023857
2.79310345 3.00000000 0.00013342
3.00000000 -3.00000000 -0.00000586
3.00000000 -2.79310345 -0.00001305
3.00000000 -2.58620690 -0.00001759
3.00000000 -2.37931034 0.00000693
3.00000000 -2.17241379 0.00013257
3.00000000 -1.96551724 0.00050694
3.00000000 -1.75862069 0.00136930
3.00000000 -1.55172414 0.00302545
3.00000000 -1.34482759 0.00576477
3.00000000 -1.13793103 0.00973264
3.00000000 -0.93103448 0.01480395
3.00000000 -0.72413793 0.02051195
3.00000000 -0.51724138 0.02607040
3.00000000 -0.31034483 0.03050576
3.00000000 -0.10344828 0.03289623
3.00000000 0.10344828 0.03267163
3.00000000 0.31034483 0.02985781
3.00000000 0.51724138 0.02511545
3.00000000 0.72413793 0.01950623
3.00000000 0.93103448 0.01409132
3.00000000 1.13793103 0.00958498
3.00000000 1.34482759 0.00623530
3.00000000 1.55172414 0.00393403
3.00000000 1.75862069 0.00242112
3.00000000 1.96551724 0.00144462
3.00000000 2.17241379 0.00082337
3.00000000 2.37931034 0.00044070
3.00000000 2.58620690 0.00021836
3.00000000 2.79310345 0.00009917
3.00000000 3.00000000 0.00004103
