-2.00000000 -2.00000000 0.00000000
-2.00000000 -1.55555556 0.79012346
-2.00000000 -1.11111111 1.38271605
-2.00000000 -0.66666667 1.77777778
-2.00000000 -0.22222222 1.97530864
-2.00000000 0.22222222 1.97530864
-2.00000000 0.66666667 1.77777778
-2.00000000 1.11111111 1.38271605
-2.00000000 1.55555556 0.79012346
-2.00000000 2.00000000 0.00000000
-1.55555556 -2.00000000 -0.79012346
-1.68097289 -1.57150939 0.17801404
-1.45971012 -1.03836856 0.52627219
-1.47345239 -0.69019960 0.84734323
-1.44936165 -0.21057658 1.02815334
-1.70416248 0.20662902 1.43073711
-1.71558328 0.81991611 1.13548178
-1.39730981 1.05283260 0.42200911
-1.62301739 1.65042207 -0.04485378
-1.55555556 2.00000000 -0.79012346
-1.11111111 -2.00000000 -1.38271605
-1.21592814 -1.66936615 -0.65415106
-1.22133467 -1.16526473 0.06690824
-1.06639887 -0.50267347 0.44226296
-1.21346303 -0.06078286 0.73439898
-1.09150209 0.36421222 0.52936314
-0.99854680 0.54647108 0.34923254
-1.05853352 0.97805684 0.08194902
-1.28609078 1.51857293 -0.32601712
-1.11111111 2.00000000 -1.38271605
-0.66666667 -2.00000000 -1.77777778
-0.56985957 -1.53213867 -1.01135448
-0.77545821 -0.99035043 -0.18972926
-0.52020805 -0.75967732 -0.15324660
-0.68500423 -0.17344722 0.21957343
-0.52425512 0.09006060 0.13336626
-0.64757019 0.83250334 -0.13685733
-0.62805003 1.18802710 -0.50848077
-0.56934460 1.55807325 -1.05171949
-0.66666667 2.00000000 -1.77777778
-0.22222222 -2.00000000 -1.97530864
-0.29660411 -1.52356697 -1.11664117
-0.21224803 -1.16658717 -0.65793821
-0.09686120 -0.71515898 -0.25103514
-0.22803988 -0.12966227 0.01759494
-0.11114442 0.36042663 -0.05877714
-0.16859557 0.57907432 -0.15345130
-0.09926779 1.25598398 -0.78382083
-0.14621252 1.65004679 -1.35063815
-0.22222222 2.00000000 -1.97530864
0.22222222 -2.00000000 -1.97530864
0.22702857 -1.55786266 -1.18769705
0.25148886 -1.23599065 -0.73221311
0.28450979 -0.53876799 -0.10466256
0.10354255 -0.13236104 -0.00339919
0.29520151 0.08807419 0.03969343
0.06319719 0.70042112 -0.24329793
0.12281261 1.04380952 -0.53722769
0.26511222 1.60894286 -1.25920631
0.22222222 2.00000000 -1.97530864
0.66666667 -2.00000000 -1.77777778
0.75471279 -1.53141103 -0.88781418
0.60781827 -1.28365479 -0.63916328
0.53005041 -0.77539178 -0.16013948
0.67561580 -0.14431437 0.21781504
0.56371716 0.18323226 0.14210149
0.82113881 0.63148684 0.13774666
0.74213319 1.15304932 -0.38938053
0.72320550 1.54731227 -0.93557454
0.66666667 2.00000000 -1.77777778
1.11111111 -2.00000000 -1.38271605
1.12707020 -1.48446913 -0.46668067
0.99116515 -1.00536552 -0.01417574
1.24309271 -0.82697291 0.43069765
1.00425971 -0.31113782 0.45586541
0.96752545 0.09479087 0.46356009
1.16117277 0.53322894 0.53199455
0.95777772 1.26891573 -0.34640448
1.07643112 1.56990098 -0.65294256
1.11111111 2.00000000 -1.38271605
1.55555556 -2.00000000 -0.79012346
1.54639714 -1.61089112 -0.10181304
1.53935074 -1.21934981 0.44139337
1.58377888 -0.75472431 0.96937339
1.43001841 -0.32533621 0.96955450
1.52466258 0.37454729 1.09215515
1.59019963 0.83683654 0.91421973
1.52043801 1.02632926 0.62919000
1.63012440 1.44599892 0.28319634
1.55555556 2.00000000 -0.79012346
2.00000000 -2.00000000 0.00000000
2.00000000 -1.55555556 0.79012346
2.00000000 -1.11111111 1.38271605
2.00000000 -0.66666667 1.77777778
2.00000000 -0.22222222 1.97530864
2.00000000 0.22222222 1.97530864
2.00000000 0.66666667 1.77777778
2.00000000 1.11111111 1.38271605
2.00000000 1.55555556 0.79012346
2.00000000 2.00000000 0.00000000
