-3.00000000 -3.00000000 -0.00982315
-3.00000000 -2.68421053 -0.04254284
-3.00000000 -2.36842105 0.00161189
-3.00000000 -2.05263158 -0.00780465
-3.00000000 -1.73684211 -0.05289081
-3.00000000 -1.42105263 0.01016902
-3.00000000 -1.10526316 -0.04952733
-3.00000000 -0.78947368 0.00564200
-3.00000000 -0.47368421 -0.14170617
-3.00000000 -0.15789474 -0.02671037
-3.00000000 0.15789474 -0.06512484
-3.00000000 0.47368421 -0.05017572
-3.00000000 0.78947368 0.05409590
-3.00000000 1.10526316 -0.02862319
-3.00000000 1.42105263 0.01365272
-3.00000000 1.73684211 0.05062823
-3.00000000 2.05263158 0.07622065
-3.00000000 2.36842105 -0.05062880
-3.00000000 2.68421053 0.05651975
-3.00000000 3.00000000 -0.04633019
-2.68421053 -3.00000000 -0.05932695
-2.71729665 -2.60677905 0.06969907
-2.77714643 -2.30208334 -0.03362975
-2.64019895 -2.09637974 0.01638770
-2.65544307 -1.77617568 0.05645868
-2.74835544 -1.41951716 0.07913469
-2.77934262 -1.08851349 -0.01857379
-2.62775515 -0.77353966 -0.08638366
-2.75820825 -0.41639079 -0.10297147
-2.70072133 -0.28089645 -0.12245306
-2.78159932 0.25235527 -0.04335355
-2.63958755 0.52734176 -0.24016214
-2.62637657 0.88381399 -0.10244762
-2.70526596 1.08644852 -0.00309782
-2.56862740 1.36139612 0.00782740
-2.73694903 1.62426522 -0.09075332
-2.75127039 1.99223867 0.05231200
-2.57264528 2.32915802 0.00592385
-2.75755593 2.65204236 -0.04623721
-2.68421053 3.00000000 -0.05291893
-2.36842105 -3.00000000 -0.03035128
-2.38161955 -2.77196313 -0.01282525
-2.48161662 -2.32559481 0.05724207
-2.39994808 -1.93247873 -0.03219025
-2.44554705 -1.73183198 -0.05067044
-2.36357671 -1.35635114 -0.04656492
-2.40884029 -1.18237619 -0.04337048
-2.39589037 -0.83913018 -0.23693735
-2.25326888 -0.57500849 -0.31625177
-2.42088778 -0.26595201 -0.34517021
-2.38776383 0.27120008 -0.39735785
-2.39250730 0.42914581 -0.35601938
-2.26573190 0.81500451 -0.34901338
-2.44903525 1.14027740 -0.11014571
-2.35145782 1.50324577 -0.09231795
-2.39584827 1.75229828 -0.01787743
-2.32852741 1.99056866 0.00958784
-2.31852684 2.39168974 0.03601100
-2.35277490 2.72997906 0.05095718
-2.36842105 3.00000000 0.06120034
-2.05263158 -3.00000000 -0.04583645
-2.07187461 -2.59887196 0.00589284
-2.16835859 -2.37165498 0.03122206
-2.06226187 -2.13606215 0.03300575
-2.06950714 -1.64762934 0.12553095
-1.93797703 -1.53923361 0.08668121
-1.94036921 -1.13329771 0.05487976
-2.14674121 -0.74907631 -0.33803677
-2.05810702 -0.46197445 -0.78071590
-2.16869401 -0.24303677 -0.83217019
-2.07315698 0.05287551 -1.08952358
-2.16745313 0.48279200 -0.67133662
-2.04797929 0.82265313 -0.59824060
-2.05656100 1.10068948 -0.32970950
-1.99613303 1.36680706 -0.05932421
-2.05318129 1.84994139 0.02598759
-2.04226256 2.06718671 0.12280655
-2.00750993 2.44253969 -0.05629844
-2.01608449 2.79114003 -0.00698296
-2.05263158 3.00000000 -0.07312604
-1.73684211 -3.00000000 -0.01743440
-1.85900707 -2.72365703 -0.04684534
-1.76980079 -2.45128514 0.01451061
-1.64237409 -2.07960384 0.08530439
-1.66392470 -1.65807188 0.17725653
-1.72802993 -1.33560074 0.22415805
-1.73525365 -1.10343887 0.07491160
-1.62287004 -0.87938486 -0.07789234
-1.64967794 -0.56783762 -0.96433191
-1.83290673 -0.23845873 -1.65956302
-1.73271074 0.24864628 -2.16548774
-1.85771641 0.39414657 -1.61891795
-1.74391342 0.83770865 -1.08205170
-1.74202034 1.11926325 -0.46478744
-1.80388289 1.49006500 -0.00501384
-1.77018916 1.65366742 0.23417543
-1.71035373 2.15039366 0.20214139
-1.81237534 2.42331234 0.09686016
-1.68170544 2.80967176 -0.07604564
-1.73684211 3.00000000 0.05224518
-1.42105263 -3.00000000 0.04628938
-1.39911201 -2.74166389 0.10419907
-1.37073061 -2.47969301 0.03881959
-1.51376528 -2.16824808 0.01092821
-1.50462286 -1.71923829 0.25554234
-1.51690919 -1.31888622 0.34309591
-1.49674544 -1.19809694 0.64578936
-1.30509001 -0.82376457 0.65067949
-1.31645253 -0.50090324 -0.79412130
-1.30335866 -0.11722019 -2.53259963
-1.43304759 0.15766091 -2.98967385
-1.32305423 0.59639404 -2.35965858
-1.46021967 0.84997769 -1.41171341
-1.32599276 1.01915779 -0.61266210
-1.43435482 1.29987724 0.26091992
-1.44745287 1.62690551 0.71294536
-1.48812962 1.93709060 0.62287728
-1.50919834 2.29995796 0.31110563
-1.30892284 2.55944040 0.28813390
-1.42105263 3.00000000 0.07398283
-1.10526316 -3.00000000 -0.11247129
-1.05554267 -2.76478114 -0.06503779
-0.98622259 -2.39910755 -0.24149334
-0.99050041 -2.10708763 -0.58687221
-1.16526660 -1.85248457 -0.23444229
-1.08347618 -1.36449344 0.66091278
-0.98850053 -1.17636257 1.43072741
-1.10977504 -0.89577432 1.36562294
-1.21171074 -0.41858650 -0.84124685
-1.16004602 -0.13857864 -2.13865762
-1.19955534 0.08134748 -2.67451190
-1.04422943 0.52060859 -2.12486481
-1.05869604 0.66602241 -1.65199005
-1.19791259 1.09283097 -0.02460909
-1.00200580 1.45494035 2.50524011
-1.18651963 1.84923260 1.72724552
-1.21741483 1.95727411 1.28146324
-1.06671348 2.39702366 0.84654040
-1.11894362 2.60596395 0.27094866
-1.10526316 3.00000000 -0.04134615
-0.78947368 -3.00000000 -0.03226640
-0.73392030 -2.74348519 -0.23545412
-0.75049331 -2.44659306 -0.63874638
-0.82651271 -2.16002337 -0.94170319
-0.84283238 -1.67380660 -0.91411253
-0.69432605 -1.39571638 -0.31573556
-0.84841221 -1.04089266 2.17043321
-0.77215810 -0.71388003 3.01552823
-0.77993636 -0.36843164 1.64962833
-0.70263289 -0.27799553 1.73512799
-0.79995529 0.25252883 -0.93458495
-0.71455468 0.50642488 -0.54683347
-0.90572251 0.77486531 -0.68360981
-0.86544085 1.06979645 1.22048286
-0.67868968 1.36136196 4.41179790
-0.81178805 1.71018305 3.93358941
-0.68536615 2.16752074 2.63232744
-0.71425352 2.35845229 1.71562418
-0.81378718 2.68330184 0.53447289
-0.78947368 3.00000000 0.09310997
-0.47368421 -3.00000000 -0.10100569
-0.49445490 -2.59722072 -0.64015469
-0.45063064 -2.41072093 -1.22653165
-0.48613447 -1.97510898 -2.84342095
-0.43825658 -1.77399833 -3.40062876
-0.59005631 -1.47244761 -1.45126905
-0.46876690 -1.06266986 1.40910205
-0.54383913 -0.69192560 3.67272164
-0.36581660 -0.46765586 3.50506941
-0.36486024 -0.06156651 2.12782180
-0.44217700 0.18663240 1.05333766
-0.47310525 0.35374656 0.64180990
-0.58195493 0.85953403 1.33548581
-0.45526836 1.12846281 4.18708301
-0.39053559 1.38901545 6.39734324
-0.37660952 1.69731693 6.91303558
-0.50917165 1.93174148 4.89975336
-0.53548536 2.43670675 1.76772127
-0.45304688 2.74958213 0.66198342
-0.47368421 3.00000000 0.20482355
-0.15789474 -3.00000000 -0.27135790
-0.05719929 -2.72454521 -0.67944258
-0.19332616 -2.36069565 -2.08282383
-0.14777955 -1.93913943 -4.62719298
-0.21959851 -1.78335100 -4.86450167
-0.23833801 -1.40911373 -3.50302231
-0.18507903 -1.12264193 -0.83945591
-0.04320114 -0.72452173 1.78171255
-0.16476739 -0.39501258 2.71186861
-0.08389962 -0.19597440 1.78128325
-0.14170965 0.27262088 0.87872558
-0.04020145 0.38940071 0.50884304
-0.05539846 0.77756223 1.76598231
-0.13038650 1.11534088 4.96345054
-0.03283537 1.47548880 7.83124056
-0.18552865 1.64869969 7.85132489
-0.27967408 2.17011581 3.95446367
-0.06931592 2.39219706 2.58769681
-0.10443766 2.75598983 0.76720946
-0.15789474 3.00000000 0.33186442
0.15789474 -3.00000000 -0.26364125
0.09542689 -2.62117099 -1.14739383
0.27850227 -2.31184828 -2.70730935
0.13672003 -2.12999574 -4.04594257
0.25412130 -1.85282547 -5.90312148
0.06458943 -1.35234823 -4.85924746
0.08749179 -1.02515172 -1.53816363
0.23891408 -0.81344401 -0.34389888
0.14883532 -0.39081192 1.15507434
0.25231378 -0.21213081 0.41690301
0.24830911 0.19297975 -0.02896091
0.19989970 0.56581509 0.25057841
0.10340137 0.80962035 1.68606780
0.21924218 1.17837508 5.40515693
0.26101891 1.48423305 7.37136167
0.11492928 1.72669848 7.60624810
0.19129353 2.04402955 5.25247731
0.14791203 2.43546687 2.19140755
0.19722230 2.56641912 1.42148046
0.15789474 3.00000000 0.32070091
0.47368421 -3.00000000 -0.32467171
0.54400802 -2.73059573 -0.61589935
0.45000714 -2.47289087 -1.50680188
0.59075411 -2.09196453 -3.31812459
0.37523746 -1.62622243 -6.27027941
0.51864872 -1.53389580 -5.75853096
0.43912906 -1.15745310 -3.75099090
0.37127071 -0.73902978 -0.23632711
0.52903827 -0.46737602 0.52462559
0.55519466 -0.04727294 0.54121686
0.43884537 0.21067465 0.00583629
0.55445562 0.35340013 0.44306068
0.55907452 0.79101334 1.54105117
0.35814195 1.04999310 3.64748488
0.44499065 1.39428841 6.11277245
0.38944828 1.84986819 6.03120564
0.51646871 2.11266315 3.75212936
0.40077947 2.32840170 2.59931965
0.35107660 2.80286094 0.57871073
0.47368421 3.00000000 0.24885940
0.78947368 -3.00000000 -0.17621940
0.72118590 -2.73668914 -0.50961581
0.87392815 -2.48341736 -0.98799387
0.66869815 -2.17128158 -2.76985820
0.70737571 -1.71263952 -4.62945397
0.81453583 -1.29910370 -3.14916185
0.82633962 -1.12564181 -2.01564211
0.89773145 -0.75390928 0.79537593
0.76401316 -0.44628039 1.34248118
0.67364973 -0.09850226 1.20543338
0.78882838 0.14538158 1.75291666
0.84918630 0.44358432 1.79637027
0.75256668 0.91101001 2.18417344
0.72190250 1.08661795 3.06806161
0.85060099 1.53511723 4.13207032
0.85396423 1.71747997 3.82336698
0.89025181 2.09066479 2.36371421
0.75426466 2.27152987 2.00105221
0.90766306 2.74676438 0.39362517
0.78947368 3.00000000 0.21757397
1.10526316 -3.00000000 -0.09325721
1.18004399 -2.77263220 -0.18693128
1.04387030 -2.46597931 -0.73581249
1.00429107 -2.08485685 -1.85988420
1.20974042 -1.64177198 -1.62897176
1.07311662 -1.37967523 -1.84437803
1.02747096 -1.07576639 -0.62836205
1.09383336 -0.68833621 1.78276833
1.20527636 -0.46105738 2.84753951
1.21009923 -0.16781592 3.43349203
1.11884011 0.20925629 3.35401835
1.22628911 0.41892650 3.01523360
1.08688000 0.86032327 2.29001551
1.03831515 1.22178301 2.67464324
1.05536155 1.41838259 2.92719456
1.14770614 1.68964433 2.33527286
1.18159004 1.99039902 1.58386857
1.19754663 2.24859616 0.85082944
1.02927585 2.74299120 0.32546382
1.10526316 3.00000000 0.01139959
1.42105263 -3.00000000 -0.06588304
1.47518596 -2.65558837 -0.13236482
1.44193126 -2.43536752 -0.17415224
1.42527312 -2.16864182 -0.52186306
1.53086852 -1.76478261 -0.46731361
1.50875396 -1.42659378 -0.41526025
1.48337575 -1.13745729 0.35368560
1.40999584 -0.72520073 1.95249068
1.36547596 -0.46405025 2.81029954
1.36709635 -0.26363116 3.36761241
1.34145807 0.21445978 3.35102312
1.48934166 0.47562644 2.68308972
1.49046876 0.80409089 1.85962266
1.43608062 1.10589519 1.59819151
1.41244718 1.43578537 1.54713634
1.42771140 1.81103223 1.04578492
1.41255635 2.15799031 0.65820859
1.43170828 2.47637152 0.27109614
1.33426302 2.70413579 0.16062832
1.42105263 3.00000000 0.13795066
1.73684211 -3.00000000 0.01546923
1.82471556 -2.76369669 -0.02865519
1.83782742 -2.32538711 -0.07923216
1.77657109 -1.99965735 -0.23842871
1.61982520 -1.80451048 -0.36488068
1.64123341 -1.29828478 0.15529875
1.68913229 -1.08265157 0.66128303
1.79676710 -0.91056593 1.00132809
1.84534690 -0.35139622 1.80206227
1.68859277 -0.07016795 2.54836266
1.84808866 0.21632700 1.89103865
1.83535654 0.45451658 1.61458473
1.70642035 0.86439039 1.28203207
1.66095311 1.16955604 1.00405147
1.74865280 1.48576275 0.63541308
1.70882672 1.68759970 0.53202113
1.71672978 2.14106472 0.28179228
1.85960434 2.28072789 0.02582856
1.82289974 2.72516417 -0.11114110
1.73684211 3.00000000 0.00705038
2.05263158 -3.00000000 -0.07996631
2.03483321 -2.60713584 -0.04502003
2.15243396 -2.45124358 -0.10945068
2.08860637 -2.09352712 -0.13693203
1.95937703 -1.73654288 -0.04485711
1.93298697 -1.46392444 0.02791166
2.10030939 -1.03154319 0.36318949
2.17187510 -0.83716415 0.45111536
2.05373905 -0.43440571 1.00381876
2.17462537 -0.09478653 0.95441839
2.09909950 0.10409370 1.09676741
2.17060642 0.42249112 0.87126754
2.02171964 0.90956887 0.70312192
2.07902097 1.12310003 0.42418660
2.11962424 1.53217328 0.18681654
2.00474561 1.71521532 0.18390795
1.92948206 1.98552378 0.14005257
2.09158319 2.39858265 0.04192340
2.05203424 2.77684326 0.06009509
2.05263158 3.00000000 -0.04833097
2.36842105 -3.00000000 -0.00209398
2.31218446 -2.70375591 -0.06548839
2.32492414 -2.47095274 0.00003091
2.31171958 -1.93079189 0.02032100
2.48286514 -1.83291180 0.05219680
2.38975466 -1.33484927 0.08126238
2.33064232 -1.14123730 0.11298427
2.33561801 -0.75166348 0.29493303
2.24919621 -0.40387620 0.61083799
2.31973708 -0.15789527 0.54088364
2.32423922 0.21341005 0.54221862
2.40393476 0.55546571 0.31909997
2.31565199 0.88249353 0.32030253
2.41830966 1.10402431 0.06239902
2.41506455 1.50416400 0.07884263
2.43536111 1.63780531 -0.00098407
2.47179013 2.16555796 -0.00032176
2.33405577 2.42797565 -0.05492085
2.27543992 2.62611989 0.00963758
2.36842105 3.00000000 -0.07147557
2.68421053 -3.00000000 -0.04146984
2.65518310 -2.67685712 0.11423874
2.65289473 -2.48312650 0.03078598
2.62296120 -2.09709413 0.04715895
2.68950366 -1.78502560 -0.03790600
2.73674256 -1.49165045 0.06958142
2.69834171 -1.03660944 0.03247518
2.65898702 -0.67708673 0.07677087
2.69792658 -0.50732728 0.13339810
2.68508266 -0.14741736 0.14625373
2.60088046 0.17935775 0.25490408
2.73716879 0.41163619 0.03039169
2.80233288 0.79988465 0.00574588
2.69788251 1.12884659 0.01714901
2.63757592 1.48264849 0.03126956
2.76466949 1.61297840 -0.01171556
2.65154673 2.04349844 0.00333352
2.55901350 2.31633370 -0.01036100
2.62098611 2.58264533 0.04772159
2.68421053 3.00000000 -0.02781885
3.00000000 -3.00000000 -0.02051146
3.00000000 -2.68421053 0.00338956
3.00000000 -2.36842105 -0.00493585
3.00000000 -2.05263158 0.01226869
3.00000000 -1.73684211 -0.06187410
3.00000000 -1.42105263 0.00919419
3.00000000 -1.10526316 0.00200016
3.00000000 -0.78947368 -0.02560200
3.00000000 -0.47368421 -0.05514931
3.00000000 -0.15789474 0.04099641
3.00000000 0.15789474 0.02527262
3.00000000 0.47368421 0.02264960
3.00000000 0.78947368 -0.00157871
3.00000000 1.10526316 0.07746831
3.00000000 1.42105263 -0.04878487
3.00000000 1.73684211 -0.00060268
3.00000000 2.05263158 -0.02403037
3.00000000 2.36842105 -0.10208902
3.00000000 2.68421053 0.00451485
3.00000000 3.00000000 -0.06643125
