-3.00000000 -3.00000000 0.00006671
-3.00000000 -2.87755102 0.00010291
-3.00000000 -2.75510204 0.00015363
-3.00000000 -2.63265306 0.00022175
-3.00000000 -2.51020408 0.00030890
-3.00000000 -2.38775510 0.00041406
-3.00000000 -2.26530612 0.00053139
-3.00000000 -2.14285714 0.00064741
-3.00000000 -2.02040816 0.00073741
-3.00000000 -1.89795918 0.00076162
-3.00000000 -1.77551020 0.00066181
-3.00000000 -1.65306122 0.00035959
-3.00000000 -1.53061224 -0.00024198
-3.00000000 -1.40816327 -0.00125172
-3.00000000 -1.28571429 -0.00277765
-3.00000000 -1.16326531 -0.00490835
-3.00000000 -1.04081633 -0.00769053
-3.00000000 -0.91836735 -0.01110676
-3.00000000 -0.79591837 -0.01505901
-3.00000000 -0.67346939 -0.01936327
-3.00000000 -0.55102041 -0.02375924
-3.00000000 -0.42857143 -0.02793566
-3.00000000 -0.30612245 -0.03156776
-3.00000000 -0.18367347 -0.03436017
-3.00000000 -0.06122449 -0.03608682
-3.00000000 0.06122449 -0.03661983
-3.00000000 0.18367347 -0.03594265
-3.00000000 0.30612245 -0.03414608
-3.00000000 0.42857143 -0.03140981
-3.00000000 0.55102041 -0.02797457
-3.00000000 0.67346939 -0.02411055
-3.00000000 0.79591837 -0.02008720
-3.00000000 0.91836735 -0.01614798
-3.00000000 1.04081633 -0.01249192
-3.00000000 1.16326531 -0.00926263
-3.00000000 1.28571429 -0.00654478
-3.00000000 1.40816327 -0.00436704
-3.00000000 1.53061224 -0.00271043
-3.00000000 1.65306122 -0.00152034
-3.00000000 1.77551020 -0.00072019
-3.00000000 1.89795918 -0.00022472
-3.00000000 2.02040816 0.00004894
-3.00000000 2.14285714 0.00017333
-3.00000000 2.26530612 0.00020649
-3.00000000 2.38775510 0.00019085
-3.00000000 2.51020408 0.00015467
-3.00000000 2.63265306 0.00011471
-3.00000000 2.75510204 0.00007943
-3.00000000 2.87755102 0.00005191
-3.00000000 3.00000000 0.00003224
-2.87755102 -3.00000000 0.00012490
-2.91169404 -2.88189422 0.00015986
-2.85145851 -2.73529895 0.00034741
-2.85519964 -2.63905956 0.00045476
-2.84864129 -2.50703373 0.00067341
-2.91800707 -2.39200012 0.00062902
-2.92111621 -2.22358622 0.00086901
-2.83447095 -2.15872261 0.00150539
-2.89591651 -1.99458215 0.00133031
-2.90608591 -1.92894244 0.00130039
-2.90755776 -1.79025273 0.00120834
-2.86537877 -1.60841649 0.00074515
-2.90541482 -1.48666276 -0.00056349
-2.87221275 -1.36950858 -0.00247020
-2.84690705 -1.31843576 -0.00388502
-2.86323755 -1.19948737 -0.00718595
-2.92518666 -1.05088430 -0.01024299
-2.85119672 -0.91199244 -0.02151736
-2.90716792 -0.76304305 -0.02458319
-2.83767982 -0.69879017 -0.03799405
-2.88254315 -0.53774213 -0.04141311
-2.83878158 -0.46455048 -0.05556645
-2.87235229 -0.26097586 -0.05896022
-2.86703821 -0.16273423 -0.06424032
-2.85105652 -0.06053908 -0.07180538
-2.89780039 0.06993291 -0.05907814
-2.87483569 0.16857093 -0.06469471
-2.84342333 0.29292113 -0.07105552
-2.87913479 0.45376951 -0.05414314
-2.84731173 0.58864452 -0.05452605
-2.86295196 0.64962366 -0.04715216
-2.84407849 0.83535787 -0.03871772
-2.85685850 0.94409119 -0.02980248
-2.87624256 1.04018825 -0.02220653
-2.86958361 1.12926869 -0.01842585
-2.86059415 1.32053282 -0.01096467
-2.90985981 1.43262665 -0.00595513
-2.85768349 1.49409242 -0.00577734
-2.92084324 1.66225038 -0.00196659
-2.90461382 1.75718834 -0.00110806
-2.86587485 1.91249309 -0.00007874
-2.85358176 2.02698115 0.00037690
-2.89357163 2.09588467 0.00036638
-2.91474278 2.23570731 0.00037958
-2.87511475 2.40896437 0.00041964
-2.90557751 2.49958964 0.00028995
-2.83549825 2.62307587 0.00032589
-2.85700637 2.76651910 0.00018340
-2.86215916 2.87530691 0.00012078
-2.87755102 3.00000000 0.00006753
-2.75510204 -3.00000000 0.00022533
-2.75075741 -2.85819879 0.00037761
-2.78775556 -2.72631436 0.00048515
-2.71917200 -2.67629407 0.00077535
-2.78419076 -2.53441004 0.00085487
-2.79419112 -2.42244641 0.00108058
-2.74147349 -2.30163258 0.00181465
-2.79684480 -2.09989716 0.00197978
-2.76454316 -2.01650283 0.00256888
-2.75759529 -1.91302347 0.00287436
-2.75951356 -1.80497660 0.00284144
-2.74741866 -1.67703362 0.00250550
-2.78927768 -1.55868351 0.00081143
-2.76351220 -1.36669501 -0.00324293
-2.74567070 -1.23938805 -0.00868199
-2.76466227 -1.18634592 -0.01083939
-2.73480177 -1.07064150 -0.01996486
-2.70710902 -0.92891462 -0.03607519
-2.77712906 -0.81795823 -0.03736789
-2.77394351 -0.63138848 -0.05646841
-2.70767587 -0.54539143 -0.08556098
-2.78092844 -0.47581244 -0.07011490
-2.79557315 -0.32558894 -0.07814490
-2.74134441 -0.17149740 -0.11018065
-2.72105532 -0.03028822 -0.12656654
-2.76930437 0.07797348 -0.10427179
-2.76046634 0.20566342 -0.10584091
-2.78552546 0.35203895 -0.08857398
-2.80108104 0.43990693 -0.07758886
-2.76931835 0.58000034 -0.07755190
-2.78943961 0.71113754 -0.06001364
-2.80297138 0.81858297 -0.04778077
-2.73549630 0.91907535 -0.05302956
-2.78646808 1.02946065 -0.03376258
-2.76024252 1.13556952 -0.02906507
-2.78776927 1.31871213 -0.01499146
-2.75032271 1.38607716 -0.01370336
-2.74301669 1.54342376 -0.00709015
-2.79017075 1.66121332 -0.00308280
-2.74697044 1.73803083 -0.00186878
-2.77429714 1.93295608 0.00033242
-2.74748566 1.99372495 0.00082651
-2.76536177 2.13884800 0.00103815
-2.73503362 2.30006710 0.00118159
-2.79485572 2.34407185 0.00076959
-2.76073582 2.46395041 0.00076061
-2.78841220 2.59470891 0.00046670
-2.79475272 2.76717735 0.00026383
-2.79408227 2.88397435 0.00017391
-2.75510204 3.00000000 0.00013692
-2.63265306 -3.00000000 0.00039126
-2.58773543 -2.91219524 0.00064659
-2.60769831 -2.74698836 0.00102063
-2.66443209 -2.58930604 0.00127147
-2.60984469 -2.52182283 0.00193286
-2.59522702 -2.42590019 0.00262301
-2.60049620 -2.23230772 0.00392860
-2.66965461 -2.10283291 0.00361795
-2.60528468 -1.98045544 0.00568089
-2.65370478 -1.87498731 0.00489677
-2.60570198 -1.79012820 0.00624842
-2.67745744 -1.69987293 0.00396732
-2.63201617 -1.52598624 0.00234067
-2.66878756 -1.39554537 -0.00242408
-2.67581129 -1.28782654 -0.00763345
-2.63162943 -1.19183214 -0.01587186
-2.67625413 -1.00198078 -0.03172210
-2.59869202 -0.90987553 -0.05636326
-2.67800377 -0.79347734 -0.05845021
-2.58804021 -0.64773723 -0.11279085
-2.61448756 -0.59538586 -0.11287216
-2.62510416 -0.45433079 -0.13501071
-2.58577275 -0.35324742 -0.17693354
-2.65936905 -0.14706021 -0.15603854
-2.66925966 -0.08049090 -0.15425636
-2.65130783 0.09799943 -0.16978610
-2.61374485 0.22548712 -0.19177781
-2.66233204 0.26644831 -0.15545694
-2.64775684 0.45421519 -0.14583560
-2.62117651 0.59294800 -0.14084934
-2.61214162 0.63318154 -0.13897551
-2.65047024 0.76736830 -0.09854301
-2.65503617 0.93441425 -0.07151882
-2.63808209 1.06554023 -0.05700555
-2.67929739 1.20265357 -0.03349118
-2.66519585 1.30909655 -0.02516036
-2.59946935 1.36404719 -0.02613259
-2.62857114 1.57638724 -0.00847963
-2.68012785 1.65278890 -0.00441798
-2.63985190 1.76409235 -0.00131836
-2.66210076 1.86716026 0.00048097
-2.65520506 1.99318831 0.00176542
-2.65251023 2.18157729 0.00217437
-2.58938648 2.24216229 0.00302474
-2.67818052 2.36521914 0.00150562
-2.59829345 2.47898739 0.00186489
-2.61704414 2.59342004 0.00124201
-2.64687428 2.72325621 0.00070512
-2.62143312 2.86504926 0.00048900
-2.63265306 3.00000000 0.00026881
-2.51020408 -3.00000000 0.00065290
-2.48381779 -2.87579871 0.00111569
-2.51947683 -2.80121075 0.00123710
-2.47757480 -2.67706842 0.00213768
-2.51030887 -2.46319576 0.00338412
-2.48220251 -2.40167666 0.00439796
-2.46878526 -2.28860255 0.00599824
-2.50234724 -2.13559895 0.00708468
-2.48891288 -2.04078031 0.00870936
-2.52006506 -1.91486598 0.00884900
-2.46985451 -1.75258292 0.01185924
-2.52563104 -1.62667698 0.00793064
-2.49885966 -1.55500143 0.00740547
-2.51029104 -1.44693678 0.00236711
-2.53801207 -1.32647201 -0.00631099
-2.55060289 -1.15213679 -0.02453967
-2.47841594 -1.00856782 -0.05811726
-2.53726526 -0.87522144 -0.07699165
-2.52610518 -0.77747911 -0.10470200
-2.50099932 -0.67576620 -0.14456177
-2.49194802 -0.51335736 -0.20142999
-2.49132254 -0.42769280 -0.22838413
-2.47537796 -0.28241239 -0.28331907
-2.52230480 -0.13751779 -0.26491740
-2.51951098 -0.10559013 -0.27164917
-2.46552906 0.10387793 -0.34257495
-2.50679822 0.20779912 -0.28949792
-2.49131627 0.26744726 -0.29960851
-2.48171391 0.44089823 -0.27807765
-2.46536100 0.54901039 -0.26624896
-2.53161172 0.69945763 -0.17313364
-2.50510146 0.83181740 -0.15452727
-2.55426361 0.93613971 -0.10536995
-2.47072404 1.01020812 -0.12132500
-2.54963776 1.16236186 -0.06153787
-2.49542313 1.29837121 -0.04777416
-2.50734601 1.39263425 -0.03153453
-2.48991523 1.57765047 -0.01161104
-2.50959568 1.64298978 -0.00635408
-2.46502478 1.74443325 0.00001295
-2.50416464 1.93067915 0.00446405
-2.48221563 2.04428705 0.00619218
-2.49271570 2.13802705 0.00578075
-2.46531567 2.21727835 0.00628661
-2.51757205 2.38299864 0.00359586
-2.48920195 2.48972338 0.00326917
-2.53932305 2.62763259 0.00170679
-2.49708608 2.75786392 0.00139038
-2.47409101 2.87492708 0.00101724
-2.51020408 3.00000000 0.00051120
-2.38775510 -3.00000000 0.00104494
-2.41617154 -2.86385939 0.00150218
-2.39840942 -2.80087255 0.00196682
-2.39729033 -2.67016035 0.00294466
-2.37432728 -2.47133835 0.00551856
-2.36532619 -2.34368126 0.00777836
-2.42215479 -2.23297648 0.00805797
-2.36236444 -2.16788826 0.01143035
-2.39030080 -2.05192016 0.01265046
-2.40613117 -1.89560620 0.01456114
-2.39849502 -1.78619409 0.01618887
-2.36741141 -1.63599333 0.01793748
-2.42474896 -1.52380625 0.01018904
-2.36100331 -1.45323969 0.01035915
-2.36395497 -1.33192650 -0.00249023
-2.39468440 -1.17461988 -0.02959398
-2.43397838 -1.08182556 -0.04714576
-2.37136524 -0.94080275 -0.10093761
-2.38591396 -0.82841272 -0.14103230
-2.37660862 -0.63154885 -0.23696144
-2.36341197 -0.56386451 -0.28152572
-2.34363313 -0.44300458 -0.36404100
-2.40910838 -0.31362231 -0.34494237
-2.34101838 -0.19455973 -0.47626185
-2.40790890 -0.05708573 -0.40990569
-2.37461953 0.08615147 -0.46865664
-2.36756841 0.20031537 -0.47189104
-2.39625317 0.30017339 -0.41216027
-2.34136037 0.42803132 -0.45573436
-2.36262542 0.53745044 -0.38436160
-2.43484392 0.66301194 -0.25855417
-2.38564627 0.78618355 -0.25441149
-2.41572172 0.88573180 -0.19180679
-2.43114960 1.06068210 -0.12294782
-2.38508935 1.19370405 -0.09765489
-2.35272626 1.31005110 -0.07061749
-2.35940126 1.44698709 -0.03591213
-2.34786942 1.56145978 -0.01578487
-2.34960551 1.63842909 -0.00545120
-2.33991259 1.81338262 0.00934313
-2.35760764 1.93162046 0.01193291
-2.36401024 2.02756378 0.01236219
-2.38601170 2.18440473 0.01004020
-2.40829412 2.27926223 0.00781023
-2.34593722 2.36515929 0.00912798
-2.42082907 2.49195089 0.00463049
-2.39335318 2.63337998 0.00354491
-2.41345585 2.73023013 0.00233613
-2.42181732 2.87473599 0.00132294
-2.38775510 3.00000000 0.00094188
-2.26530612 -3.00000000 0.00159950
-2.29983520 -2.89174838 0.00206558
-2.29687737 -2.74228144 0.00335700
-2.25372966 -2.65869706 0.00494018
-2.21720171 -2.53098896 0.00787102
-2.22611388 -2.40705483 0.01053789
-2.25938903 -2.25662555 0.01350229
-2.25775615 -2.15840958 0.01666425
-2.23727982 -2.00857486 0.02338941
-2.25946124 -1.89969732 0.02534950
-2.28618950 -1.78438394 0.02560408
-2.24270427 -1.63283911 0.03126456
-2.21761340 -1.50865350 0.03033457
-2.21790670 -1.42471792 0.02277885
-2.28681353 -1.23780957 -0.01643937
-2.27245747 -1.15555672 -0.03874589
-2.22976703 -1.07694836 -0.07012049
-2.30200730 -0.92156149 -0.12878792
-2.29418169 -0.83815550 -0.17527684
-2.24485059 -0.66858539 -0.31753071
-2.26968181 -0.53765507 -0.38918527
-2.28406328 -0.43859553 -0.43831331
-2.28120693 -0.29223317 -0.52775083
-2.26930859 -0.17613493 -0.60185151
-2.26057714 -0.05462421 -0.65695424
-2.30911258 0.08822194 -0.57945258
-2.22592477 0.14219683 -0.74417143
-2.24193539 0.31296998 -0.67143766
-2.24210724 0.38194386 -0.64392375
-2.31011767 0.55534284 -0.44753002
-2.26009290 0.63542308 -0.47603388
-2.23868086 0.75718505 -0.42594691
-2.22748485 0.94693651 -0.30636225
-2.24374496 1.07513552 -0.21240946
-2.28536995 1.17401664 -0.14021473
-2.31133858 1.30986914 -0.07907061
-2.29598585 1.36481709 -0.06410791
-2.24020704 1.48831065 -0.03259791
-2.25150440 1.69736031 0.00725368
-2.26141511 1.78013414 0.01432712
-2.24020635 1.92140538 0.02363560
-2.26532401 1.97722258 0.02123789
-2.21861355 2.16485242 0.02420188
-2.26743308 2.28144707 0.01588764
-2.28928815 2.36200621 0.01215766
-2.30973737 2.50027741 0.00786302
-2.25896342 2.59428254 0.00764559
-2.29564829 2.74437299 0.00393698
-2.31345662 2.90738379 0.00196631
-2.26530612 3.00000000 0.00168172
-2.14285714 -3.00000000 0.00233231
-2.17547180 -2.83837427 0.00362627
-2.13610019 -2.77333688 0.00495633
-2.18415224 -2.62013122 0.00678746
-2.18535702 -2.52625742 0.00874273
-2.09488497 -2.35607095 0.01710095
-2.12262265 -2.25720984 0.02009668
-2.13141766 -2.11926975 0.02638740
-2.10658457 -2.05911278 0.03181886
-2.10474148 -1.85208442 0.04509612
-2.13486975 -1.79179175 0.04398628
-2.18599293 -1.66808136 0.03952807
-2.18758462 -1.51350206 0.03542629
-2.13371536 -1.38589381 0.03167752
-2.10725401 -1.30352413 0.01980745
-2.11877256 -1.14019751 -0.04176464
-2.13723228 -1.08296867 -0.07166752
-2.10770138 -0.91350772 -0.19327472
-2.14622961 -0.76195519 -0.31279387
-2.17985540 -0.71836497 -0.32878610
-2.12691644 -0.53022499 -0.57204129
-2.14000096 -0.42295846 -0.66365348
-2.11666499 -0.27478460 -0.84572101
-2.12858266 -0.16123273 -0.90185966
-2.14199908 -0.09347586 -0.90499026
-2.11396618 0.01763345 -1.01187659
-2.17480575 0.19051787 -0.85485536
-2.15563458 0.34356353 -0.84751639
-2.16208716 0.42775712 -0.78600342
-2.17283597 0.58405616 -0.65563767
-2.15627093 0.69437414 -0.59503904
-2.12015077 0.79107993 -0.56287503
-2.17996313 0.96314160 -0.33770563
-2.18751981 1.07221743 -0.25015900
-2.17584134 1.15648789 -0.19930575
-2.14824252 1.27847630 -0.13297686
-2.13427515 1.42514307 -0.05833533
-2.12572098 1.48879970 -0.03175078
-2.15529427 1.62314758 0.00561740
-2.09775679 1.77939652 0.04264316
-2.09566094 1.87005442 0.04985981
-2.12500477 2.02238083 0.04360500
-2.15926237 2.11305285 0.03431732
-2.13279089 2.30283659 0.02875921
-2.14345959 2.38940753 0.02264640
-2.09993960 2.48699547 0.02141028
-2.15705544 2.66950034 0.00958240
-2.18334028 2.71047516 0.00742343
-2.12713194 2.87578411 0.00517918
-2.14285714 3.00000000 0.00291030
-2.02040816 -3.00000000 0.00322014
-1.98121930 -2.87084107 0.00533460
-2.04178804 -2.73944750 0.00694398
-2.02575461 -2.62031639 0.01008988
-2.04958486 -2.55223247 0.01152347
-1.98091714 -2.35473484 0.02195615
-2.05408746 -2.30320332 0.02137731
-1.98878994 -2.12276228 0.03717680
-2.02535494 -1.98682542 0.04517396
-1.98985241 -1.86678372 0.06115045
-1.98051481 -1.74571512 0.07480304
-2.06839263 -1.63957367 0.06166674
-2.05949402 -1.49259503 0.06137035
-1.98923163 -1.39790906 0.07266080
-2.02646008 -1.26766941 0.02845302
-2.04001789 -1.14504613 -0.02951036
-1.97590066 -1.08531810 -0.05569740
-2.03096723 -0.88887862 -0.23766804
-2.05125615 -0.81022535 -0.31779646
-1.98985152 -0.66657883 -0.55360413
-2.04329434 -0.56059739 -0.64800064
-2.03345757 -0.42766672 -0.84542450
-1.97290258 -0.33039930 -1.10350824
-2.03748389 -0.14603710 -1.14178583
-2.02160932 -0.04714900 -1.24809681
-1.98500609 0.02274767 -1.38647378
-2.05148361 0.14917215 -1.19273831
-2.05153839 0.26398042 -1.15885256
-2.04577904 0.46867781 -1.03397895
-1.98191949 0.56896761 -1.09078408
-2.01889614 0.69718623 -0.84638018
-1.97646315 0.77497492 -0.82485762
-1.99819286 0.88243136 -0.63856253
-2.03186424 1.04332627 -0.39774051
-2.00813880 1.13504468 -0.31234319
-2.02894644 1.25362610 -0.18544184
-2.03369105 1.43745341 -0.05115427
-2.04546966 1.51415201 -0.01345054
-2.01060324 1.62318862 0.03648218
-1.98361687 1.75860619 0.07801747
-2.03954919 1.88056761 0.06700974
-2.02485286 2.01553785 0.07037960
-2.02957371 2.13465824 0.06087512
-2.04985151 2.22339704 0.04845186
-1.98522048 2.42002736 0.04165130
-1.99690913 2.50879700 0.03122732
-1.97577508 2.59697711 0.02616518
-2.06364089 2.79626611 0.00919952
-2.01626666 2.88152607 0.00808316
-2.02040816 3.00000000 0.00488214
-1.89795918 -3.00000000 0.00416909
-1.89637125 -2.85664706 0.00651956
-1.88225446 -2.73182802 0.00952597
-1.89664057 -2.60489927 0.01318604
-1.88220536 -2.47821763 0.01865768
-1.87150949 -2.42361142 0.02168517
-1.90328811 -2.24876477 0.03224139
-1.87725802 -2.14826870 0.04256923
-1.88898113 -1.98330561 0.06103470
-1.92488009 -1.92027191 0.06476593
-1.91687866 -1.80945320 0.08061732
-1.88845486 -1.64493098 0.10909476
-1.85109071 -1.52776398 0.13400621
-1.92329006 -1.44630421 0.10333046
-1.88864769 -1.32013662 0.09905805
-1.93333678 -1.16665575 0.01254581
-1.86793268 -1.06083717 -0.04223591
-1.92000246 -0.96162271 -0.16375060
-1.85320399 -0.76697752 -0.46428388
-1.89539813 -0.71437486 -0.54500547
-1.85481856 -0.54094774 -0.93382990
-1.87786226 -0.41250512 -1.16531825
-1.89249778 -0.31474194 -1.31327205
-1.87257447 -0.22323232 -1.50931253
-1.91983362 -0.05522042 -1.55301960
-1.90194660 0.06154040 -1.66610669
-1.89175132 0.14595448 -1.70538739
-1.92978683 0.25838146 -1.53890237
-1.88197924 0.44222754 -1.52958512
-1.94425154 0.52145020 -1.24905696
-1.91461353 0.70181263 -1.06303456
-1.87439731 0.76550383 -1.03997629
-1.90216231 0.92618491 -0.70832645
-1.86973140 1.01049772 -0.60116944
-1.92630779 1.18923314 -0.28984325
-1.87919089 1.26687652 -0.20283558
-1.92244823 1.40302695 -0.06242475
-1.94278074 1.54255681 0.02627122
-1.87024771 1.62547082 0.10124806
-1.86124465 1.80887690 0.15203607
-1.94086644 1.92286065 0.10769250
-1.87108034 2.02957120 0.13615441
-1.92431859 2.14091855 0.09489735
-1.85452111 2.27534734 0.09868014
-1.85353361 2.41832240 0.07081928
-1.88842936 2.54107920 0.04394005
-1.90074562 2.59793038 0.03518399
-1.89314346 2.72613363 0.02361202
-1.91656036 2.83771316 0.01428894
-1.89795918 3.00000000 0.00794005
-1.77551020 -3.00000000 0.00497580
-1.77311263 -2.85123962 0.00764850
-1.72744681 -2.73026323 0.01060275
-1.75470155 -2.60738276 0.01442036
-1.80130676 -2.49918121 0.01880904
-1.73580214 -2.37245146 0.02570326
-1.78647008 -2.24312343 0.03626676
-1.73873203 -2.15020755 0.04664947
-1.80188748 -2.03506300 0.06120065
-1.75356026 -1.92643716 0.08417756
-1.80334251 -1.73102824 0.11898031
-1.81941747 -1.69137814 0.12263489
-1.74614049 -1.51510532 0.18466320
-1.73888891 -1.36688949 0.19988148
-1.80622083 -1.26302376 0.12952654
-1.79770826 -1.14666870 0.07204911
-1.81860148 -1.01510131 -0.06759038
-1.80375587 -0.90365394 -0.21780515
-1.77959350 -0.78051656 -0.44412315
-1.78461271 -0.71935686 -0.57899510
-1.79443928 -0.57457996 -0.92082044
-1.72750725 -0.47238974 -1.25820312
-1.74941623 -0.34138455 -1.56959345
-1.79182450 -0.16351947 -1.82323090
-1.76967785 -0.10631101 -1.96916199
-1.79636060 0.04173612 -2.01582105
-1.76151784 0.18485422 -2.14755995
-1.77971791 0.25924853 -2.04878209
-1.78128798 0.42485832 -1.87019477
-1.80996044 0.55715431 -1.57480928
-1.80984210 0.66215647 -1.38111400
-1.81143844 0.78226103 -1.13417668
-1.81524792 0.92468804 -0.83023758
-1.76597801 1.08335681 -0.54480484
-1.79401969 1.12616302 -0.44541846
-1.78472378 1.30853602 -0.13916471
-1.80085454 1.45199444 0.02710758
-1.79894055 1.54423178 0.10542530
-1.81324702 1.66064863 0.15633089
-1.74961013 1.77570270 0.24541901
-1.79639071 1.90457651 0.20247913
-1.72808852 1.99771594 0.24843693
-1.75217079 2.14663869 0.18585600
-1.72855413 2.24355800 0.16957411
-1.74201395 2.34250492 0.12979166
-1.73314447 2.46680765 0.09721134
-1.79205039 2.60625708 0.05173664
-1.79672348 2.79187454 0.02673106
-1.80338076 2.88546459 0.01818262
-1.77551020 3.00000000 0.01252049
-1.65306122 -3.00000000 0.00528794
-1.64331162 -2.92007543 0.00643852
-1.62754841 -2.71015373 0.00989026
-1.65120994 -2.66155966 0.01151191
-1.67215793 -2.50292455 0.01710100
-1.60834788 -2.36386398 0.01949881
-1.67363366 -2.29990944 0.02885632
-1.63066802 -2.14364130 0.04231046
-1.67029540 -1.99004554 0.07299493
-1.67142624 -1.87255938 0.10320563
-1.62737684 -1.74772349 0.15032530
-1.67752394 -1.65391593 0.17534697
-1.61540835 -1.55149304 0.23958540
-1.69250082 -1.45099382 0.22680428
-1.64025235 -1.28705070 0.27844357
-1.63185764 -1.12180567 0.21602995
-1.64562757 -1.04795176 0.12483015
-1.61618476 -0.90025224 -0.07449669
-1.69573685 -0.81811857 -0.33170153
-1.64271947 -0.70028632 -0.60711767
-1.60537842 -0.59448914 -0.92567564
-1.61452200 -0.38653797 -1.63270225
-1.66415802 -0.31923205 -1.77682529
-1.64572254 -0.20793503 -2.09802509
-1.60543939 -0.04723869 -2.49950739
-1.65158657 0.03873982 -2.47382368
-1.64517432 0.19407985 -2.52617204
-1.63078715 0.32801471 -2.47027543
-1.63068340 0.38869608 -2.38964619
-1.65500275 0.54050128 -2.04032098
-1.62487040 0.64697800 -1.85870350
-1.67060009 0.77473643 -1.42379498
-1.67081441 0.96053676 -0.91249552
-1.61599662 1.08687686 -0.58697458
-1.66756660 1.15775294 -0.40407668
-1.69619863 1.29838899 -0.12056676
-1.65797751 1.39531144 0.07058737
-1.61697196 1.57872978 0.34047304
-1.63579165 1.67692326 0.36875159
-1.63451130 1.80488038 0.39407420
-1.64609090 1.94096859 0.35543231
-1.68302951 2.03458655 0.28215821
-1.65484112 2.12537230 0.27428431
-1.63450828 2.22150431 0.24732031
-1.61407031 2.41612670 0.16836016
-1.68654099 2.54753754 0.09053340
-1.66791999 2.65450778 0.06853689
-1.69687842 2.78501485 0.03910175
-1.62870871 2.86867570 0.03570035
-1.65306122 3.00000000 0.01914455
-1.53061224 -3.00000000 0.00457475
-1.54222578 -2.87705855 0.00571924
-1.56782112 -2.70878152 0.00797243
-1.52997389 -2.62106232 0.00631794
-1.52406133 -2.54218573 0.00591237
-1.51103333 -2.34352274 0.00603577
-1.48304805 -2.27110301 0.00171589
-1.53534013 -2.09550977 0.03403804
-1.50258681 -2.00334238 0.04505211
-1.51331873 -1.86223693 0.09736799
-1.54872750 -1.79028852 0.13504895
-1.54636893 -1.68288688 0.19206467
-1.52123068 -1.57785405 0.26333769
-1.51930983 -1.42829352 0.36022961
-1.53921026 -1.31950132 0.38654902
-1.49877827 -1.19176815 0.44866312
-1.57475736 -1.01118555 0.17925573
-1.57500414 -0.93795931 0.05974219
-1.48265610 -0.82807991 -0.01462459
-1.52706018 -0.65321363 -0.65391842
-1.52495264 -0.54853979 -1.04330604
-1.50527810 -0.47189157 -1.33016877
-1.54802255 -0.33721141 -1.84386337
-1.48385134 -0.14529250 -2.48902451
-1.55883171 -0.05666260 -2.58347899
-1.50813334 0.06521268 -2.83642950
-1.50660043 0.20969447 -2.87918996
-1.57334770 0.26882590 -2.68983090
-1.55739133 0.40109185 -2.56618820
-1.56793066 0.53099680 -2.27806285
-1.53684187 0.66723732 -1.97344629
-1.56296146 0.80139630 -1.51277380
-1.51837973 0.89650963 -1.23053406
-1.48377648 1.05697728 -0.65402746
-1.48750677 1.16198584 -0.29742551
-1.50580971 1.29916633 0.07473695
-1.49179387 1.38989911 0.30763339
-1.53979183 1.57106975 0.47421301
-1.55467194 1.64557059 0.49785516
-1.55365803 1.73171922 0.52989891
-1.48666328 1.85053923 0.66044704
-1.52552271 2.02424117 0.49429175
-1.49562670 2.18987413 0.41560000
-1.50961518 2.26517413 0.34044873
-1.49181844 2.35875004 0.28891419
-1.51746291 2.49208761 0.18610188
-1.48939560 2.59054491 0.15024484
-1.52120436 2.73285754 0.08405571
-1.48733944 2.84657809 0.06084360
-1.53061224 3.00000000 0.02838763
-1.40816327 -3.00000000 0.00212195
-1.38634497 -2.92494422 0.00043301
-1.43297924 -2.76764241 0.00020392
-1.39493625 -2.60503193 -0.01079973
-1.41274251 -2.54528857 -0.01081800
-1.42422835 -2.42416438 -0.01408680
-1.37412714 -2.27200439 -0.03933720
-1.41201445 -2.12187311 -0.01539074
-1.39502570 -2.02028549 -0.00714630
-1.41751409 -1.88892468 0.05218514
-1.45243072 -1.75397985 0.14314925
-1.42949028 -1.67227162 0.20078652
-1.45024939 -1.48594363 0.36385473
-1.41409376 -1.45303191 0.41489326
-1.36082652 -1.25715934 0.65503548
-1.37756840 -1.19896212 0.66004239
-1.43516676 -1.01677332 0.46646060
-1.40209871 -0.89579957 0.35460066
-1.38873556 -0.77940447 0.08546075
-1.36995659 -0.63785799 -0.37977329
-1.39420009 -0.58607266 -0.66711024
-1.40560233 -0.42806795 -1.39781168
-1.41430845 -0.26356255 -2.10172112
-1.40496116 -0.14825928 -2.49682625
-1.37057502 -0.03360542 -2.78935947
-1.44856334 0.07242343 -2.92798991
-1.42214250 0.20647883 -3.01006708
-1.44622840 0.25859468 -2.95915571
-1.38948294 0.44344610 -2.77096726
-1.39394956 0.51286777 -2.60642500
-1.39294253 0.71138336 -1.98198030
-1.37342822 0.79997165 -1.64239909
-1.42266013 0.95589371 -1.01315235
-1.36589756 1.06864051 -0.49256440
-1.41232262 1.12469515 -0.33564821
-1.41626569 1.30992075 0.27528292
-1.43550837 1.39573673 0.44472153
-1.42385919 1.55772342 0.74303137
-1.42596458 1.65944098 0.81534503
-1.43018104 1.81838754 0.80771679
-1.43683040 1.93050660 0.73084179
-1.41853363 2.04245494 0.67595936
-1.36561490 2.10413345 0.71785590
-1.43614343 2.23586299 0.45435982
-1.43708350 2.41175330 0.29715564
-1.42884414 2.51391229 0.22803293
-1.44404974 2.63392114 0.14937045
-1.42781981 2.77666075 0.09470240
-1.42117997 2.83937984 0.07603404
-1.40816327 3.00000000 0.04082303
-1.28571429 -3.00000000 -0.00293317
-1.28744036 -2.90193709 -0.00686408
-1.33283616 -2.75874596 -0.01048458
-1.27492430 -2.60779980 -0.03815813
-1.26388829 -2.55515126 -0.05055113
-1.29515536 -2.40390925 -0.06447083
-1.25173047 -2.25075611 -0.12079566
-1.31129037 -2.13646831 -0.08178174
-1.25515556 -2.00361398 -0.12328124
-1.27292150 -1.89139447 -0.06180651
-1.23850242 -1.73835684 0.02308295
-1.29219442 -1.60818298 0.23280673
-1.25220291 -1.54054191 0.32121769
-1.29151227 -1.45326335 0.47035347
-1.25464340 -1.32363094 0.71193724
-1.30240484 -1.12496552 0.84519005
-1.24497414 -1.06975880 1.01094455
-1.28130495 -0.93347563 0.81032470
-1.26456134 -0.79772405 0.58221794
-1.27133305 -0.65459000 0.04110770
-1.23865153 -0.56686977 -0.21678499
-1.33329444 -0.44886374 -1.13823636
-1.33233139 -0.34827838 -1.61366849
-1.33075904 -0.20844733 -2.21082779
-1.27698860 -0.09869000 -2.49661389
-1.29242637 0.08873968 -2.94482619
-1.28057598 0.17093085 -3.00476540
-1.26413154 0.34437120 -2.93224190
-1.24569467 0.41982762 -2.80414282
-1.26187821 0.57182141 -2.44836799
-1.30312841 0.64400979 -2.23178722
-1.26812412 0.75176625 -1.79153533
-1.33069344 0.96619224 -0.89464812
-1.28205945 1.02983106 -0.52102626
-1.28661063 1.13425380 -0.05073309
-1.31836057 1.27600882 0.42455403
-1.26300433 1.44347080 1.10680806
-1.32977837 1.51658261 0.99060030
-1.25987459 1.65523274 1.39262781
-1.24764318 1.76568538 1.43131774
-1.26908331 1.93326998 1.19274743
-1.28534261 1.98395022 1.07469278
-1.32910595 2.10651526 0.79302946
-1.27704491 2.30862378 0.60326965
-1.31652676 2.37964517 0.45491142
-1.32879177 2.48849333 0.32589254
-1.30950194 2.58561441 0.25498173
-1.26688319 2.78372326 0.14310116
-1.30261354 2.91629780 0.07749766
-1.28571429 3.00000000 0.05693800
-1.16326531 -3.00000000 -0.01151508
-1.12330781 -2.84345395 -0.03525110
-1.15114210 -2.77397179 -0.04181421
-1.13544100 -2.64809221 -0.07724352
-1.11639558 -2.47116702 -0.15491937
-1.18508463 -2.35137243 -0.14955155
-1.20240068 -2.28516255 -0.15570835
-1.17568756 -2.10544603 -0.22878982
-1.14169923 -2.00440556 -0.28593400
-1.13954796 -1.89935085 -0.26172723
-1.18405679 -1.80988484 -0.12301741
-1.13794350 -1.66462075 -0.01094819
-1.17116116 -1.55903147 0.23412789
-1.11677067 -1.43766884 0.48829870
-1.20996985 -1.30115653 0.79875242
-1.18793470 -1.18394935 1.04612770
-1.20540342 -1.00799563 1.13676534
-1.16764990 -0.89308572 1.19904324
-1.14954837 -0.83762660 1.18951029
-1.13118231 -0.69356437 0.87219566
-1.13483784 -0.56207821 0.27897425
-1.18095503 -0.47178688 -0.42794574
-1.20240524 -0.34117781 -1.21448036
-1.16105323 -0.14936451 -1.93866801
-1.20333289 -0.02571079 -2.52215812
-1.17915032 0.09721837 -2.71747422
-1.18057862 0.15114131 -2.79255958
-1.19212151 0.34430345 -2.82555317
-1.13252382 0.38543440 -2.63768875
-1.16551293 0.56553337 -2.33649158
-1.16257309 0.67979308 -1.93462076
-1.15142714 0.75928505 -1.57383517
-1.20192903 0.87196199 -1.14008767
-1.20712630 1.02653582 -0.36191511
-1.16707252 1.13278452 0.30969253
-1.14918190 1.29154001 1.11898875
-1.16027879 1.43146772 1.53731960
-1.11509836 1.49564707 1.91895471
-1.12028054 1.63402233 2.04728980
-1.14937821 1.76608426 1.86182430
-1.12161880 1.93979577 1.72715931
-1.19626820 1.97559566 1.37490858
-1.15971325 2.13232433 1.17770931
-1.14295580 2.28324324 0.89452223
-1.13168335 2.40764037 0.67147332
-1.14752182 2.46619961 0.54967384
-1.16390264 2.65499016 0.29228211
-1.14826881 2.77942211 0.19428863
-1.15552450 2.92136905 0.10931200
-1.16326531 3.00000000 0.07702772
-1.04081633 -3.00000000 -0.02446905
-1.02457548 -2.83397189 -0.06011865
-1.00538220 -2.79514687 -0.07751997
-1.00047209 -2.66779898 -0.13217055
-1.02721505 -2.47203142 -0.22889720
-1.06285301 -2.37345535 -0.25768529
-1.03532069 -2.23388411 -0.39087965
-1.01249692 -2.17056923 -0.47686350
-1.07527910 -1.99167384 -0.41411298
-1.07793024 -1.86062997 -0.36845240
-1.08839917 -1.77299757 -0.26515074
-1.01291707 -1.69115847 -0.32811134
-1.04487069 -1.52863459 0.14202931
-1.05746851 -1.40071496 0.56475731
-1.07092122 -1.32700874 0.81504452
-1.07031032 -1.13870091 1.37580728
-1.00505706 -1.06350043 1.71125981
-1.08395771 -0.93107890 1.58571692
-1.02750772 -0.74823073 1.62296452
-1.05489330 -0.67747958 1.24569717
-1.01345829 -0.58789324 1.13633292
-1.00124879 -0.38686465 0.17439089
-1.00712150 -0.31623326 -0.25696535
-1.01540841 -0.16753038 -1.07747080
-1.01329328 -0.08064555 -1.44175802
-1.00612686 0.08404540 -1.92519069
-1.04554605 0.21031532 -2.33902490
-1.05360062 0.34215316 -2.40437252
-1.01010095 0.44189421 -2.13489439
-1.03215282 0.54890291 -2.00890501
-1.02606809 0.67511783 -1.57693954
-1.05077630 0.77081081 -1.24234089
-1.03620060 0.92298913 -0.37999882
-1.04488352 0.99267105 -0.00458590
-1.08580852 1.20166438 1.00058859
-0.99852673 1.26813735 1.79421797
-1.00789031 1.42723384 2.37700129
-1.07601778 1.52231536 2.18602218
-1.08189742 1.63825068 2.25893308
-1.03110554 1.79728460 2.42838978
-1.00604910 1.90798619 2.32583802
-0.99675620 2.01218217 2.07395797
-1.03324305 2.17653574 1.44186427
-1.06334430 2.31284922 0.99843994
-1.07833957 2.40243337 0.76808293
-1.03894626 2.53860807 0.56389387
-1.04764056 2.61497106 0.43374633
-1.04020617 2.70874923 0.31940147
-1.00268163 2.90780767 0.16114360
-1.04081633 3.00000000 0.10107989
-0.91836735 -3.00000000 -0.04237836
-0.89341488 -2.87967551 -0.08244740
-0.95168100 -2.71003709 -0.13576922
-0.95945755 -2.60178825 -0.19629045
-0.90539916 -2.52455971 -0.30613073
-0.87933170 -2.37524074 -0.50909528
-0.96488071 -2.22485575 -0.52573995
-0.87563963 -2.12674197 -0.84524386
-0.94322953 -2.04284895 -0.72886292
-0.93479635 -1.92713455 -0.79293692
-0.92751285 -1.81502614 -0.77268553
-0.90680965 -1.62169224 -0.49885468
-0.93656670 -1.55811404 -0.20528205
-0.87752845 -1.44322528 0.08238731
-0.92651733 -1.28985536 0.91972554
-0.96144749 -1.14286908 1.55292104
-0.90704732 -1.01347226 2.10331995
-0.93862369 -0.88313074 2.22151963
-0.90263973 -0.77255704 2.36067353
-0.91871929 -0.65898196 2.01887954
-0.92011842 -0.56416892 1.64763012
-0.87049429 -0.45159345 1.44690170
-0.94094136 -0.33878096 0.32665504
-0.96196544 -0.20583377 -0.53544279
-0.87489042 -0.08720344 -0.47719014
-0.88510476 0.07183139 -1.13022121
-0.93243671 0.17075231 -1.67057271
-0.90907242 0.29534744 -1.68421184
-0.87077397 0.44084065 -1.46384702
-0.96309394 0.51773720 -1.80499652
-0.88256354 0.62994761 -1.14921900
-0.95439118 0.78767293 -0.80169795
-0.87723133 0.90358933 0.19592000
-0.93027712 1.06795188 0.99544943
-0.90267883 1.18990034 1.92639656
-0.93532790 1.25774082 2.11713522
-0.88629879 1.38385174 3.02834508
-0.89592736 1.56082020 3.39833983
-0.93571996 1.65749850 3.15487892
-0.94172627 1.78630588 2.96076108
-0.95830635 1.88315976 2.63793430
-0.90959415 2.03780177 2.37164045
-0.91044200 2.15044445 1.94170025
-0.90910518 2.22019306 1.68688787
-0.88869814 2.43506756 1.02650643
-0.89686044 2.54838741 0.72290985
-0.87409980 2.60385758 0.63048224
-0.93959892 2.79337442 0.28616280
-0.96617340 2.86687820 0.20435923
-0.91836735 3.00000000 0.12867056
-0.79591837 -3.00000000 -0.06536808
-0.81808785 -2.88335780 -0.10442398
-0.81007970 -2.76219467 -0.17784071
-0.76348266 -2.61402523 -0.35139151
-0.77432034 -2.47267802 -0.53396724
-0.78830786 -2.42681750 -0.58471615
-0.79108956 -2.24679671 -0.89243967
-0.84190560 -2.16493483 -0.88997273
-0.76058592 -2.01522896 -1.38404942
-0.82285354 -1.91552889 -1.20938961
-0.79502246 -1.73851282 -1.23591697
-0.83900180 -1.65322570 -0.85322725
-0.82456658 -1.56567894 -0.63416159
-0.84117277 -1.40685964 0.15875066
-0.80631168 -1.25296954 0.97773367
-0.83450850 -1.19719422 1.34641975
-0.82205716 -1.04271121 2.16390107
-0.80574493 -0.91240964 2.67249099
-0.77072461 -0.76237322 2.99859945
-0.78482201 -0.65235783 2.79728377
-0.76710938 -0.53885835 2.54236573
-0.75430408 -0.41600221 2.06783632
-0.75208065 -0.30775505 1.51925709
-0.82061595 -0.14849557 0.20184672
-0.80485935 -0.07300530 -0.02975196
-0.79182697 0.07485725 -0.49287414
-0.79721619 0.20649718 -0.86985238
-0.80131297 0.33801545 -1.07301350
-0.82277762 0.39972556 -1.21682403
-0.75381301 0.53511743 -0.73463401
-0.81808326 0.66753137 -0.71604092
-0.84340530 0.76380746 -0.42776849
-0.81800727 0.96239058 0.87643049
-0.79483205 1.04249423 1.56411348
-0.83933420 1.16027497 2.12307054
-0.78803518 1.29242830 3.27815594
-0.83389140 1.44290999 3.60597687
-0.77808061 1.56139831 4.25356264
-0.82100500 1.68048677 3.92179093
-0.83280956 1.74281690 3.74266821
-0.79380037 1.85045338 3.69573277
-0.76985860 1.99444218 3.23061803
-0.77671005 2.15797229 2.41197010
-0.75331564 2.24197195 2.09515657
-0.74882210 2.39137965 1.45991582
-0.84148778 2.55353720 0.78410958
-0.78741886 2.67155335 0.58030729
-0.78773814 2.77704305 0.39639666
-0.79663269 2.91717544 0.22519392
-0.79591837 3.00000000 0.15889606
-0.67346939 -3.00000000 -0.09293811
-0.64584106 -2.87268061 -0.17574956
-0.66193215 -2.78012115 -0.24709089
-0.70003756 -2.59077808 -0.44854902
-0.69175135 -2.53672209 -0.54520122
-0.69423898 -2.40392572 -0.79685415
-0.64667341 -2.25473536 -1.27518463
-0.65886564 -2.10222025 -1.63164808
-0.66808851 -2.00884364 -1.79417612
-0.67290925 -1.90327782 -1.91874658
-0.63772961 -1.77725427 -2.13728324
-0.64913565 -1.61059993 -1.71841345
-0.65298108 -1.51888510 -1.29156290
-0.66597873 -1.44340761 -0.78297870
-0.69057713 -1.24303978 0.77020636
-0.63738607 -1.14818973 1.37188807
-0.68888918 -1.02251697 2.35666455
-0.71006414 -0.90609766 2.92035089
-0.63057461 -0.75138467 3.48169570
-0.64034418 -0.69954801 3.48628198
-0.67526890 -0.57546093 3.16698513
-0.63337186 -0.40311658 2.71930355
-0.62666741 -0.32223458 2.36830458
-0.67894689 -0.15071068 1.20589233
-0.66847716 -0.08517876 0.96889223
-0.71211639 0.01658395 0.26078445
-0.72064024 0.15170564 -0.23619589
-0.68901091 0.31579890 -0.37939592
-0.62570496 0.38551068 -0.11221203
-0.71772936 0.50432920 -0.58515607
-0.64792199 0.69037788 0.18341379
-0.68492767 0.79774143 0.50994219
-0.63855485 0.88825205 1.28863196
-0.63436816 1.01114514 2.22260664
-0.64763792 1.20256612 3.64589968
-0.71644881 1.26378522 3.60386463
-0.69013701 1.44967598 4.69329427
-0.70880940 1.57094156 4.77838949
-0.67147785 1.61530205 5.06045764
-0.64496495 1.75399677 4.99778534
-0.71863277 1.91609743 3.87904901
-0.67808406 2.06279799 3.32707757
-0.63076662 2.17964255 2.84719706
-0.71797458 2.25541036 2.14291533
-0.63347658 2.40113512 1.67102234
-0.67487592 2.51382907 1.14414311
-0.63288450 2.67459106 0.71630577
-0.68402047 2.80311048 0.41877974
-0.66929402 2.92378518 0.26434883
-0.67346939 3.00000000 0.19036566
-0.55102041 -3.00000000 -0.12387297
-0.54484788 -2.83422521 -0.25740473
-0.52697729 -2.71074453 -0.43028814
-0.54741491 -2.63597589 -0.53992686
-0.54284726 -2.53988255 -0.74742121
-0.50375809 -2.42991619 -1.11256135
-0.55296136 -2.30417332 -1.39682644
-0.51915965 -2.15361251 -2.03165499
-0.55430122 -2.04278220 -2.24482225
-0.52260064 -1.86033696 -2.81764394
-0.50746741 -1.74876019 -2.95315448
-0.58018764 -1.61704635 -2.18444785
-0.57163414 -1.56783909 -2.04554020
-0.57768115 -1.44888802 -1.33412037
-0.57084073 -1.31746569 -0.35950445
-0.57321347 -1.16558277 1.01226439
-0.57768572 -1.08026905 1.77475675
-0.52688960 -0.90612075 2.96264307
-0.59062304 -0.76591751 3.53342863
-0.57943828 -0.63571951 3.62747692
-0.51205096 -0.53895399 3.62507045
-0.53984712 -0.47626575 3.38511140
-0.57576321 -0.33910346 2.69358663
-0.53005898 -0.19003949 2.17957714
-0.53760947 -0.02095424 1.40971364
-0.59899236 0.07625201 0.73974576
-0.56023829 0.20548881 0.53999329
-0.51222287 0.32924085 0.47212656
-0.52634888 0.40330488 0.32051410
-0.57720294 0.55091885 0.13864823
-0.52588909 0.65627381 0.56955320
-0.52581152 0.83181060 1.41088802
-0.51060830 0.95646283 2.38462106
-0.59708922 1.05797897 2.80137067
-0.54464472 1.18907930 4.18018145
-0.54014870 1.25687920 4.72781952
-0.50755508 1.39485382 5.77902131
-0.51066972 1.50241263 6.12894243
-0.52923903 1.67658827 5.99033868
-0.59705204 1.78481902 5.20771411
-0.57704662 1.86896039 4.94662542
-0.56281115 2.02199652 4.11590543
-0.53476226 2.13605677 3.47963021
-0.53418237 2.30976968 2.37914025
-0.53667513 2.39253369 1.91760916
-0.56835264 2.54910210 1.17275413
-0.52875401 2.59546670 1.05626975
-0.51819564 2.77685144 0.56514352
-0.52979960 2.91398544 0.32557142
-0.55102041 3.00000000 0.22127230
-0.42857143 -3.00000000 -0.15626883
-0.47547387 -2.85405175 -0.27070062
-0.42526043 -2.77358947 -0.40596384
-0.47668098 -2.66590563 -0.55439699
-0.45684101 -2.54075936 -0.87010508
-0.44783610 -2.37433713 -1.42186214
-0.38392327 -2.29978894 -1.88662263
-0.44066785 -2.15627255 -2.32761100
-0.41564130 -2.03630558 -2.93382452
-0.44303034 -1.90709532 -3.21006492
-0.44001693 -1.77497765 -3.41541972
-0.38072812 -1.65852357 -3.73120023
-0.41716394 -1.52448085 -2.94106931
-0.42863698 -1.45026116 -2.37832412
-0.41666717 -1.31128940 -1.27104153
-0.44663465 -1.19361300 0.12043826
-0.41615892 -1.03899659 1.54379536
-0.40672228 -0.87507167 2.87782093
-0.41077984 -0.77707400 3.42125123
-0.42845168 -0.62765619 3.76585184
-0.44198207 -0.56762972 3.74027481
-0.39890983 -0.38325763 3.28157531
-0.44590696 -0.26579684 2.76411479
-0.41819371 -0.19669803 2.51086118
-0.42562511 -0.01392903 1.75115555
-0.45146880 0.06078641 1.41325734
-0.41653202 0.22037212 1.00802370
-0.44328621 0.31653448 0.72122861
-0.40554789 0.44758039 0.65164081
-0.39975540 0.54465523 0.69354420
-0.45919518 0.65593744 0.78481697
-0.46019515 0.80516154 1.47761143
-0.47471015 0.87774560 1.91648233
-0.45329514 1.07380311 3.65516113
-0.41164198 1.15323400 4.56876918
-0.38987485 1.28784230 5.80776662
-0.43293477 1.38726197 6.20559913
-0.44377397 1.50622228 6.57160138
-0.40785966 1.61692649 6.84783891
-0.41994955 1.75769260 6.39839306
-0.43765569 1.85199432 5.82146325
-0.39938321 1.97705694 5.16621817
-0.43005501 2.10540066 4.08365132
-0.39421547 2.28246626 2.89705335
-0.44148828 2.35704725 2.31336071
-0.42578706 2.51866060 1.48599550
-0.39160301 2.63386004 1.05570298
-0.41736367 2.77774922 0.61915862
-0.46084340 2.90524511 0.36138009
-0.42857143 3.00000000 0.24954531
-0.30612245 -3.00000000 -0.18769681
-0.29024459 -2.86008832 -0.34854987
-0.32577570 -2.71590681 -0.58223265
-0.34351384 -2.60242373 -0.84514675
-0.26616606 -2.53170649 -1.16550020
-0.27947642 -2.43207358 -1.53925759
-0.27442098 -2.22188543 -2.58859645
-0.32901192 -2.18231566 -2.61970226
-0.28652099 -1.97901131 -3.81147926
-0.29366038 -1.92632207 -3.99647804
-0.28597992 -1.72785131 -4.47156097
-0.33824391 -1.62211412 -3.95362346
-0.32770384 -1.52302356 -3.61703755
-0.32809397 -1.41734949 -2.88956702
-0.31869201 -1.25094643 -1.34642375
-0.29555423 -1.15220727 -0.39789262
-0.32991611 -1.04253125 1.04420646
-0.28044419 -0.87188424 2.34911324
-0.31699491 -0.77117613 3.14699545
-0.28639534 -0.68734184 3.33556997
-0.34908608 -0.55071144 3.63618221
-0.27422149 -0.47129737 3.34016265
-0.30477368 -0.31591259 2.97206203
-0.29616757 -0.16626935 2.40153537
-0.32932909 -0.04853852 1.98141499
-0.32791506 0.07483257 1.55618337
-0.26278583 0.16983303 1.26141874
-0.34685841 0.28928076 0.95721274
-0.28169226 0.40318841 0.81688325
-0.31622489 0.59217471 0.89118052
-0.28032353 0.65567045 1.09745822
-0.29780073 0.82534532 1.98915815
-0.27262164 0.91390492 2.73591811
-0.26758978 1.03578144 3.90973973
-0.26594714 1.19311820 5.49268285
-0.31483960 1.33136345 6.47020896
-0.26424960 1.42686410 7.22987003
-0.30123143 1.51071666 7.35213570
-0.34630327 1.62969226 7.16828309
-0.28392337 1.78592044 6.91080579
-0.34304101 1.88437465 6.06404550
-0.26775982 2.05998018 4.95943696
-0.31311813 2.15249390 4.07429538
-0.27779130 2.22064843 3.60892223
-0.30347454 2.34757679 2.62861595
-0.29246770 2.52988771 1.58045446
-0.30722975 2.64744196 1.06961403
-0.35336705 2.79252880 0.61523680
-0.32293936 2.88843340 0.43121844
-0.30612245 3.00000000 0.27307148
-0.18367347 -3.00000000 -0.21549099
-0.19670614 -2.91261559 -0.31061546
-0.14002692 -2.71452228 -0.70932209
-0.17200581 -2.64969399 -0.86914840
-0.21049476 -2.50496708 -1.33983611
-0.18473847 -2.35270944 -2.09507842
-0.14134281 -2.22953209 -2.90085676
-0.15349241 -2.12771471 -3.51072197
-0.15544102 -1.99390775 -4.31551027
-0.17437715 -1.93779335 -4.53364307
-0.20820286 -1.74899121 -4.95631060
-0.13946339 -1.66844291 -5.38823293
-0.17495206 -1.54463012 -4.84947756
-0.20455131 -1.40966070 -3.77027627
-0.16945048 -1.33245285 -3.32499330
-0.16570582 -1.13393859 -1.11532813
-0.20578451 -1.07780103 -0.16568973
-0.16787095 -0.89587319 1.47169869
-0.22815653 -0.78387391 2.65375489
-0.21762996 -0.67599808 3.05302909
-0.18897096 -0.54870318 3.07687670
-0.14122837 -0.46479683 2.77714554
-0.21900400 -0.32703220 2.79195847
-0.20990161 -0.14127124 2.14163752
-0.19050988 -0.02203788 1.70325394
-0.14059720 0.03239002 1.40708899
-0.20239739 0.14322021 1.25714280
-0.20693083 0.32505207 0.87514656
-0.20530256 0.40439006 0.78270708
-0.16536748 0.58117120 0.86528785
-0.14102115 0.70922965 1.32415647
-0.19893647 0.82408757 2.06776581
-0.19385635 0.90684407 2.76064560
-0.19978515 1.01358020 3.79855496
-0.15392817 1.19093667 5.72156318
-0.16934778 1.32958941 6.92971644
-0.18999586 1.45090837 7.58129708
-0.13869558 1.54107595 7.94556395
-0.19508751 1.70065094 7.60406987
-0.20848263 1.77867577 7.21255941
-0.16819337 1.91245482 6.41948018
-0.18905229 2.06122899 5.13003686
-0.17403165 2.13236021 4.53493019
-0.16809811 2.28538799 3.26814205
-0.20176735 2.38539319 2.50625631
-0.16434129 2.47347912 1.98524272
-0.17065855 2.60323699 1.32379525
-0.20410074 2.75191140 0.77839769
-0.14537516 2.84111894 0.56583017
-0.18367347 3.00000000 0.28995341
-0.06122449 -3.00000000 -0.23711654
-0.09325015 -2.83544291 -0.46336366
-0.03171742 -2.74354521 -0.68336336
-0.08699144 -2.66161202 -0.88880349
-0.08860153 -2.54705839 -1.29703356
-0.07817412 -2.43019952 -1.84613927
-0.09982690 -2.30655036 -2.51009196
-0.04602179 -2.15709338 -3.58428051
-0.08281698 -1.97523791 -4.68529124
-0.02129611 -1.87936960 -5.41274642
-0.05839968 -1.79659758 -5.62088608
-0.10885670 -1.67945015 -5.56526355
-0.09557341 -1.56347106 -5.43256290
-0.06419330 -1.38612823 -4.54807576
-0.01971762 -1.30373223 -4.05275675
-0.09254237 -1.16289386 -1.98846481
-0.07300326 -1.03510259 -0.61690649
-0.05139502 -0.95520731 0.10231598
-0.09166949 -0.84041100 1.41852240
-0.09758841 -0.66860312 2.38446541
-0.04102793 -0.52877183 2.24834532
-0.10538744 -0.46166470 2.58360771
-0.08925240 -0.26091038 2.05673749
-0.06658325 -0.16317381 1.67608214
-0.06369001 -0.03640484 1.32138569
-0.06443992 0.03872954 1.13751756
-0.10549886 0.18385056 0.94049993
-0.03027360 0.27095798 0.58111773
-0.02242294 0.47223282 0.47981066
-0.10772973 0.50539448 0.66873602
-0.08097025 0.71126421 1.28414365
-0.02355057 0.80050920 1.81081013
-0.08375005 0.90862672 2.79238963
-0.06645783 0.99638959 3.68236443
-0.02383614 1.17082022 5.59062137
-0.01405879 1.24635529 6.35959098
-0.09887505 1.39151440 7.46912355
-0.07956390 1.49031973 7.93420383
-0.10035811 1.67833758 7.88821966
-0.03564953 1.75367987 7.64727999
-0.06165822 1.93046095 6.42970969
-0.07773337 2.03940900 5.47798126
-0.05668424 2.16419047 4.37481117
-0.08698770 2.31314730 3.11885143
-0.08524151 2.34092378 2.91004036
-0.02365020 2.52238056 1.76044262
-0.03638673 2.61508770 1.30868398
-0.09658863 2.77115156 0.74849886
-0.04523424 2.91830544 0.42275116
-0.06122449 3.00000000 0.29876194
0.06122449 -3.00000000 -0.25054843
0.03652257 -2.91329998 -0.36039244
0.02178185 -2.80116105 -0.56235999
0.01605022 -2.59587582 -1.16840081
0.02660118 -2.52155208 -1.48456043
0.09538439 -2.36504927 -2.35284225
0.05043737 -2.26592274 -2.96763833
0.10304283 -2.17649176 -3.63940473
0.07182907 -2.01271988 -4.80142304
0.02691676 -1.85483681 -5.67017775
0.05550326 -1.77200109 -6.07814472
0.09749928 -1.63293457 -6.39071960
0.04691063 -1.50060875 -5.89285005
0.03689401 -1.42558534 -5.41073366
0.10829842 -1.25962708 -4.26996082
0.08438940 -1.12274778 -2.63697443
0.04835802 -1.01365397 -1.18504705
0.05883891 -0.95283420 -0.60513567
0.05535447 -0.83888579 0.44350306
0.07443731 -0.62619488 1.40733993
0.02222088 -0.58097147 1.81779426
0.05074057 -0.44265972 1.66403334
0.09173431 -0.31951708 1.26593177
0.10851156 -0.20164209 0.95511135
0.07474737 -0.07502523 0.83738928
0.06592830 0.07988580 0.57805662
0.06380194 0.13956061 0.48768069
0.01557664 0.33368134 0.39364693
0.02772601 0.43486103 0.34857935
0.04548030 0.53717848 0.44023813
0.03464639 0.65061848 0.82577798
0.09882389 0.81424186 1.76884821
0.10198762 0.94971291 3.03831148
0.06036312 1.03691162 4.03987895
0.06476791 1.14817004 5.28056234
0.02963723 1.27799867 6.63357455
0.03766134 1.42869920 7.70310671
0.08529281 1.52728959 7.98422654
0.06068293 1.60843600 8.05580658
0.06501260 1.74667217 7.65065300
0.03012639 1.86665254 6.94036738
0.07098679 2.03295064 5.53693333
0.10913125 2.10783398 4.83226987
0.10688340 2.29661566 3.23310784
0.04739646 2.37168397 2.69984143
0.07748551 2.50286476 1.85739578
0.05484524 2.65406935 1.14545453
0.04324702 2.76495727 0.77161609
0.07779987 2.91963602 0.41871417
0.06122449 3.00000000 0.29873601
0.18367347 -3.00000000 -0.25458286
0.16507198 -2.91704181 -0.36287779
0.15575262 -2.73814655 -0.73147166
0.20083865 -2.61013636 -1.14219570
0.23105749 -2.52923502 -1.47361794
0.21792904 -2.38478699 -2.23705420
0.21803985 -2.26948127 -2.98079384
0.21457080 -2.16429136 -3.73861522
0.22912336 -2.01103604 -4.86714004
0.14266087 -1.86867772 -5.79111707
0.15238561 -1.77947450 -6.21578987
0.13911192 -1.61257366 -6.46726997
0.17776372 -1.54338418 -6.40862777
0.21095455 -1.43524194 -5.99645467
0.22332869 -1.31420278 -5.14105140
0.15163365 -1.15047771 -3.27344336
0.21363261 -1.03292796 -2.22937468
0.16611223 -0.88090004 -0.54174843
0.14969024 -0.81595308 0.05371931
0.18265663 -0.69538648 0.56466567
0.15089809 -0.55879650 1.09434725
0.16728694 -0.47441993 1.05642717
0.19870792 -0.35174648 0.82966262
0.15217029 -0.20573265 0.78103399
0.19042735 -0.07140272 0.42098412
0.19671313 0.04622093 0.23924741
0.16109572 0.16329412 0.18236835
0.17227456 0.28297581 0.06020280
0.14905554 0.39913347 0.08756154
0.18670703 0.54016565 0.22718646
0.21161281 0.67137831 0.69114167
0.21942372 0.77253863 1.30271240
0.21345241 0.89396504 2.32629222
0.23074891 1.08687498 4.31368521
0.13797635 1.14449255 5.13039351
0.13889142 1.28978643 6.58109453
0.17269836 1.43405702 7.48718774
0.14666515 1.57751409 7.91298145
0.18607225 1.67794828 7.67178803
0.20336495 1.77510847 7.22352706
0.15367852 1.85693837 6.84722436
0.21170720 2.02861444 5.35535815
0.19838989 2.10122133 4.75756189
0.20908681 2.25080312 3.48509824
0.20425077 2.36610282 2.63295710
0.19862726 2.54948739 1.55634372
0.21800182 2.64206302 1.14116130
0.15779622 2.79700192 0.66830825
0.18404130 2.87236538 0.49347245
0.18367347 3.00000000 0.28989129
0.30612245 -3.00000000 -0.24901528
0.31667187 -2.86428942 -0.43787890
0.27667330 -2.78569855 -0.60282318
0.32416559 -2.63989595 -1.00213383
0.26127290 -2.53928028 -1.41929383
0.31829422 -2.36966795 -2.26709300
0.29265884 -2.23536471 -3.16588850
0.26732743 -2.14255513 -3.86307951
0.32492820 -2.01586858 -4.71502786
0.35352006 -1.90331371 -5.40679144
0.29492325 -1.73952140 -6.30977316
0.29878110 -1.66415712 -6.47401843
0.31900025 -1.50916683 -6.31553307
0.28716458 -1.41884216 -5.94463674
0.29418217 -1.27881222 -4.91622409
0.32117666 -1.11906444 -3.39234705
0.26855478 -1.02936278 -2.36868679
0.33614641 -0.95698504 -1.81716241
0.26930659 -0.82742845 -0.56753906
0.30449025 -0.71929310 -0.03732558
0.29236469 -0.58258706 0.45622614
0.28998922 -0.38590636 0.56513384
0.29346671 -0.31382819 0.49817749
0.28123803 -0.22613459 0.42174270
0.28017148 -0.08393016 0.24409105
0.28459993 0.05954127 0.08578110
0.29739649 0.19357480 -0.02360421
0.31659730 0.30907065 -0.06163347
0.29561465 0.40826637 -0.03517724
0.32495509 0.59321385 0.32741878
0.32474156 0.68137469 0.69376251
0.28147168 0.83232621 1.70631897
0.27033724 0.91582893 2.45989706
0.34049581 1.08095343 4.00422044
0.26653879 1.18033270 5.21487627
0.34627019 1.29686462 6.00303589
0.35145932 1.45127432 6.89185853
0.26963861 1.55387818 7.49934005
0.27502580 1.62323609 7.46847477
0.33890761 1.75476432 6.80854081
0.28783635 1.91698481 6.03242418
0.32087397 2.05586049 4.83332041
0.31762476 2.14175306 4.14494491
0.28188818 2.27695065 3.16497709
0.27119704 2.42444581 2.17847579
0.31821384 2.50649534 1.67005043
0.26178085 2.58640550 1.34386606
0.29069127 2.75202954 0.74516891
0.34118651 2.89586955 0.41328154
0.30612245 3.00000000 0.27301593
0.42857143 -3.00000000 -0.23464842
0.45070348 -2.85704602 -0.41946358
0.39785862 -2.71171787 -0.75209125
0.39765605 -2.58879181 -1.14543809
0.44338502 -2.55046398 -1.25753090
0.45558298 -2.41491868 -1.85966911
0.42991156 -2.24005261 -2.92966391
0.38783052 -2.13575277 -3.73010230
0.43858997 -2.00589272 -4.51020158
0.43900739 -1.93235014 -4.98504555
0.47581160 -1.73328932 -5.79720328
0.47577581 -1.64635854 -5.97740374
0.41895667 -1.55130800 -6.17840785
0.42834658 -1.44078062 -5.82387846
0.40717872 -1.27630816 -4.83221018
0.39530337 -1.13340517 -3.55991222
0.43178990 -0.99384840 -2.22709654
0.39336017 -0.94146413 -1.75149593
0.47463478 -0.80781808 -0.76277314
0.46039423 -0.67729914 -0.08884267
0.43900431 -0.51360390 0.33568340
0.38177756 -0.39987365 0.42138524
0.45441003 -0.32522352 0.41950237
0.39038510 -0.20050772 0.30291531
0.45398983 -0.08745410 0.29889402
0.40749469 0.07538724 0.11843688
0.41389019 0.14905204 0.09046236
0.46880146 0.30417020 0.17578040
0.42104771 0.46692995 0.14739594
0.45501447 0.56400696 0.39006520
0.44098668 0.63524509 0.58075518
0.40075031 0.81224983 1.49722759
0.38494429 0.93951664 2.54241802
0.40120093 1.04585560 3.52153013
0.44042649 1.12080769 4.13856115
0.44275598 1.31205463 5.70830586
0.47292573 1.37608963 5.94904307
0.45864855 1.49696041 6.47996480
0.45072544 1.66370658 6.53104333
0.46667884 1.80502994 5.92852031
0.47652108 1.93474319 5.11654414
0.44976460 2.00258023 4.76857547
0.44850438 2.16891458 3.55476322
0.45307999 2.29086724 2.70161008
0.41718676 2.42268833 1.98044303
0.45977687 2.54033394 1.34901772
0.44990593 2.64610157 0.96437479
0.41290303 2.73687692 0.72294286
0.45098856 2.92356305 0.33823082
0.42857143 3.00000000 0.24955479
0.55102041 -3.00000000 -0.21313316
0.55516646 -2.88208774 -0.34805449
0.54560376 -2.79118747 -0.50148334
0.53247461 -2.60143273 -0.99407896
0.56850528 -2.51560109 -1.26022434
0.55819997 -2.39471475 -1.80120128
0.59231383 -2.26651784 -2.39994782
0.57971282 -2.11622870 -3.32773992
0.56965818 -1.97649004 -4.22041826
0.50375165 -1.91873659 -4.83061788
0.59445533 -1.79198298 -5.02126846
0.51769087 -1.62527206 -5.80292294
0.56005239 -1.54664306 -5.55902271
0.52061453 -1.44428003 -5.48907105
0.52081445 -1.31439951 -4.79512456
0.54376364 -1.12519638 -3.22556423
0.54441607 -1.01379630 -2.25738971
0.57851756 -0.93127412 -1.50345849
0.50658084 -0.77863726 -0.56730532
0.52987520 -0.67517409 -0.03655180
0.52810986 -0.59157783 0.24090701
0.56576716 -0.41390921 0.60846133
0.56640966 -0.29011510 0.66361320
0.58308932 -0.22611464 0.72613314
0.52767192 -0.06936245 0.49271561
0.56871370 0.05223160 0.61170256
0.56630329 0.23115676 0.53748511
0.58710690 0.28270037 0.61253253
0.56248633 0.46741544 0.53943102
0.55983984 0.55035112 0.63224632
0.56576924 0.70389452 1.07005550
0.53673694 0.83016809 1.66301388
0.53168483 0.93934349 2.41656046
0.51459601 1.00527153 2.95829684
0.54625544 1.16776879 4.21887895
0.51704924 1.28629615 5.20014947
0.53240243 1.39286139 5.71898754
0.55195667 1.54989330 6.00617099
0.58346784 1.60684989 5.80604633
0.51310176 1.80371156 5.67843281
0.52049366 1.90185784 5.10436221
0.53010240 2.00014226 4.42965194
0.51237571 2.18937746 3.20696350
0.54426898 2.25196454 2.70435636
0.57788198 2.34311995 2.08941997
0.50839441 2.54591156 1.26508118
0.59314460 2.62206190 0.90127740
0.50980633 2.71559295 0.71424216
0.57119273 2.88747587 0.34682350
0.55102041 3.00000000 0.22140569
0.67346939 -3.00000000 -0.18668223
0.70613869 -2.89704790 -0.27610869
0.62920554 -2.76175677 -0.51376603
0.68044484 -2.60526155 -0.83611832
0.62707364 -2.48842398 -1.28465517
0.71205296 -2.35045902 -1.69345582
0.66761000 -2.30369957 -2.01554233
0.70802268 -2.09585563 -2.96739384
0.70587795 -1.98272207 -3.56800643
0.68148849 -1.90613100 -4.06597194
0.66706966 -1.81815715 -4.52261543
0.67612699 -1.63897494 -4.89552681
0.64802902 -1.53985554 -5.04394834
0.71787960 -1.43760837 -4.35653548
0.70039658 -1.24749948 -3.48796649
0.67466090 -1.20849614 -3.35391947
0.69106639 -1.01396319 -1.78159814
0.65673103 -0.94613361 -1.38886743
0.71791240 -0.75584249 0.05612775
0.68180823 -0.68563759 0.27465441
0.70587638 -0.57557575 0.76152967
0.63467942 -0.38652980 0.85520829
0.62824370 -0.26118261 0.90214801
0.70141499 -0.14861091 1.28557358
0.70749905 -0.09131240 1.32851321
0.63131389 0.05548750 0.90552181
0.67453613 0.17943755 1.08847070
0.65050871 0.26795607 0.92109163
0.68897419 0.41773820 1.06327961
0.67223982 0.53808665 1.02572249
0.65333763 0.67162321 1.18461453
0.62802024 0.83552449 1.77299027
0.63309595 0.93596060 2.35472342
0.71285542 0.99977521 2.69426823
0.65362443 1.20873349 4.12625897
0.66544040 1.27825895 4.47695738
0.68582588 1.36632795 4.77657412
0.71662895 1.48706160 4.91253056
0.71074235 1.69254945 4.85103743
0.64772361 1.81407069 4.84096660
0.63461604 1.94039433 4.27902929
0.66121740 2.03376744 3.60754261
0.63110722 2.10944399 3.28567146
0.65579714 2.25329317 2.36242536
0.65017395 2.35861197 1.83879945
0.69017335 2.50046577 1.17142434
0.67628444 2.64634393 0.74773969
0.68714180 2.75282306 0.50493993
0.66830094 2.88945345 0.30518314
0.67346939 3.00000000 0.19066735
0.79591837 -3.00000000 -0.15772198
0.75582886 -2.84166983 -0.32179861
0.75542035 -2.71314624 -0.52159709
0.76661858 -2.58834649 -0.78558373
0.76583572 -2.49420868 -1.05395526
0.80069122 -2.39422944 -1.32742007
0.76002056 -2.25327056 -2.00314623
0.84259690 -2.10981106 -2.36203451
0.76690757 -2.00371760 -3.17414722
0.80001550 -1.92062924 -3.37210287
0.80624302 -1.73898405 -3.90947023
0.75924929 -1.63896621 -4.35447946
0.84223555 -1.49083452 -3.66852114
0.81816727 -1.43794503 -3.69209260
0.77286146 -1.28779081 -3.31429514
0.79203029 -1.15917474 -2.38018813
0.74881343 -1.01826068 -1.56639469
0.77667514 -0.94787060 -0.93094362
0.83163961 -0.83808091 0.02429857
0.78022381 -0.71786678 0.48125696
0.76270925 -0.59073627 0.93362138
0.78402176 -0.47461638 1.34608781
0.75196886 -0.32429156 1.43950044
0.80060261 -0.14445722 1.83847697
0.75589727 -0.05225971 1.60694676
0.79985122 0.04752292 1.85910163
0.80266959 0.18285098 1.81444874
0.78068067 0.31056016 1.59366709
0.79580896 0.44376951 1.57567935
0.80466552 0.52905036 1.58445902
0.83629581 0.68440582 1.76133008
0.82995393 0.81804033 1.98104476
0.81919809 0.90379898 2.22942558
0.81108742 1.00299749 2.62241445
0.83273359 1.11607431 3.07898706
0.78185382 1.28193756 3.96711104
0.84195025 1.38506247 3.99226758
0.78197034 1.52992676 4.54456826
0.75660450 1.64125021 4.65019651
0.77870868 1.78144999 4.16669447
0.78406075 1.94122046 3.48239835
0.75743965 2.06847509 2.97939146
0.75791644 2.10917299 2.76690884
0.82965954 2.23852142 1.89551648
0.81928037 2.40716573 1.26352356
0.84071481 2.49584831 0.94557204
0.76985768 2.66151768 0.62061281
0.82588348 2.71320829 0.47347778
0.76113388 2.85277187 0.30972247
0.79591837 3.00000000 0.15938527
0.91836735 -3.00000000 -0.12855438
0.95324607 -2.91067071 -0.17555545
0.95936246 -2.73570192 -0.34139716
0.93535784 -2.61595132 -0.54159830
0.88823917 -2.54110014 -0.75004119
0.95701022 -2.35001811 -1.13468097
0.92218988 -2.22584027 -1.62644024
0.91069560 -2.15983907 -1.90566221
0.89496099 -2.01092556 -2.54022695
0.90542261 -1.86648751 -2.98156291
0.87752861 -1.79043346 -3.34809956
0.87952966 -1.61672978 -3.54953219
0.88249866 -1.55987953 -3.50076974
0.91889847 -1.36893572 -2.77529060
0.95333318 -1.32722738 -2.38208723
0.92611387 -1.16347316 -1.66368954
0.93398728 -0.99401521 -0.53042180
0.87642954 -0.90063898 -0.17846425
0.89121415 -0.76038289 0.70808093
0.88673984 -0.66031423 1.17108899
0.87346070 -0.51813445 1.62995978
0.90760298 -0.44890791 1.96639772
0.89717777 -0.28032296 2.23612565
0.96149243 -0.20991629 2.63705051
0.95875173 -0.07031380 2.73026477
0.93604994 0.08772463 2.60897028
0.90775232 0.19441366 2.38809833
0.90906262 0.34247680 2.22855832
0.96517291 0.46849957 2.29929367
0.90110091 0.52216081 1.98972666
0.87169946 0.64910482 1.84641689
0.91913356 0.83743940 2.13655384
0.96190914 0.87208182 2.22410567
0.95589165 1.03298413 2.56141909
0.88953166 1.19616209 3.22203864
0.93036477 1.25584226 3.25193214
0.94074135 1.37237022 3.45861689
0.93282264 1.54473132 3.62895607
0.92354238 1.64891286 3.59468795
0.94010519 1.72796979 3.34815138
0.89015501 1.90157609 3.09113575
0.94316849 1.99424584 2.47857440
0.87529193 2.15984303 2.07954348
0.90484347 2.26858556 1.55641829
0.87816096 2.41395228 1.12373123
0.93374474 2.50627549 0.77847616
0.91631196 2.66886892 0.47363167
0.87411054 2.75821150 0.37037771
0.88937859 2.84711776 0.25662017
0.91836735 3.00000000 0.12933732
1.04081633 -3.00000000 -0.10109013
1.00521970 -2.87401550 -0.18388300
1.07884473 -2.77674128 -0.22932525
1.02789514 -2.64719205 -0.40615187
0.99610216 -2.48858445 -0.71719770
1.06620228 -2.41978867 -0.75275230
1.03906128 -2.23561969 -1.25959635
0.99987924 -2.15650381 -1.61204130
1.06997220 -2.01582576 -1.76401816
1.02331617 -1.91727929 -2.22532350
1.05865807 -1.77934663 -2.31655289
1.06247540 -1.62349510 -2.38309235
1.03259115 -1.52084870 -2.46728079
1.08150302 -1.41979312 -1.94781748
0.99563329 -1.29348841 -1.97410994
1.04734609 -1.12313552 -0.80097065
1.04500898 -1.05104706 -0.38924397
1.07771656 -0.91971652 0.51172003
0.99671741 -0.79932884 0.90474779
0.99289473 -0.70190773 1.38660310
1.04211014 -0.50624425 2.32268476
1.02417217 -0.40825701 2.54030169
1.03706125 -0.34675760 2.72744661
1.01981307 -0.21539408 2.88386647
1.07820738 -0.09245629 3.21563567
0.99852069 0.03102953 2.92753000
1.03781725 0.21815329 2.95305042
1.04212103 0.29908085 2.85312011
1.02111390 0.44033804 2.54211635
1.02413471 0.58770519 2.32614695
1.04701723 0.69789017 2.26337517
1.02744900 0.81732338 2.21641330
1.01818860 0.96229892 2.35367489
1.08095083 1.04550898 2.39088850
1.08265573 1.14993202 2.52727818
1.07510666 1.25754490 2.70074076
1.02955639 1.38346120 3.04144272
1.06893292 1.54442415 2.87597327
1.08175074 1.69823702 2.63247119
1.06971824 1.82031801 2.43275259
0.99886158 1.86109643 2.66979858
1.01018862 1.97892503 2.23808464
0.99289189 2.11390695 1.83880144
1.00321213 2.23163424 1.41073576
1.05738517 2.35832404 0.92847205
1.04134072 2.52875715 0.58923740
1.03561714 2.60046469 0.47410475
1.02235223 2.73342304 0.30702975
1.06821476 2.84039061 0.18615165
1.04081633 3.00000000 0.10188789
1.16326531 -3.00000000 -0.07668926
1.14465688 -2.86116126 -0.14254236
1.16410376 -2.77517141 -0.18948279
1.12802025 -2.58723547 -0.39694746
1.15497100 -2.52015863 -0.45932017
1.15088212 -2.41065146 -0.63533039
1.18394205 -2.27786020 -0.81790952
1.17403626 -2.17418690 -1.04712845
1.14353449 -2.00708556 -1.50122863
1.19764789 -1.92999294 -1.44205270
1.14845200 -1.78964354 -1.84648759
1.12220828 -1.66245016 -2.05193525
1.16915380 -1.55461698 -1.73866032
1.16841532 -1.38462585 -1.38111751
1.15122804 -1.26523873 -1.02723645
1.15267906 -1.17148094 -0.59066263
1.16799439 -1.05304688 0.07529030
1.14561231 -0.94796682 0.57335838
1.14172428 -0.75859125 1.55428403
1.11914012 -0.68167148 1.85950969
1.16798943 -0.50763385 2.63393973
1.13549258 -0.39638412 2.89629905
1.12003430 -0.29657646 3.08312305
1.16874017 -0.14992490 3.40690771
1.14063125 -0.02614917 3.41962821
1.16433680 0.02428140 3.47077357
1.12521746 0.22238301 3.21978455
1.19120677 0.30326817 3.21271026
1.12688226 0.43364259 2.84015016
1.15915120 0.54066927 2.67138470
1.16834723 0.62587658 2.51468690
1.16141247 0.76333315 2.30847991
1.15179465 0.96447803 2.23110396
1.16348133 1.01409551 2.22951293
1.17865258 1.17999602 2.28464693
1.16282626 1.26735567 2.39194637
1.18036367 1.45377422 2.36995300
1.15904718 1.57740562 2.40378461
1.14058237 1.65901006 2.40031020
1.19909737 1.81456097 1.86643243
1.13600810 1.88317968 1.97673941
1.18624290 1.99152593 1.51953838
1.17767625 2.12365868 1.22539488
1.13963334 2.29386382 0.91640550
1.16595274 2.39088661 0.67183854
1.19856133 2.52698621 0.41886097
1.20072800 2.67773611 0.25314050
1.17908547 2.77599304 0.18632144
1.14648953 2.89227859 0.12737517
1.16326531 3.00000000 0.07792260
1.28571429 -3.00000000 -0.05611700
1.23957020 -2.90713250 -0.09367778
1.28617907 -2.77211459 -0.14028041
1.26367147 -2.62689832 -0.24856941
1.28160531 -2.49029387 -0.36326438
1.24377057 -2.42462790 -0.48420876
1.28615664 -2.25704581 -0.65528946
1.28183927 -2.17198122 -0.79178900
1.29903463 -1.98783826 -1.01648923
1.33316026 -1.90904688 -1.00302780
1.29193968 -1.78217713 -1.23876576
1.32472444 -1.68398554 -1.13080541
1.28839938 -1.51260457 -1.12853013
1.26990276 -1.41088037 -0.99747603
1.28290264 -1.32529239 -0.70241001
1.29015868 -1.20803281 -0.25518065
1.31061503 -1.02678098 0.58158558
1.25397219 -0.90774046 1.04463384
1.27334406 -0.83115317 1.44183761
1.24220198 -0.72039183 1.90877746
1.33236872 -0.53378998 2.66344990
1.30293381 -0.42551273 2.99494849
1.28694977 -0.26336212 3.36063438
1.32087307 -0.18678634 3.46821527
1.29402722 -0.07657959 3.57378835
1.28674937 0.02858916 3.58849939
1.28013561 0.14947627 3.50868817
1.29827330 0.33275398 3.21359835
1.25196832 0.46122182 2.92480263
1.31767614 0.52410387 2.76673654
1.28646241 0.71266223 2.36526751
1.25957652 0.78173695 2.26455801
1.26699091 0.92274637 2.09976737
1.25328907 1.08298501 2.06366100
1.31983347 1.13659864 1.89266824
1.32492939 1.33038686 1.83371161
1.30206407 1.36949584 1.90279961
1.31422289 1.50549181 1.79533082
1.32729741 1.63728036 1.62840992
1.25501435 1.74030890 1.77139631
1.25539890 1.92892317 1.42372567
1.31225302 1.97764303 1.15366932
1.25147613 2.12983732 1.01883960
1.28633386 2.23720572 0.74215803
1.30961293 2.41117464 0.44858875
1.32469437 2.51789264 0.31513257
1.30562655 2.60457731 0.25075055
1.25433940 2.77209983 0.15773614
1.32765102 2.86856642 0.08989949
1.28571429 3.00000000 0.05785822
1.40816327 -3.00000000 -0.03959751
1.39078705 -2.87250802 -0.07085346
1.44409664 -2.77801571 -0.08687072
1.38638514 -2.58848354 -0.19966881
1.42553869 -2.53829253 -0.20767158
1.36255576 -2.34883126 -0.42455523
1.38975132 -2.22918908 -0.51556880
1.36464354 -2.13440700 -0.66883413
1.37196412 -2.01441519 -0.78960914
1.39630614 -1.91321984 -0.81988703
1.43817264 -1.75156595 -0.76997484
1.42399971 -1.68260525 -0.79997610
1.42062993 -1.49090964 -0.63315979
1.43524611 -1.40236671 -0.42977270
1.36565975 -1.30530764 -0.37081173
1.37462294 -1.18984808 0.03824082
1.39362067 -1.05218607 0.60559507
1.36738166 -0.93784506 1.05814448
1.43508426 -0.78070126 1.71739472
1.45200911 -0.68468730 2.05820445
1.36830430 -0.59211475 2.45136034
1.41997699 -0.38133244 3.00715278
1.36300490 -0.35083177 3.14909396
1.37494981 -0.19096191 3.41560882
1.43319004 -0.08604337 3.41223450
1.44013509 0.10023670 3.37895719
1.40956939 0.14643626 3.39811575
1.40569182 0.31496278 3.14904803
1.43547477 0.42063061 2.87333058
1.38314497 0.50393214 2.75651445
1.44154417 0.62637023 2.37520806
1.43530530 0.82059620 1.97919835
1.45349037 0.94995223 1.74414455
1.40141390 1.03268715 1.76185540
1.40149286 1.13954863 1.68259721
1.38040777 1.32050415 1.65681554
1.39779713 1.43895565 1.54089392
1.42578303 1.57516063 1.34853372
1.41329557 1.68256669 1.28188566
1.43806405 1.77052792 1.10489863
1.40085952 1.94071429 0.97526813
1.44183266 1.98764264 0.81174936
1.37160117 2.16275237 0.70347575
1.36757305 2.30858847 0.50669859
1.38493782 2.42565175 0.35316526
1.41608174 2.47922619 0.27731223
1.45200088 2.60460571 0.16856433
1.43631335 2.73359948 0.11219616
1.38281478 2.84782120 0.08421779
1.40816327 3.00000000 0.04171055
1.53061224 -3.00000000 -0.02693245
1.51774411 -2.84573303 -0.05306284
1.52914563 -2.72397440 -0.08066249
1.53901660 -2.59173475 -0.12220839
1.56081637 -2.54480363 -0.13150778
1.54016133 -2.42637850 -0.19832691
1.49143207 -2.29176097 -0.32609410
1.50591834 -2.14159762 -0.42082163
1.51452455 -2.02650510 -0.48700136
1.51497155 -1.87612681 -0.56140368
1.55940803 -1.79383320 -0.48723593
1.49209053 -1.65189523 -0.60255683
1.49713491 -1.50795581 -0.45783134
1.53393321 -1.41908347 -0.24312173
1.52948870 -1.30950666 -0.02682227
1.52210000 -1.12850018 0.46311846
1.54339216 -1.01613256 0.83297170
1.51124770 -0.88707119 1.28461521
1.50838806 -0.76764120 1.70778734
1.55333960 -0.67003085 1.96123107
1.55382958 -0.53926534 2.33610512
1.49756766 -0.43850014 2.72251352
1.57828016 -0.34410967 2.71061479
1.48754358 -0.22317079 3.15771669
1.48280859 -0.07974982 3.29981750
1.54137409 0.06848550 3.12788263
1.49189369 0.16071771 3.20019100
1.53616542 0.32023618 2.84454492
1.51202037 0.47015613 2.59800930
1.48280172 0.57351915 2.42201410
1.54930083 0.68095077 2.03249524
1.52537182 0.74935672 1.94103457
1.57391456 0.95101526 1.48440435
1.48873853 1.00526444 1.59963952
1.55751318 1.13347498 1.30647908
1.53416214 1.24386137 1.27085829
1.51123512 1.41837144 1.21165597
1.55071277 1.57517518 0.99064430
1.56423524 1.69775664 0.85421697
1.56348888 1.78637036 0.77438555
1.57330255 1.85933772 0.68429789
1.56418487 2.03295649 0.53092108
1.52981418 2.11243612 0.50360284
1.50261724 2.30170879 0.35411676
1.52289080 2.39609274 0.25959581
1.49267743 2.49549630 0.21229721
1.52860471 2.66867714 0.10816140
1.56890311 2.74791401 0.07184078
1.51863318 2.90145320 0.04593167
1.53061224 3.00000000 0.02919603
1.65306122 -3.00000000 -0.01764690
1.66929005 -2.90533034 -0.02476897
1.65216446 -2.74713299 -0.04850728
1.66310957 -2.64724840 -0.06606935
1.65462218 -2.51397561 -0.10366117
1.67441901 -2.43436621 -0.12062220
1.67656226 -2.28939273 -0.17065289
1.68559368 -2.13709452 -0.22063757
1.62187376 -2.04142798 -0.32346512
1.66404542 -1.91761973 -0.30779500
1.67493601 -1.73890044 -0.29132265
1.65234958 -1.60533864 -0.26344753
1.66675288 -1.56698625 -0.21469197
1.64817526 -1.41607598 -0.06760504
1.62705603 -1.32028050 0.07166354
1.64987127 -1.13641458 0.49109344
1.62809457 -1.07783996 0.64310100
1.61078886 -0.95375856 1.00574677
1.66766038 -0.78318505 1.42451846
1.64675646 -0.62887878 1.87826875
1.60970662 -0.51553660 2.25596312
1.67081315 -0.40917849 2.29817761
1.70071825 -0.33293950 2.32240335
1.65938616 -0.20338075 2.63340540
1.62826692 -0.01359499 2.84709311
1.61731902 0.01648482 2.88521534
1.65724685 0.17922286 2.64233579
1.63016445 0.33412786 2.52897929
1.65852712 0.38927683 2.33921339
1.63527188 0.58433268 2.02316225
1.65323430 0.68456693 1.76986459
1.63410351 0.80060011 1.59525429
1.60948335 0.90130181 1.48045597
1.64833966 1.07490819 1.16289462
1.62940358 1.13835470 1.13812909
1.65487242 1.32409288 0.92669748
1.66017481 1.44023371 0.83363226
1.61332204 1.54073719 0.86628062
1.69741972 1.61099388 0.64446863
1.68838780 1.74854532 0.56581171
1.68092808 1.90885863 0.46135406
1.65779909 1.99949809 0.42525578
1.66694522 2.13863004 0.31433849
1.67256950 2.25171294 0.23828544
1.69425804 2.43483099 0.13595676
1.67807755 2.49903281 0.11825019
1.68289305 2.66643294 0.06697961
1.69278197 2.74884322 0.04808327
1.63860431 2.89748002 0.03210058
1.65306122 3.00000000 0.01984339
1.77551020 -3.00000000 -0.01113030
1.73714951 -2.87925388 -0.02135953
1.79211378 -2.80084543 -0.02339578
1.80633120 -2.65933192 -0.03664590
1.80252065 -2.48095496 -0.06453515
1.77856515 -2.34312542 -0.10139566
1.75528029 -2.29382649 -0.12445538
1.78640980 -2.16297002 -0.14077199
1.75400656 -2.00645274 -0.19758687
1.75272156 -1.88577762 -0.21290082
1.81896568 -1.81601490 -0.15271787
1.79768086 -1.60604293 -0.10456078
1.78110608 -1.56533810 -0.09266098
1.79000235 -1.36178802 0.11076783
1.74366525 -1.33353889 0.13035295
1.74113912 -1.13979359 0.47350929
1.75399535 -1.00361003 0.75695492
1.77887925 -0.90084394 0.95412124
1.73688561 -0.83211208 1.17823436
1.75956925 -0.64160435 1.56310653
1.75723035 -0.59441572 1.66789104
1.78838984 -0.46489934 1.81375502
1.79854283 -0.35170865 1.94631202
1.80313266 -0.22110436 2.06944532
1.73497749 -0.06102932 2.42683568
1.77269996 0.09040372 2.25719021
1.74566171 0.18653848 2.29884471
1.77818808 0.30485233 2.04714175
1.75276849 0.41139762 1.98398539
1.73412790 0.54603093 1.81089769
1.75131566 0.63718714 1.59546414
1.81011168 0.77179388 1.21919420
1.81170079 0.90365726 1.02840352
1.78754470 1.00787918 0.94954188
1.74747319 1.11740784 0.91177245
1.79030066 1.32186627 0.66562905
1.81158113 1.44343279 0.55422057
1.75383744 1.54648478 0.58645465
1.78261127 1.67079342 0.46854756
1.76996061 1.78960452 0.41736615
1.80450800 1.92486621 0.30273418
1.77707519 1.97591132 0.30312953
1.81567174 2.11852694 0.20092031
1.77658197 2.22402865 0.18064697
1.77615446 2.37225508 0.12331617
1.75929289 2.46674205 0.09940211
1.75750536 2.65846149 0.05353619
1.78128152 2.73382892 0.03756837
1.72796617 2.85383563 0.02846076
1.77551020 3.00000000 0.01309601
1.89795918 -3.00000000 -0.00675048
1.86830096 -2.92175708 -0.01064719
1.86222980 -2.78417139 -0.01873534
1.93386036 -2.66225736 -0.02126284
1.94530171 -2.47154402 -0.03609859
1.87233313 -2.38921077 -0.06145373
1.90469154 -2.27574857 -0.06878891
1.86517363 -2.16485647 -0.09996632
1.93920827 -1.98356136 -0.08491096
1.88298060 -1.92041719 -0.11416324
1.92130757 -1.78437443 -0.08323743
1.90782197 -1.68390198 -0.06684404
1.91825504 -1.53901581 0.00145107
1.93262206 -1.40833346 0.09514552
1.90082060 -1.28595906 0.21378810
1.86272964 -1.20434317 0.32621166
1.91478429 -1.05671150 0.50925710
1.94067746 -0.92203004 0.67951505
1.91087250 -0.76305894 0.97975639
1.87646185 -0.69157644 1.17502809
1.88830516 -0.54019966 1.38671248
1.85714919 -0.40279210 1.67633077
1.92141416 -0.29252353 1.57315232
1.88701354 -0.20113474 1.76590205
1.87864559 -0.04629104 1.85751040
1.93887700 0.09487696 1.61212728
1.92918602 0.17626591 1.60899915
1.86949962 0.29267486 1.72943968
1.93639588 0.38484525 1.40523416
1.86634276 0.57784807 1.36733890
1.88346366 0.63903049 1.23188961
1.86588531 0.84208558 0.99318366
1.90458301 0.87492879 0.87242468
1.88799222 1.01336826 0.75348390
1.85645644 1.20563324 0.63900991
1.86595445 1.29245986 0.56337359
1.87849305 1.38712341 0.48810548
1.93541438 1.49212724 0.36350559
1.86708468 1.65426087 0.36758690
1.85112273 1.78884329 0.32178341
1.89548328 1.86497088 0.24627721
1.93393505 1.97921970 0.17587308
1.87572538 2.09700345 0.17070486
1.88322578 2.29494653 0.10406111
1.89338319 2.34508726 0.08771883
1.92761543 2.53825243 0.04345099
1.92724414 2.67716137 0.02713268
1.94591712 2.75994952 0.01863696
1.90056480 2.86233652 0.01482938
1.89795918 3.00000000 0.00839284
2.02040816 -3.00000000 -0.00393128
2.02291602 -2.91912426 -0.00547142
2.02754276 -2.72275331 -0.01134084
2.03816585 -2.62838717 -0.01483607
2.02438846 -2.48724141 -0.02409610
2.05687891 -2.34143137 -0.02949381
2.05334087 -2.31141589 -0.03194654
1.99304439 -2.11939468 -0.05842182
2.04914326 -1.99784303 -0.04722528
2.03263760 -1.92071772 -0.05083076
2.04403078 -1.79455842 -0.03749978
1.99371241 -1.64526377 -0.02008909
2.05144221 -1.53081015 0.03458818
1.98442080 -1.45627802 0.06629170
2.05858166 -1.29444357 0.17095446
2.01609925 -1.14912794 0.31731961
2.00049787 -1.06495619 0.42135643
1.98371219 -0.92536301 0.61511391
2.03048808 -0.76773671 0.74052440
2.04419733 -0.67033720 0.82659697
2.01906040 -0.52413715 1.04590852
2.01104502 -0.39883501 1.19131076
2.03685011 -0.35052221 1.15535296
2.03667495 -0.15837168 1.26365104
1.99867535 -0.05828808 1.41442316
1.98987970 0.07275818 1.43684910
1.97310653 0.19137804 1.44575958
2.02863293 0.26945361 1.21602417
2.05117640 0.41022639 1.04226993
1.99884085 0.54688319 1.04676454
2.03030605 0.63206232 0.88022511
2.02740666 0.76699945 0.74847353
1.97533701 0.90374754 0.70810403
1.99724151 1.05710820 0.53915691
2.00723081 1.14369388 0.46435977
2.04545768 1.26975040 0.34825499
2.00789462 1.40346551 0.32539571
2.01214668 1.50875627 0.27878690
1.99951592 1.68841336 0.22613668
1.97337083 1.78178077 0.21492357
2.02532201 1.89696029 0.14696974
2.01117646 1.98073536 0.13237372
2.02805845 2.14998714 0.08662246
2.06296553 2.22637461 0.06292827
1.98298410 2.43386060 0.04866421
2.04259206 2.52014452 0.02952997
2.05582388 2.59020030 0.02224374
2.04748458 2.76381572 0.01232927
2.05018762 2.90219228 0.00703413
2.02040816 3.00000000 0.00522325
2.14285714 -3.00000000 -0.00219411
2.18068621 -2.90942942 -0.00266153
2.13508127 -2.71639742 -0.00693772
2.15300589 -2.58709666 -0.00967148
2.17069624 -2.54276945 -0.01007591
2.16588803 -2.34564815 -0.01681608
2.12549300 -2.22015682 -0.02597804
2.10679385 -2.10674822 -0.03270556
2.10388064 -2.06335466 -0.03415749
2.13717851 -1.93483140 -0.02689078
2.14214835 -1.79022513 -0.01575001
2.14437915 -1.65487863 0.00636032
2.16424392 -1.56458514 0.02995182
2.13782845 -1.44253731 0.07308263
2.11334406 -1.28100394 0.16343576
2.18558516 -1.15144788 0.21319858
2.12747027 -1.03019721 0.34241992
2.10997542 -0.91058524 0.46722601
2.18398894 -0.81899579 0.45138854
2.12796787 -0.67161578 0.66115627
2.15368413 -0.56751929 0.69796099
2.17968878 -0.45921490 0.71983033
2.16963667 -0.31954337 0.82029082
2.12001244 -0.19934395 0.99949048
2.15270571 -0.02041903 0.94171299
2.11089285 0.09369804 1.04688555
2.13326078 0.13952871 0.97219463
2.10991559 0.32407546 0.94938983
2.17094696 0.43097978 0.73635054
2.13225265 0.57527245 0.71407982
2.13440938 0.68991928 0.61940119
2.18262244 0.81040147 0.45754287
2.12835700 0.88503417 0.48189683
2.17563294 1.07168748 0.31505573
2.19072462 1.19232929 0.24842226
2.10698148 1.23880452 0.30174605
2.15503185 1.45001703 0.18790326
2.14728249 1.49943481 0.17907803
2.12484537 1.62526835 0.15997100
2.13513153 1.75349431 0.12528634
2.18205188 1.87093941 0.08489980
2.12114576 2.03288780 0.07817949
2.15864125 2.15209909 0.05145654
2.09964382 2.22549477 0.05454083
2.16964412 2.41624411 0.02424081
2.09633809 2.46547047 0.02825394
2.09557891 2.65332027 0.01521830
2.14032870 2.75306827 0.00876817
2.12139829 2.91337075 0.00500973
2.14285714 3.00000000 0.00315681
2.26530612 -3.00000000 -0.00117036
2.30143688 -2.84836344 -0.00180161
2.24458701 -2.73306654 -0.00374183
2.27756308 -2.63518921 -0.00434637
2.25261962 -2.54460157 -0.00651915
2.22518391 -2.37355390 -0.01154858
2.28886567 -2.23778210 -0.01010375
2.23636931 -2.12832997 -0.01525709
2.29052522 -2.01674566 -0.01030328
2.30692085 -1.89377906 -0.00570863
2.23751114 -1.77330493 -0.00264500
2.22519724 -1.61775795 0.01912393
2.29228547 -1.52470940 0.03696815
2.26751142 -1.43303013 0.06209020
2.26244850 -1.27283312 0.11876731
2.21797880 -1.13011694 0.20757348
2.29259113 -1.00413732 0.22730983
2.27144418 -0.91086546 0.29421051
2.25249781 -0.78860779 0.38683977
2.29771677 -0.66055257 0.40317578
2.29825316 -0.52163957 0.47113690
2.22920524 -0.43822985 0.63162987
2.29190530 -0.27976056 0.57586558
2.30814291 -0.15177312 0.57376372
2.21714255 -0.04658637 0.77788233
2.25801206 0.09933077 0.67732055
2.23110765 0.20532987 0.71137484
2.26563146 0.34365111 0.59070326
2.28162750 0.46109426 0.51055162
2.24876808 0.57339157 0.50573388
2.21895149 0.64665200 0.50929440
2.27083823 0.80616386 0.34984003
2.22205765 0.92946242 0.33999801
2.31118944 1.02554406 0.21814722
2.28095969 1.15659988 0.19488908
2.29606377 1.33052320 0.13836869
2.25704588 1.45614015 0.12951302
2.24592324 1.57713925 0.11063686
2.27765265 1.61186499 0.09245913
2.22654200 1.75377601 0.08822719
2.31073056 1.88014209 0.04949683
2.26502695 1.98690855 0.04809175
2.23973688 2.10566998 0.04105336
2.25993299 2.28045098 0.02428446
2.26040123 2.37391727 0.01864326
2.29699938 2.48929678 0.01116350
2.27892802 2.64928344 0.00705106
2.24636903 2.73055651 0.00604977
2.30680787 2.83161806 0.00312064
2.26530612 3.00000000 0.00185288
2.38775510 -3.00000000 -0.00059428
2.34458974 -2.89710347 -0.00117055
2.34919201 -2.76114914 -0.00191534
2.37774191 -2.61121479 -0.00266695
2.42863493 -2.50564065 -0.00263242
2.34256318 -2.40571295 -0.00554891
2.36365303 -2.24609059 -0.00630044
2.37978118 -2.15270822 -0.00595425
2.34329695 -2.05384209 -0.00730899
2.36511855 -1.93133405 -0.00386199
2.36449353 -1.81784561 0.00094381
2.35605060 -1.64512677 0.01557471
2.38364633 -1.52165684 0.03142047
2.36329229 -1.38184134 0.06083839
2.41576555 -1.26559426 0.07739977
2.37715525 -1.17330789 0.11462762
2.35508017 -0.99523100 0.18978788
2.42955696 -0.94339223 0.16375150
2.41942551 -0.80675077 0.21632351
2.34037660 -0.62597927 0.36579945
2.35492877 -0.59099488 0.36280419
2.35713541 -0.42263776 0.42287603
2.40450366 -0.25866577 0.39757252
2.42983766 -0.20363351 0.37163474
2.38514437 -0.07944078 0.44848689
2.40405931 0.10664590 0.41519035
2.40555950 0.21587271 0.39770259
2.41142628 0.27099618 0.37882697
2.42427880 0.39426690 0.33288332
2.41778863 0.50916958 0.30719050
2.41338063 0.66565842 0.26107099
2.34044468 0.81535908 0.27409478
2.40998335 0.96297840 0.17080089
2.36402388 1.03867690 0.17768875
2.37630126 1.17612866 0.13461763
2.38121790 1.32108490 0.10270712
2.34096799 1.41208628 0.10209005
2.41367823 1.49661065 0.06627718
2.37355470 1.60629823 0.06391824
2.37652708 1.80901150 0.04319860
2.40805155 1.88818437 0.03214945
2.40137104 2.02244929 0.02472998
2.37400206 2.10750836 0.02289166
2.34011918 2.27574738 0.01730402
2.38954677 2.41329073 0.00930506
2.39457719 2.55814313 0.00571359
2.35737540 2.59103710 0.00606560
2.38974621 2.73770411 0.00307159
2.39702785 2.83691067 0.00201368
2.38775510 3.00000000 0.00105620
2.51020408 -3.00000000 -0.00028553
2.55581419 -2.87760652 -0.00035692
2.48617044 -2.73161421 -0.00094760
2.55206411 -2.60075329 -0.00093576
2.49752993 -2.54162493 -0.00156181
2.52587645 -2.37393630 -0.00182364
2.48301152 -2.22380354 -0.00281689
2.47742510 -2.14284747 -0.00283904
2.54543129 -2.05332928 -0.00102047
2.52750435 -1.91135508 0.00083026
2.51093977 -1.81190855 0.00359450
2.55134297 -1.63951568 0.01145064
2.55577029 -1.57853775 0.01525688
2.55565887 -1.44773877 0.02624965
2.49501811 -1.28107443 0.05667599
2.49910918 -1.13528822 0.08349259
2.55723908 -1.03974198 0.08402149
2.46353029 -0.94523984 0.14456382
2.54029475 -0.76188427 0.14840074
2.50173650 -0.63057566 0.20491698
2.55018678 -0.55172422 0.18590798
2.52396255 -0.46998135 0.22240755
2.53317672 -0.30952723 0.24087119
2.49136186 -0.14672906 0.30169326
2.54866906 -0.09610251 0.24484391
2.52651610 0.10582316 0.26448354
2.47535331 0.13746879 0.31810798
2.48508117 0.34540906 0.27641484
2.47830804 0.39947729 0.27216019
2.52424494 0.59914186 0.18779651
2.50742064 0.64194989 0.19021187
2.50633692 0.78125643 0.15832455
2.46435045 0.93492119 0.14636510
2.51605532 1.01655644 0.10483735
2.46351937 1.16001291 0.09989198
2.49964498 1.27106895 0.07094242
2.48561692 1.43703149 0.05523449
2.50736380 1.55240852 0.04059071
2.53004990 1.68412965 0.02846406
2.52181386 1.74545621 0.02609699
2.52630469 1.87431466 0.01953793
2.48722300 2.03023016 0.01647582
2.48389101 2.16571004 0.01200213
2.49642642 2.26724788 0.00862686
2.49521361 2.39808324 0.00593239
2.55557264 2.51426385 0.00305594
2.53220061 2.64736935 0.00216358
2.51250519 2.78823025 0.00140171
2.52491857 2.85310584 0.00101634
2.51020408 3.00000000 0.00058473
2.63265306 -3.00000000 -0.00012855
2.63245829 -2.87002714 -0.00022140
2.61317100 -2.79263291 -0.00033743
2.62617688 -2.61672335 -0.00054126
2.66696586 -2.51543525 -0.00051426
2.63443361 -2.38424566 -0.00080840
2.62613984 -2.29781752 -0.00090457
2.65136126 -2.11490496 -0.00035626
2.64340844 -2.02390965 0.00016196
2.59325298 -1.86358049 0.00226738
2.67680184 -1.80172912 0.00332555
2.65393892 -1.62179646 0.00923606
2.67941670 -1.50442748 0.01371598
2.61684294 -1.37096907 0.02760203
2.61412932 -1.30754110 0.03399862
2.64194498 -1.14532684 0.04731673
2.67401644 -1.01530314 0.05558873
2.65050036 -0.87360134 0.08003377
2.60537766 -0.80971563 0.10680576
2.59227388 -0.65508369 0.13998294
2.62148295 -0.57699902 0.13627957
2.63549127 -0.39745659 0.15142817
2.60643012 -0.26159498 0.18493428
2.62838554 -0.18907302 0.17413522
2.66315910 -0.03301802 0.15514746
2.65277697 0.06352996 0.16103098
2.66748377 0.20654400 0.14519382
2.64822473 0.26151792 0.15315575
2.63425475 0.44722176 0.14193271
2.60790045 0.55989910 0.14118367
2.59487172 0.66450951 0.13134367
2.62213437 0.82167775 0.09428734
2.66987149 0.89997538 0.06829807
2.58737512 1.04131196 0.07559171
2.67151240 1.18342777 0.04092580
2.61497593 1.24475969 0.04638181
2.62871850 1.42588779 0.03075822
2.60956967 1.55656709 0.02581412
2.61284979 1.64444073 0.02129563
2.66601808 1.73773341 0.01369836
2.63772248 1.88066010 0.01145166
2.62096402 2.03791786 0.00859497
2.65630742 2.13255746 0.00569102
2.64059602 2.22714575 0.00477560
2.64131766 2.39849154 0.00288230
2.64597971 2.55082401 0.00171369
2.66754997 2.67626885 0.00098050
2.62550846 2.72670915 0.00100790
2.64861904 2.88559460 0.00047404
2.63265306 3.00000000 0.00031441
2.75510204 -3.00000000 -0.00005330
2.74952341 -2.88263449 -0.00009109
2.74632309 -2.73173149 -0.00016002
2.77283647 -2.61937721 -0.00017842
2.75538483 -2.49355267 -0.00026357
2.79307585 -2.36853249 -0.00019214
2.78863199 -2.23340114 -0.00010572
2.78548071 -2.14509325 0.00005629
2.73414398 -1.97820847 0.00078635
2.74625092 -1.85970454 0.00196957
2.73684942 -1.76325208 0.00354759
2.71441409 -1.69954263 0.00526527
2.78613209 -1.55825866 0.00743917
2.72845478 -1.37304839 0.01777023
2.75669240 -1.26126199 0.02188739
2.71331692 -1.16958361 0.03330975
2.75481752 -1.03440530 0.03794119
2.71558554 -0.95128096 0.05297597
2.79457478 -0.81996538 0.04708293
2.76758390 -0.65081579 0.06728616
2.74900624 -0.54972967 0.08182111
2.74811434 -0.41742581 0.09248145
2.73233396 -0.33877661 0.10462032
2.77961178 -0.17244409 0.09168639
2.75347028 -0.04265973 0.10529760
2.70717748 0.09660168 0.12721673
2.78861514 0.13880687 0.08804602
2.73623593 0.27261913 0.10473193
2.71673270 0.42220267 0.10252303
2.72599480 0.57797589 0.08434683
2.75476001 0.63460122 0.06953991
2.73751888 0.81130351 0.05872713
2.77168281 0.89127732 0.04448770
2.73673135 1.02140240 0.04154915
2.76403736 1.17049802 0.02785137
2.78925373 1.27034214 0.02037744
2.79104821 1.41456531 0.01503463
2.74592516 1.56482291 0.01356835
2.79737339 1.64270366 0.00895580
2.77621791 1.75339312 0.00777502
2.77137894 1.90180021 0.00565901
2.71158755 2.01629849 0.00579668
2.74099761 2.14089709 0.00362775
2.74616280 2.23743239 0.00270925
2.71621177 2.40544436 0.00191912
2.75639335 2.51086585 0.00110215
2.74601266 2.66280420 0.00068140
2.80321730 2.75129458 0.00035726
2.73716328 2.83387283 0.00036763
2.75510204 3.00000000 0.00016419
2.87755102 -3.00000000 -0.00001964
2.84376051 -2.87009668 -0.00004523
2.91070752 -2.70840534 -0.00004220
2.90602548 -2.63363463 -0.00005225
2.83730667 -2.50558196 -0.00012315
2.83814877 -2.41342868 -0.00012230
2.88270743 -2.27223545 -0.00000531
2.85114691 -2.14407353 0.00014388
2.90857293 -2.03435475 0.00042861
2.85035044 -1.87997078 0.00132512
2.86044024 -1.74415070 0.00256200
2.90736643 -1.64832454 0.00319591
2.92242628 -1.51306724 0.00492044
2.92254721 -1.43029927 0.00644128
2.86341604 -1.26633465 0.01353279
2.85113182 -1.17972452 0.01783424
2.88965714 -1.04042583 0.02040916
2.84491896 -0.96061771 0.02938564
2.83273042 -0.82634185 0.03922129
2.91681274 -0.69109040 0.03217009
2.87813002 -0.56103179 0.04500478
2.89256973 -0.43659373 0.04716482
2.91376570 -0.35303303 0.04529955
2.83653406 -0.21450799 0.06984785
2.89701517 -0.10138911 0.05430270
2.85204484 0.02934542 0.06736891
2.91393209 0.14201918 0.04922310
2.89444692 0.29176813 0.05045028
2.87046155 0.43372751 0.05086519
2.87249357 0.56565451 0.04416927
2.85568316 0.68940984 0.04102729
2.90232758 0.76726291 0.02952658
2.90352417 0.92450312 0.02285966
2.84730341 1.02075286 0.02516664
2.86986037 1.20555600 0.01588170
2.92129535 1.29023838 0.01040371
2.83304862 1.42317257 0.01208654
2.83458073 1.52691051 0.00960812
2.91459961 1.64292647 0.00497403
2.87603699 1.80885872 0.00413049
2.92170605 1.92054548 0.00247771
2.83289154 2.05813957 0.00279665
2.84044389 2.10486370 0.00237617
2.89082646 2.21839678 0.00132317
2.89435161 2.40124122 0.00074581
2.87937601 2.48696773 0.00061195
2.89867246 2.64582849 0.00031378
2.89388714 2.80031953 0.00017753
2.87125485 2.85798920 0.00015931
2.87755102 3.00000000 0.00008328
3.00000000 -3.00000000 -0.00000586
3.00000000 -2.87755102 -0.00000985
3.00000000 -2.75510204 -0.00001447
3.00000000 -2.63265306 -0.00001765
3.00000000 -2.51020408 -0.00001448
3.00000000 -2.38775510 0.00000465
3.00000000 -2.26530612 0.00005628
3.00000000 -2.14285714 0.00016623
3.00000000 -2.02040816 0.00037149
3.00000000 -1.89795918 0.00072083
3.00000000 -1.77551020 0.00127348
3.00000000 -1.65306122 0.00209514
3.00000000 -1.53061224 0.00325128
3.00000000 -1.40816327 0.00479816
3.00000000 -1.28571429 0.00677257
3.00000000 -1.16326531 0.00918188
3.00000000 -1.04081633 0.01199588
3.00000000 -0.91836735 0.01514170
3.00000000 -0.79591837 0.01850284
3.00000000 -0.67346939 0.02192269
3.00000000 -0.55102041 0.02521295
3.00000000 -0.42857143 0.02816696
3.00000000 -0.30612245 0.03057773
3.00000000 -0.18367347 0.03225965
3.00000000 -0.06122449 0.03307172
3.00000000 0.06122449 0.03293846
3.00000000 0.18367347 0.03186441
3.00000000 0.30612245 0.02993768
3.00000000 0.42857143 0.02732070
3.00000000 0.55102041 0.02422853
3.00000000 0.67346939 0.02089882
3.00000000 0.79591837 0.01755960
3.00000000 0.91836735 0.01440168
3.00000000 1.04081633 0.01156085
3.00000000 1.16326531 0.00911227
3.00000000 1.28571429 0.00707601
3.00000000 1.40816327 0.00543035
3.00000000 1.53061224 0.00412804
3.00000000 1.65306122 0.00311153
3.00000000 1.77551020 0.00232425
3.00000000 1.89795918 0.00171715
3.00000000 2.02040816 0.00125091
3.00000000 2.14285714 0.00089533
3.00000000 2.26530612 0.00062735
3.00000000 2.38775510 0.00042893
3.00000000 2.51020408 0.00028537
3.00000000 2.63265306 0.00018434
3.00000000 2.75510204 0.00011543
3.00000000 2.87755102 0.00006997
3.00000000 3.00000000 0.00004103
