-3.00000000 -3.00000000 0.00006671
-3.00000000 -2.68421053 0.00019080
-3.00000000 -2.36842105 0.00043201
-3.00000000 -2.05263158 0.00071818
-3.00000000 -1.73684211 0.00059250
-3.00000000 -1.42105263 -0.00112291
-3.00000000 -1.10526316 -0.00614435
-3.00000000 -0.78947368 -0.01527876
-3.00000000 -0.47368421 -0.02644327
-3.00000000 -0.15789474 -0.03481815
-3.00000000 0.15789474 -0.03618278
-3.00000000 0.47368421 -0.03021149
-3.00000000 0.78947368 -0.02029882
-3.00000000 1.10526316 -0.01073235
-3.00000000 1.42105263 -0.00416882
-3.00000000 1.73684211 -0.00093588
-3.00000000 2.05263158 0.00009350
-3.00000000 2.36842105 0.00019526
-3.00000000 2.68421053 0.00009902
-3.00000000 3.00000000 0.00003224
-2.57142857 -3.00000000 0.00050800
-2.69234647 -2.69552527 0.00082615
-2.47902166 -2.31683074 0.00541853
-2.49227092 -2.06932156 0.00823152
-2.46904445 -1.72858281 0.01183975
-2.71470412 -1.43211161 -0.00127923
-2.72571519 -0.99657592 -0.02704812
-2.41886001 -0.83080584 -0.12720884
-2.63647016 -0.40640319 -0.13729966
-2.67248521 -0.23861124 -0.13991824
-2.67769778 0.11948802 -0.15231710
-2.52832041 0.58999110 -0.20199936
-2.67010854 0.90396935 -0.07152182
-2.55252304 1.20596499 -0.05347745
-2.46290259 1.33580778 -0.04594772
-2.52073724 1.64247765 -0.00633342
-2.74013072 2.02640284 0.00101422
-2.47809450 2.38502873 0.00442517
-2.67631714 2.76985615 0.00051177
-2.57142857 3.00000000 0.00037217
-2.14285714 -3.00000000 0.00233231
-2.00165284 -2.75017533 0.00734609
-2.16053683 -2.33382895 0.01519526
-2.00555471 -2.14636295 0.03406068
-2.12444577 -1.61922779 0.05029787
-2.10562591 -1.36650245 0.03419139
-2.04902658 -1.10347756 -0.05525578
-2.21457052 -0.76678681 -0.26464410
-2.13324078 -0.51302882 -0.58173369
-2.02199354 -0.19228635 -1.14416331
-2.14846608 0.22353990 -0.91175942
-2.03576434 0.57170124 -0.95628514
-2.09115439 0.72735163 -0.67481100
-2.02431379 1.20800958 -0.22891638
-2.06957434 1.48806750 -0.02819018
-2.13822322 1.73520586 0.02817022
-2.11464046 1.96406479 0.04675601
-2.08280418 2.45912907 0.02486773
-2.25727910 2.74794168 0.00465196
-2.14285714 3.00000000 0.00291030
-1.71428571 -3.00000000 0.00522246
-1.64392461 -2.77935069 0.00885305
-1.86760561 -2.34448179 0.02656922
-1.81012893 -2.10036306 0.05158842
-1.67293443 -1.69897888 0.16051764
-1.62939831 -1.40392891 0.28143201
-1.77102288 -1.22763421 0.14047101
-1.84600076 -0.86658347 -0.28817192
-1.70565764 -0.41843058 -1.43682576
-1.81354183 -0.18554711 -1.72845149
-1.56535537 0.13294458 -2.75151064
-1.64152661 0.50342753 -2.15439627
-1.65977525 0.78362740 -1.41877069
-1.69889917 1.15567892 -0.40920325
-1.82992853 1.49604929 0.04872469
-1.58703905 1.62315006 0.42325081
-1.81730375 1.98957106 0.17622034
-1.85272014 2.27804447 0.09881704
-1.66602005 2.58957412 0.08526124
-1.71428571 3.00000000 0.01554185
-1.28571429 -3.00000000 -0.00293317
-1.43354673 -2.57229269 -0.00582677
-1.31915010 -2.35824702 -0.05930111
-1.29454414 -2.09187654 -0.09430676
-1.30133774 -1.81360692 0.01728617
-1.25850349 -1.48350468 0.42285724
-1.40674769 -1.17839343 0.61007729
-1.31549895 -0.68144203 -0.02065732
-1.25231309 -0.35299671 -1.35207505
-1.31957196 -0.21802354 -2.15241189
-1.21382065 0.08019522 -2.78652582
-1.11574644 0.44620684 -2.50135689
-1.36372324 0.73205620 -1.91166688
-1.35244156 1.21489087 0.11513717
-1.11775395 1.43571706 1.76644564
-1.37717878 1.61377147 0.93681714
-1.42904318 2.00191816 0.69142065
-1.23699149 2.40014172 0.53084371
-1.16513744 2.76480461 0.19722452
-1.28571429 3.00000000 0.05693800
-0.85714286 -3.00000000 -0.05325323
-0.90744056 -2.64057665 -0.20599296
-0.87614059 -2.31113360 -0.59989569
-0.96488775 -1.93301151 -0.69818282
-1.01997801 -1.70731126 -0.33821776
-0.90749008 -1.34555513 0.62481438
-0.97874975 -1.00713141 1.91180805
-1.02667266 -0.73042866 1.58072272
-0.78770891 -0.47183975 2.11910564
-0.96822605 -0.18747814 -0.67018073
-0.87534793 0.08574265 -1.10396575
-0.97283422 0.55964905 -1.75024488
-0.84021679 0.73193575 -0.56165139
-0.81434244 1.13863927 2.12987261
-0.98133908 1.44229019 2.58871331
-0.82834470 1.63920214 3.90188210
-0.92512253 2.14380427 1.91292783
-0.83016937 2.29890688 1.62141935
-0.89347779 2.67376606 0.48106818
-0.85714286 3.00000000 0.14352988
-0.42857143 -3.00000000 -0.15626883
-0.35749888 -2.59365244 -0.85367831
-0.56935954 -2.48222314 -0.84514486
-0.44852353 -2.17313002 -2.22689259
-0.54653975 -1.83569289 -2.69439469
-0.56899476 -1.38959446 -0.95902952
-0.56662035 -1.08852932 1.67279991
-0.26949513 -0.87972759 2.22874675
-0.34019388 -0.45254674 3.45115870
-0.54111724 -0.04496858 1.49210978
-0.34779532 0.12762597 1.37959307
-0.29602669 0.37430997 0.84515630
-0.31468754 0.87543997 2.34040494
-0.55961284 1.20953288 4.25216486
-0.33164600 1.52513607 7.23426139
-0.50312631 1.79668764 5.74442118
-0.33312386 2.01454930 5.13182637
-0.58724663 2.24646883 2.60068206
-0.42631586 2.69626205 0.82712678
-0.42857143 3.00000000 0.24954531
0.00000000 -3.00000000 -0.24495404
-0.12797074 -2.65133883 -0.89531611
-0.15284537 -2.37392383 -2.03837019
0.00362520 -2.12705290 -3.88567336
-0.15441368 -1.63566910 -5.26094605
0.12027343 -1.39893004 -5.55349966
-0.16061006 -1.09890388 -0.73610921
0.15799690 -0.72243717 0.56993207
0.06433333 -0.58926352 1.54499900
0.02673452 -0.22500214 1.39098105
0.16602714 0.03512641 0.33156340
-0.09461497 0.56906779 0.75497549
-0.12964269 0.73928151 1.48467111
-0.06606607 1.20106795 5.90510946
0.06696363 1.52998410 8.01432075
-0.10510843 1.63348442 7.98600880
-0.05349020 2.11943782 4.77517372
0.04064432 2.47764935 2.01081155
0.07264150 2.57925404 1.46527942
0.00000000 3.00000000 0.29987103
0.42857143 -3.00000000 -0.23464842
0.36547168 -2.75858817 -0.64484084
0.34930138 -2.32661623 -2.49776715
0.40934446 -1.98822173 -4.71369026
0.26338000 -1.63422916 -6.53716334
0.31332077 -1.36013797 -5.56356441
0.54609192 -1.22019281 -4.00926071
0.44302759 -0.67022228 -0.05838291
0.26043894 -0.47439366 0.67269684
0.40307666 -0.18764013 0.29868585
0.32428206 0.07765845 0.05349904
0.34870327 0.40277200 -0.01450783
0.35824703 0.89034607 2.13177808
0.58180053 1.04496964 3.16972335
0.26733543 1.36234272 6.77412741
0.55025640 1.65551746 5.95308300
0.48385061 1.95042308 4.97783817
0.37820681 2.28545742 2.91138592
0.46830696 2.65164139 0.93053029
0.42857143 3.00000000 0.24955479
0.85714286 -3.00000000 -0.14303307
0.95059021 -2.67964547 -0.42385231
0.82430333 -2.48854185 -0.97962584
0.97269982 -2.16834093 -1.66395313
0.85677175 -1.61437767 -3.70318272
0.95631075 -1.45732059 -2.82117297
1.00382809 -1.16595419 -1.26157007
0.88496796 -0.77056490 0.62871308
0.93254590 -0.52675701 1.85277695
0.82222010 -0.20193973 1.92358122
1.00004133 0.21762410 2.80296641
0.80250812 0.54241952 1.57416844
0.89731927 0.72593583 1.96049013
0.85683489 1.00425174 2.58587409
0.75866056 1.31487203 4.20505900
0.71407002 1.76583371 4.61950474
0.96972092 2.13664426 1.83880339
0.76130539 2.48082325 1.12132406
0.80082893 2.73224784 0.46024585
0.85714286 3.00000000 0.14411090
1.28571429 -3.00000000 -0.05611700
1.31831304 -2.69019411 -0.17263675
1.35036832 -2.27030260 -0.53008216
1.35258347 -2.05034261 -0.79601261
1.40905141 -1.67507349 -0.84231055
1.24285946 -1.30080946 -0.77261099
1.25275380 -1.22084299 -0.42980011
1.44393138 -0.67835444 2.08862767
1.29777618 -0.41083290 3.03470120
1.35260570 -0.25864999 3.34001648
1.38661256 0.19000809 3.38392550
1.44452655 0.46844778 2.74607765
1.20989888 0.85717734 2.20991724
1.30378529 1.19878606 1.92384859
1.12967695 1.46735258 2.59832918
1.42553331 1.65710267 1.27076153
1.14605946 2.05027795 1.50674843
1.33806118 2.40139444 0.42827930
1.29583617 2.64375487 0.22530064
1.28571429 3.00000000 0.05785822
1.71428571 -3.00000000 -0.01408259
1.78613891 -2.56166818 -0.05438315
1.71644037 -2.39465884 -0.11417849
1.87428873 -2.13359217 -0.10053706
1.73567447 -1.65160120 -0.18585403
1.81340715 -1.35884419 0.12207056
1.77622101 -1.11784635 0.50411944
1.87325852 -0.91459395 0.78857222
1.68819196 -0.48607559 2.09376898
1.78866501 -0.21125034 2.13333662
1.61116054 0.14481557 2.84145428
1.76074326 0.48087936 1.84290475
1.84218058 0.78263789 1.12731858
1.61364856 1.14093213 1.17071834
1.67655334 1.30181289 0.89699343
1.68051660 1.63912943 0.65665554
1.76184050 2.15388323 0.22321009
1.79371798 2.48324069 0.08393072
1.59245884 2.76843458 0.06181897
1.71428571 3.00000000 0.01617978
2.14285714 -3.00000000 -0.00219411
2.23277846 -2.74942072 -0.00375768
2.13384152 -2.45051501 -0.01558722
2.07777808 -2.04650167 -0.03979162
2.10482161 -1.76467538 -0.01912740
2.21490454 -1.37658796 0.08942787
2.01184298 -1.08753241 0.38609701
2.23759892 -0.90690522 0.32866949
2.22714559 -0.59407466 0.54551268
2.11831694 -0.18747529 1.00830383
1.97915687 0.05105891 1.47903887
2.20090204 0.41523629 0.68289064
2.14937755 0.70482053 0.58220551
2.18233253 1.21447307 0.24653689
2.22906861 1.38759163 0.16000300
2.29911562 1.69924138 0.07296080
2.06723427 2.03309319 0.09638132
2.30837577 2.34006056 0.01665437
2.07148224 2.69499269 0.01445728
2.14285714 3.00000000 0.00315681
2.57142857 -3.00000000 -0.00019331
2.61794835 -2.61927163 -0.00056917
2.64291997 -2.32506615 -0.00078368
2.54133258 -2.06812985 -0.00120216
2.73573603 -1.73824917 0.00405569
2.66042564 -1.45640463 0.01754486
2.40466297 -1.13250654 0.11670989
2.57889701 -0.81483449 0.11769778
2.47238449 -0.55870519 0.24790600
2.41774647 -0.10614113 0.39828159
2.58086936 0.23719270 0.20384642
2.69548362 0.53708564 0.10059164
2.67184401 0.89061617 0.06877042
2.71268417 1.18562607 0.03403965
2.70653579 1.38293351 0.02370259
2.74086339 1.83550600 0.00768820
2.67819614 2.14032476 0.00499851
2.65552127 2.38706263 0.00277793
2.57760284 2.79244885 0.00099647
2.57142857 3.00000000 0.00043034
3.00000000 -3.00000000 -0.00000586
3.00000000 -2.68421053 -0.00001672
3.00000000 -2.36842105 0.00001010
3.00000000 -2.05263158 0.00030570
3.00000000 -1.73684211 0.00150070
3.00000000 -1.42105263 0.00461563
3.00000000 -1.10526316 0.01046782
3.00000000 -0.78947368 0.01868290
3.00000000 -0.47368421 0.02713109
3.00000000 -0.15789474 0.03250654
3.00000000 0.15789474 0.03216556
3.00000000 0.47368421 0.02622431
3.00000000 0.78947368 0.01773228
3.00000000 1.10526316 0.01022079
3.00000000 1.42105263 0.00527806
3.00000000 1.73684211 0.00255126
3.00000000 2.05263158 0.00114765
3.00000000 2.36842105 0.00045627
3.00000000 2.68421053 0.00015195
3.00000000 3.00000000 0.00004103
