-2.00000000 -2.00000000 -0.08748827
-2.00000000 -1.78947368 0.41602599
-2.00000000 -1.57894737 0.81111439
-2.00000000 -1.36842105 1.05109011
-2.00000000 -1.15789474 1.37870593
-2.00000000 -0.94736842 1.57695748
-2.00000000 -0.73684211 1.73959084
-2.00000000 -0.52631579 1.80799368
-2.00000000 -0.31578947 1.94066371
-2.00000000 -0.10526316 2.00720991
-2.00000000 0.10526316 1.97155848
-2.00000000 0.31578947 1.97189668
-2.00000000 0.52631579 1.83231609
-2.00000000 0.73684211 1.76937421
-2.00000000 0.94736842 1.58488258
-2.00000000 1.15789474 1.32441933
-2.00000000 1.36842105 1.03714789
-2.00000000 1.57894737 0.80494924
-2.00000000 1.78947368 0.37698519
-2.00000000 2.00000000 -0.05591591
-1.78947368 -2.00000000 -0.31794288
-1.78904532 -1.74025855 0.16317192
-1.78600527 -1.65590544 0.21130205
-1.87098679 -1.35341639 0.79230604
-1.74930125 -1.23117171 0.78136147
-1.80791085 -0.94398423 1.23557181
-1.80633719 -0.76426836 1.37592397
-1.74715270 -0.48242559 1.47798186
-1.73478225 -0.38184774 1.41551898
-1.83469338 -0.12749343 1.67770642
-1.86312168 0.07884214 1.74362313
-1.84698448 0.39059705 1.55723196
-1.75411811 0.55181800 1.34839600
-1.79683905 0.71228780 1.40146103
-1.77523885 1.01322207 1.09994924
-1.78630806 1.08080077 0.98858575
-1.73180919 1.37954907 0.60748483
-1.83628908 1.56719932 0.37339109
-1.80659354 1.83078596 -0.11181845
-1.78947368 2.00000000 -0.46051369
-1.57894737 -2.00000000 -0.78068456
-1.59737841 -1.74289592 -0.27644279
-1.63545980 -1.54181114 0.14913931
-1.63674768 -1.33167660 0.42214326
-1.55761190 -1.07970504 0.69518333
-1.52001323 -0.91896636 0.64631574
-1.56437922 -0.68900490 0.93711179
-1.62698133 -0.55288901 1.18856638
-1.55057786 -0.38228011 1.04839788
-1.57718890 -0.08267398 1.31388062
-1.50282343 0.10116537 1.06472104
-1.59137381 0.27554506 1.20078544
-1.60168571 0.54489763 1.08723954
-1.59846543 0.79468913 0.92038384
-1.58986513 0.95509984 0.81317089
-1.51637466 1.07998154 0.59190647
-1.55641729 1.36819702 0.23212449
-1.59327814 1.62285723 0.01490832
-1.59959634 1.73801753 -0.23497882
-1.57894737 2.00000000 -0.79794918
-1.36842105 -2.00000000 -1.10780183
-1.34265484 -1.85673398 -0.82143757
-1.32874160 -1.54263440 -0.29519110
-1.43524634 -1.33846271 0.13490225
-1.29340284 -1.11258022 0.13575161
-1.34500700 -1.01719596 0.33496761
-1.31422279 -0.67009696 0.66972774
-1.31601589 -0.60590745 0.71919725
-1.33569059 -0.35703406 0.87964408
-1.30300074 -0.08061506 0.77404654
-1.44148465 0.16332277 0.93354242
-1.33524525 0.34277054 0.85099878
-1.33263436 0.59581312 0.69387167
-1.35428577 0.67777046 0.65289768
-1.45033439 0.95666604 0.69586034
-1.38173365 1.15883300 0.25561126
-1.36372068 1.35354194 0.05135182
-1.36901576 1.51276617 -0.27247828
-1.34159109 1.76470607 -0.62813176
-1.36842105 2.00000000 -1.11893807
-1.15789474 -2.00000000 -1.29513382
-1.15608089 -1.86500278 -1.03651167
-1.16998582 -1.58428991 -0.64888822
-1.14917695 -1.30567642 -0.14684292
-1.13656552 -1.21987973 -0.05922156
-1.16057254 -0.94973679 0.24387597
-1.12808584 -0.69821024 0.39798366
-1.13592271 -0.47006343 0.53609457
-1.20669657 -0.35379814 0.63653045
-1.12013300 -0.03640505 0.56671374
-1.11957119 0.10664181 0.53573599
-1.18914368 0.29323483 0.68249622
-1.18315769 0.51572871 0.66077168
-1.16582767 0.68385278 0.42690460
-1.09308687 0.90225774 0.28198174
-1.20104601 1.19686653 0.00516189
-1.18680796 1.37468292 -0.24442117
-1.22061798 1.66202617 -0.63601348
-1.16075857 1.78884587 -0.93555525
-1.15789474 2.00000000 -1.45399747
-0.94736842 -2.00000000 -1.63647910
-0.96585391 -1.72888591 -1.08489941
-0.93117168 -1.65857853 -1.09056679
-0.94921367 -1.41317547 -0.54636329
-0.86972230 -1.17649270 -0.32630353
-1.01152655 -0.86637317 0.11378292
-0.93905687 -0.73187899 0.17971186
-0.96662910 -0.47876884 0.35368681
-0.87538994 -0.25799773 0.36574076
-1.00229712 -0.12809246 0.45647521
-0.88009293 0.13106787 0.31387280
-1.01066535 0.31296880 0.46650447
-0.92392016 0.54940381 0.25470620
-0.90874131 0.75460448 0.06889225
-0.91002754 0.92296606 -0.03013121
-1.00827842 1.08689293 -0.14590659
-0.91235768 1.38444994 -0.46284401
-0.96716798 1.62471265 -0.81746912
-0.87868851 1.78924605 -1.31255802
-0.94736842 2.00000000 -1.55798660
-0.73684211 -2.00000000 -1.80556266
-0.66204826 -1.85921857 -1.40685721
-0.75533254 -1.64280967 -1.13399815
-0.74607726 -1.41154456 -0.77277199
-0.66672442 -1.22378565 -0.53850057
-0.74482335 -0.94890104 -0.24427903
-0.67481744 -0.79846406 -0.04363290
-0.74455074 -0.47347192 0.16412019
-0.69911373 -0.30771452 0.24176578
-0.73333219 -0.11966593 0.29971274
-0.77790333 0.18716193 0.21016598
-0.74382523 0.31392218 0.16767012
-0.79306846 0.60366645 0.19708532
-0.77116390 0.77129143 0.04751542
-0.72283528 1.02071524 -0.32054709
-0.73352332 1.12304828 -0.36945375
-0.71956853 1.37351984 -0.75976821
-0.79790144 1.59144080 -0.94262436
-0.71669614 1.74938350 -1.23599185
-0.73684211 2.00000000 -1.70704803
-0.52631579 -2.00000000 -1.93224799
-0.46421769 -1.81617189 -1.57352914
-0.54743535 -1.58891862 -1.07350715
-0.52107104 -1.36230634 -0.81408782
-0.60659340 -1.19472869 -0.42597088
-0.55612765 -0.92926438 -0.29429205
-0.55835855 -0.66105519 -0.09344632
-0.46062519 -0.52823014 0.00473342
-0.56085486 -0.24544301 0.13680381
-0.57342947 -0.18849727 0.12922212
-0.47590626 0.04593779 0.22712094
-0.52480029 0.39170638 0.05273025
-0.53714304 0.47177688 0.05628958
-0.47869905 0.74291743 -0.14788741
-0.55876036 0.91530051 -0.27877249
-0.58518945 1.15330278 -0.55121738
-0.56893557 1.37365797 -0.69644307
-0.56029058 1.54343435 -1.07023958
-0.46483023 1.84185636 -1.53349952
-0.52631579 2.00000000 -1.87297173
-0.31578947 -2.00000000 -1.95058344
-0.37480533 -1.87184560 -1.70882337
-0.24606339 -1.66066035 -1.31096970
-0.32740135 -1.41786645 -1.03204876
-0.30136443 -1.14809634 -0.51648924
-0.30555388 -0.97102819 -0.49713809
-0.26621342 -0.75138227 -0.24034044
-0.31945489 -0.53553236 -0.04490370
-0.35436892 -0.35494199 -0.10096268
-0.24072165 -0.14955579 0.01381296
-0.31539323 0.12369043 0.05713926
-0.25303081 0.31482814 -0.10179108
-0.28370003 0.49660870 -0.07194771
-0.36761605 0.73753373 -0.23865331
-0.27700026 0.87601436 -0.35164607
-0.23652953 1.12714029 -0.50773582
-0.23291821 1.38253545 -0.90242680
-0.38116333 1.53012432 -1.09881474
-0.28672211 1.70810923 -1.43850460
-0.31578947 2.00000000 -2.01806365
-0.10526316 -2.00000000 -2.02018133
-0.11204165 -1.73291989 -1.50603201
-0.15957335 -1.66233537 -1.34782860
-0.17082082 -1.38805760 -1.00346422
-0.10164069 -1.21062630 -0.66579721
-0.09692559 -0.97468351 -0.48182093
-0.07036269 -0.72157905 -0.29308362
-0.05731139 -0.48120269 -0.14370447
-0.05685961 -0.32001820 -0.01273956
-0.17595290 -0.10874191 0.03136067
-0.09135514 0.14263923 0.08279958
-0.03466663 0.35809808 -0.03786251
-0.05178215 0.59632620 -0.11793542
-0.06948213 0.71006839 -0.14579907
-0.14829192 1.02950204 -0.54173808
-0.14471263 1.19942062 -0.67637539
-0.18019501 1.29452573 -0.83040238
-0.02738351 1.52924599 -1.11805851
-0.16138409 1.81547609 -1.66495346
-0.10526316 2.00000000 -1.91565150
0.10526316 -2.00000000 -1.96423866
0.10767006 -1.71573918 -1.51143556
0.09199844 -1.60686745 -1.25717848
0.17503745 -1.29529560 -0.84542952
0.02933288 -1.10851226 -0.60888072
0.04532282 -0.92681723 -0.36305067
0.14831225 -0.67271233 -0.14589259
0.13934725 -0.44943175 -0.17805518
0.07731149 -0.28311527 -0.02266972
0.09235415 -0.05446779 -0.01417300
0.09470610 0.02479393 0.03054571
0.09836438 0.38343108 -0.08738706
0.13260542 0.51000507 -0.09740587
0.15527143 0.79337054 -0.37415193
0.02916067 1.01591818 -0.49523437
0.14922485 1.20051776 -0.75090144
0.06148246 1.33251285 -0.86473234
0.12624195 1.60614847 -1.28986381
0.09640093 1.73748707 -1.44272999
0.10526316 2.00000000 -1.91128302
0.31578947 -2.00000000 -1.98323539
0.30356708 -1.85053992 -1.49291115
0.26319910 -1.52204437 -1.10410072
0.26107452 -1.37498873 -0.89485478
0.37432757 -1.16291279 -0.62168987
0.23677065 -0.92714804 -0.47300435
0.26591063 -0.80111064 -0.31677851
0.35349855 -0.57994142 -0.11118518
0.37365276 -0.36362923 0.05134306
0.30001322 -0.08521919 -0.00779532
0.26555321 0.08825580 -0.02336315
0.35999679 0.36761416 -0.01483868
0.33239755 0.59886748 -0.15383276
0.36932864 0.71437828 -0.23610694
0.25144711 0.89924142 -0.36829325
0.34029080 1.18309960 -0.67210139
0.38771950 1.35305442 -0.78393715
0.25618097 1.61950164 -1.23222576
0.33702955 1.85529382 -1.77772097
0.31578947 2.00000000 -1.96754704
0.52631579 -2.00000000 -1.86969712
0.45795827 -1.77674136 -1.41271301
0.50500256 -1.62561398 -1.22513931
0.47026893 -1.34087501 -0.80214345
0.46751251 -1.09200663 -0.42958240
0.56115745 -0.91196589 -0.20039360
0.60796829 -0.76057585 -0.06931586
0.59613950 -0.46470662 0.00551979
0.54812290 -0.30063795 0.18114316
0.53609155 -0.13928903 0.12499819
0.53311211 0.11776223 0.11636292
0.51970941 0.38780007 0.08287195
0.48809596 0.59678055 0.01381639
0.47662300 0.69911958 -0.11872401
0.57809298 0.99952636 -0.33431407
0.59473140 1.08603252 -0.37130394
0.44463924 1.32917719 -0.66953550
0.58014049 1.49688856 -0.99903632
0.59847107 1.78655350 -1.41121177
0.52631579 2.00000000 -1.73452424
0.73684211 -2.00000000 -1.70835194
0.69324806 -1.75203187 -1.38875313
0.76745901 -1.58557481 -0.89865447
0.70503457 -1.41863891 -0.78001072
0.65785367 -1.18433178 -0.54845106
0.75519780 -0.88891077 -0.07814426
0.77817100 -0.66303509 0.06804551
0.68232163 -0.49295663 0.09116379
0.80624336 -0.30202690 0.25257203
0.75595482 -0.02298520 0.32662591
0.67994407 0.12974948 0.22400410
0.79139519 0.37604116 0.31832650
0.70426230 0.57027229 0.10386801
0.81169481 0.75128769 0.02317603
0.71582797 0.95234566 -0.14515965
0.69823359 1.12576612 -0.33496581
0.78787880 1.30209206 -0.64399089
0.66262782 1.60738340 -1.03434266
0.70739163 1.73162926 -1.26332752
0.73684211 2.00000000 -1.70451129
0.94736842 -2.00000000 -1.52784650
1.02734420 -1.79142070 -0.94142592
0.91825323 -1.57982706 -0.72537796
0.94025947 -1.36657278 -0.45434648
0.98962281 -1.09835020 -0.14299536
0.95140179 -1.00852381 -0.09664870
1.01678158 -0.78875607 0.19700947
0.97566117 -0.46398636 0.39366806
0.89861589 -0.25758838 0.35724047
0.92577227 -0.15182845 0.37419811
0.92516872 0.02282492 0.50567383
1.02217097 0.28346430 0.42760630
0.92594032 0.47455142 0.35398534
0.91070966 0.72516712 0.09179037
0.90540669 0.95146292 -0.03394169
0.96386255 1.23982713 -0.34785669
0.97960830 1.34592592 -0.42006166
0.86476123 1.59561905 -0.94700249
0.97084015 1.81307379 -1.26640872
0.94736842 2.00000000 -1.54212940
1.15789474 -2.00000000 -1.35706450
1.23053288 -1.84133397 -0.94078156
1.21916551 -1.55860703 -0.31277615
1.12670563 -1.37355606 -0.14188517
1.12963899 -1.18780220 0.01277369
1.14251726 -0.89365610 0.30400704
1.10466554 -0.69655855 0.45977223
1.19310751 -0.53581790 0.55139518
1.14470881 -0.33410093 0.62430493
1.22260761 -0.07892088 0.69037913
1.19187367 0.12496435 0.73132008
1.19934582 0.39530177 0.64540969
1.19024254 0.49852513 0.60326444
1.23577486 0.65405220 0.61641415
1.13438952 0.89640488 0.32523849
1.20456407 1.20502047 -0.01620026
1.19922085 1.38810575 -0.23817584
1.23421635 1.54695779 -0.35750774
1.17568151 1.83832648 -1.00400307
1.15789474 2.00000000 -1.27947001
1.36842105 -2.00000000 -1.01932832
1.35802790 -1.79074655 -0.67683423
1.33021845 -1.63092458 -0.51144584
1.36880424 -1.39010484 -0.01746398
1.40975233 -1.10273244 0.44552447
1.38637161 -1.02453123 0.41293887
1.28516463 -0.76619411 0.47546372
1.37341466 -0.59495660 0.77857197
1.40321023 -0.39473057 0.92412801
1.44703680 -0.14846084 1.02933360
1.44116002 0.09164066 1.00798984
1.30253271 0.25390336 0.78681780
1.29877911 0.59409397 0.62047740
1.34613037 0.68058410 0.69435695
1.32123159 0.91686986 0.38470590
1.29885993 1.10632415 0.14596284
1.33719529 1.29681252 0.06111420
1.38318414 1.53116599 -0.10901113
1.33059234 1.78252877 -0.56739974
1.36842105 2.00000000 -1.16235511
1.57894737 -2.00000000 -0.72647196
1.53371671 -1.77310338 -0.36864567
1.54430508 -1.60123795 -0.04135517
1.58116478 -1.30866374 0.45642695
1.57553086 -1.08501666 0.64151165
1.55274186 -0.89900990 0.78878073
1.60828414 -0.81598477 0.96087521
1.60207044 -0.45536393 1.20365112
1.61199385 -0.24871120 1.17048508
1.56379174 -0.11217824 1.18820609
1.58489826 0.03043780 1.19732622
1.55239902 0.30904273 1.15615887
1.49956147 0.51409461 1.00874925
1.56393737 0.76072655 0.91527279
1.53234665 0.95565212 0.76043141
1.52618251 1.08399124 0.56476816
1.64591742 1.41030433 0.43456958
1.55454095 1.61223475 -0.11132123
1.51299468 1.71463361 -0.30914745
1.57894737 2.00000000 -0.78617665
1.78947368 -2.00000000 -0.39984810
1.77825079 -1.73983255 0.11722637
1.86538410 -1.54801558 0.53517298
1.86679905 -1.39710778 0.75797275
1.72588233 -1.21766829 0.78749828
1.76322479 -0.89804277 1.20583122
1.85243891 -0.68439831 1.46131028
1.72002468 -0.54516861 1.35746024
1.76773422 -0.37942381 1.38389518
1.86342749 -0.04683454 1.74823810
1.73443150 0.15088271 1.42919062
1.73065732 0.39238151 1.46706076
1.82050761 0.50901899 1.43100317
1.85477760 0.79859966 1.40243002
1.72568454 0.95339030 0.97383247
1.86947217 1.09452867 1.15787343
1.82411907 1.42448008 0.62052025
1.72207977 1.55366477 0.41309816
1.74956795 1.82862337 -0.13519001
1.78947368 2.00000000 -0.45215427
2.00000000 -2.00000000 0.03015268
2.00000000 -1.78947368 0.34581858
2.00000000 -1.57894737 0.67764108
2.00000000 -1.36842105 1.08017604
2.00000000 -1.15789474 1.23045884
2.00000000 -0.94736842 1.55960338
2.00000000 -0.73684211 1.71958716
2.00000000 -0.52631579 1.92040780
2.00000000 -0.31578947 1.92796810
2.00000000 -0.10526316 2.03140753
2.00000000 0.10526316 1.98671741
2.00000000 0.31578947 1.94583572
2.00000000 0.52631579 1.84470800
2.00000000 0.73684211 1.72170039
2.00000000 0.94736842 1.55588536
2.00000000 1.15789474 1.33912583
2.00000000 1.36842105 0.96127832
2.00000000 1.57894737 0.79265191
2.00000000 1.78947368 0.38724274
2.00000000 2.00000000 -0.05922057
