-3.00000000 -3.00000000 0.00006671
-3.00000000 -2.68421053 0.00019080
-3.00000000 -2.36842105 0.00043201
-3.00000000 -2.05263158 0.00071818
-3.00000000 -1.73684211 0.00059250
-3.00000000 -1.42105263 -0.00112291
-3.00000000 -1.10526316 -0.00614435
-3.00000000 -0.78947368 -0.01527876
-3.00000000 -0.47368421 -0.02644327
-3.00000000 -0.15789474 -0.03481815
-3.00000000 0.15789474 -0.03618278
-3.00000000 0.47368421 -0.03021149
-3.00000000 0.78947368 -0.02029882
-3.00000000 1.10526316 -0.01073235
-3.00000000 1.42105263 -0.00416882
-3.00000000 1.73684211 -0.00093588
-3.00000000 2.05263158 0.00009350
-3.00000000 2.36842105 0.00019526
-3.00000000 2.68421053 0.00009902
-3.00000000 3.00000000 0.00003224
-2.68421053 -3.00000000 0.00031162
-2.77315873 -2.69552527 0.00057064
-2.61623524 -2.31683074 0.00308357
-2.62598150 -2.06932156 0.00463266
-2.60889592 -1.72858281 0.00595196
-2.78960520 -1.43211161 -0.00141109
-2.79770504 -0.99657592 -0.02059162
-2.57197983 -0.83080584 -0.07780731
-2.73205566 -0.40640319 -0.09373455
-2.75854863 -0.23861124 -0.09823810
-2.76238304 0.11948802 -0.10703146
-2.65249981 0.58999110 -0.12471929
-2.75680033 0.90396935 -0.04991987
-2.67030346 1.20596499 -0.03435633
-2.60437792 1.33580778 -0.02860253
-2.64692157 1.64247765 -0.00515726
-2.80830922 2.02640284 0.00057167
-2.61555321 2.38502873 0.00208139
-2.76136743 2.76985615 0.00031693
-2.68421053 3.00000000 0.00020313
-2.36842105 -3.00000000 0.00112101
-2.26455000 -2.75017533 0.00363911
-2.38142638 -2.33382895 0.00751443
-2.26742025 -2.14636295 0.01653375
-2.35487749 -1.61922779 0.01869400
-2.34103345 -1.36650245 0.00318891
-2.29939851 -1.10347756 -0.05436268
-2.42117401 -0.76678681 -0.15080014
-2.36134718 -0.51302882 -0.30947468
-2.27951278 -0.19228635 -0.57723686
-2.37254704 0.22353990 -0.46089228
-2.28964270 0.57170124 -0.46896209
-2.33038808 0.72735163 -0.33538504
-2.28121958 1.20800958 -0.12656942
-2.31451362 1.48806750 -0.03004307
-2.36501230 1.73520586 0.00297967
-2.34766463 1.96406479 0.01317314
-2.32424560 2.45912907 0.00815869
-2.45259079 2.74794168 0.00180603
-2.36842105 3.00000000 0.00103431
-2.05263158 -3.00000000 0.00297513
-2.00087337 -2.77935069 0.00675309
-2.16541497 -2.34448179 0.01461703
-2.12313464 -2.10036306 0.02804327
-2.02221323 -1.69897888 0.06933560
-1.99018770 -1.40392891 0.07323637
-2.09436791 -1.22763421 -0.00149209
-2.14952226 -0.86658347 -0.21837675
-2.04628469 -0.41843058 -0.83392318
-2.12564520 -0.18554711 -0.89334937
-1.94307718 0.13294458 -1.53431569
-1.99910938 0.50342753 -1.12170441
-2.01253323 0.78362740 -0.74750859
-2.04131311 1.15567892 -0.27157836
-2.13769939 1.49604929 -0.02954982
-1.95902788 1.62315006 0.05503294
-2.12841250 1.98957106 0.04345301
-2.15446509 2.27804447 0.02734672
-2.01712696 2.58957412 0.02258761
-2.05263158 3.00000000 0.00427359
-1.73684211 -3.00000000 0.00514921
-1.84558888 -2.57229269 0.01519192
-1.76143777 -2.35824702 0.02694622
-1.74333742 -2.09187654 0.05471765
-1.74833485 -1.81360692 0.11104041
-1.71682562 -1.48350468 0.20615543
-1.82587528 -1.17839343 0.07445978
-1.75875195 -0.68144203 -0.67466439
-1.71227191 -0.35299671 -1.60686006
-1.76174809 -0.21802354 -1.81032718
-1.68395655 0.08019522 -2.40026792
-1.61181235 0.44620684 -2.34626634
-1.79422614 0.73205620 -1.27543601
-1.78592724 1.21489087 -0.28746615
-1.61328909 1.43571706 0.18458665
-1.80412415 1.61377147 0.14312711
-1.84227602 2.00191816 0.15742640
-1.70100122 2.40014172 0.13029810
-1.64814478 2.76480461 0.04972813
-1.73684211 3.00000000 0.01436494
-1.42105263 -3.00000000 0.00248682
-1.45805204 -2.64057665 -0.00035671
-1.43502752 -2.31113360 -0.01376721
-1.50031067 -1.93301151 0.06613286
-1.54083552 -1.70731126 0.17863207
-1.45808847 -1.34555513 0.46624341
-1.51050767 -1.00713141 0.28941976
-1.54576016 -0.73042866 -0.41923038
-1.36997644 -0.47183975 -1.12445036
-1.50276635 -0.18747814 -2.35667986
-1.43444443 0.08574265 -2.95453729
-1.50615615 0.55964905 -2.33258075
-1.40860167 0.73193575 -1.89916721
-1.38956829 1.13863927 -0.24752553
-1.51241240 1.44229019 0.36403792
-1.39986847 1.63920214 0.88206889
-1.47105904 2.14380427 0.48888597
-1.40121071 2.29890688 0.43778529
-1.44778091 2.67376606 0.12912209
-1.42105263 3.00000000 0.03934803
-1.10526316 -3.00000000 -0.01706205
-1.05298160 -2.59365244 -0.13904472
-1.20882806 -2.48222314 -0.09184026
-1.11994009 -2.17313002 -0.29114346
-1.19204163 -1.83569289 -0.13199750
-1.20855972 -1.38959446 0.61517899
-1.20681309 -1.08852932 1.11119931
-0.98824531 -0.87972759 2.00000809
-1.04025190 -0.45254674 0.27861237
-1.18805279 -0.04496858 -2.41631456
-1.04584358 0.12762597 -2.22822671
-1.00776215 0.37430997 -2.19176650
-1.02148923 0.87543997 -0.59522960
-1.20165830 1.20953288 0.54963831
-1.03396401 1.52513607 2.44069447
-1.16010635 1.79668764 1.78308860
-1.03505113 2.01454930 1.90504086
-1.22198595 2.24646883 0.80177175
-1.10360394 2.69626205 0.29096812
-1.10526316 3.00000000 0.08794223
-0.78947368 -3.00000000 -0.06671247
-0.88361002 -2.65133883 -0.21469912
-0.90190801 -2.37392383 -0.47429881
-0.78680696 -2.12705290 -1.11648655
-0.90306166 -1.63566910 -0.55083770
-0.70099956 -1.39893004 -0.32137676
-0.90761977 -1.09890388 1.80035033
-0.67324985 -0.72243717 3.37941117
-0.74214955 -0.58926352 2.86389050
-0.76980755 -0.22500214 0.95740858
-0.66734274 0.03512641 0.48425267
-0.85907324 0.56906779 -1.20567493
-0.88483992 0.73928151 -0.73450014
-0.83807243 1.20106795 2.39608807
-0.74021469 1.52998410 4.50049749
-0.86679231 1.63348442 3.63162549
-0.82882152 2.11943782 2.38333717
-0.75957539 2.47764935 1.12725773
-0.73603799 2.57925404 0.85481028
-0.78947368 3.00000000 0.16053557
-0.47368421 -3.00000000 -0.14430865
-0.52010091 -2.75858817 -0.36426387
-0.53199591 -2.32661623 -1.37969400
-0.48782772 -1.98822173 -2.73748881
-0.59520039 -1.63422916 -2.14180087
-0.55846355 -1.36013797 -0.78810785
-0.38723517 -1.22019281 -0.53292425
-0.46305014 -0.67022228 3.75798672
-0.59736386 -0.47439366 3.18000761
-0.49243837 -0.18764013 2.30116718
-0.55040033 0.07765845 0.98088503
-0.53243589 0.40277200 0.29707223
-0.52541542 0.89034607 1.81238774
-0.36096762 1.04496964 3.74451232
-0.59229074 1.36234272 5.04236971
-0.38417174 1.65551746 6.92363169
-0.43302039 1.95042308 5.20948363
-0.51073284 2.28545742 2.58635388
-0.44445442 2.65164139 0.95077963
-0.47368421 3.00000000 0.23957101
-0.15789474 -3.00000000 -0.22063430
-0.08915409 -2.67964547 -0.83326909
-0.18205177 -2.48854185 -1.44464102
-0.07289008 -2.16834093 -3.45198394
-0.15816773 -1.61437767 -5.19543537
-0.08494602 -1.45732059 -4.95710660
-0.04999186 -1.16595419 -2.31962016
-0.13742636 -0.77056490 2.18848818
-0.10242763 -0.52675701 2.61264974
-0.18358421 -0.20193973 2.26515933
-0.05277744 0.21762410 0.72685219
-0.19808450 0.54241952 0.81755626
-0.12834064 0.72593583 1.40655653
-0.15812128 1.00425174 3.74303746
-0.23033913 1.31487203 6.65950708
-0.26314030 1.76583371 7.09494689
-0.07508138 2.13664426 4.60862385
-0.22839357 2.48082325 1.89469038
-0.19931973 2.73224784 0.83811161
-0.15789474 3.00000000 0.29251535
0.15789474 -3.00000000 -0.25454020
0.18187465 -2.69019411 -0.86927518
0.20545478 -2.27030260 -2.97963211
0.20708426 -2.05034261 -4.59157754
0.24862254 -1.67507349 -6.50896231
0.12637037 -1.30080946 -4.75027569
0.13364873 -1.22084299 -3.96937531
0.27428054 -0.67835444 0.23870101
0.16676757 -0.41083290 1.02738450
0.20710062 -0.25864999 0.66837000
0.23211635 0.19000809 0.02854955
0.27471836 0.46844778 0.02991166
0.10212430 0.85717734 2.13317471
0.17118791 1.19878606 5.64135617
0.04311238 1.46735258 7.86780911
0.26074677 1.65710267 7.46924278
0.05516349 2.05027795 5.39364358
0.19640155 2.40139444 2.40384784
0.16534048 2.64375487 1.15780105
0.15789474 3.00000000 0.29245807
0.47368421 -3.00000000 -0.22744470
0.52654002 -2.56166818 -1.13628674
0.47526919 -2.39465884 -1.93655863
0.59138375 -2.13359217 -3.18201969
0.48941796 -1.65160120 -5.91159974
0.54659876 -1.35884419 -4.96180553
0.51924433 -1.11784635 -3.22877667
0.59062592 -0.91459395 -1.34666395
0.45448943 -0.48607559 0.37074507
0.52839824 -0.21125034 0.53978140
0.39782448 0.14481557 0.06589048
0.50785877 0.48087936 0.37343891
0.56776473 0.78263789 1.42711697
0.39965469 1.14093213 4.44261939
0.44592796 1.30181289 5.62372725
0.44884337 1.63912943 6.58599610
0.50866591 2.15388323 3.46097190
0.53211524 2.48324069 1.49361858
0.38406735 2.76843458 0.65842776
0.47368421 3.00000000 0.23961976
0.78947368 -3.00000000 -0.15927022
0.85562055 -2.74942072 -0.39127368
0.78284171 -2.45051501 -1.16718890
0.74160098 -2.04650167 -3.08162962
0.76149443 -1.76467538 -4.13204032
0.84247235 -1.37658796 -3.30662756
0.69309858 -1.08753241 -2.34757809
0.85916652 -0.90690522 -0.29377123
0.85147696 -0.59407466 1.28902689
0.77142171 -0.18747529 1.65233745
0.66905441 0.05105891 1.10524078
0.83217199 0.41523629 1.77372187
0.79427015 0.70482053 1.66689993
0.81851210 1.21447307 3.54122166
0.85289156 1.38759163 3.93952355
0.90441871 1.69924138 3.62067031
0.73384487 2.03309319 3.27209382
0.91123056 2.34006056 1.29093828
0.73696972 2.69499269 0.57996373
0.78947368 3.00000000 0.16101491
1.10526316 -3.00000000 -0.08780351
1.13948349 -2.61927163 -0.34803420
1.15785282 -2.32506615 -0.77945176
1.08312430 -2.06812985 -1.57771054
1.22612908 -1.73824917 -1.52673521
1.17073014 -1.45640463 -1.56018603
0.98258900 -1.13250654 -1.17453895
1.11075700 -0.81483449 1.19123830
1.03240551 -0.55870519 2.11312620
0.99221333 -0.10614113 2.86943523
1.11220788 0.23719270 3.16532105
1.19651907 0.53708564 2.71920553
1.17912959 0.89061617 2.21155105
1.20917195 1.18562607 2.19808462
1.20464914 1.38293351 2.27189404
1.22990081 1.83550600 1.70240399
1.18380226 2.14032476 1.16899490
1.16712244 2.38706263 0.67705373
1.10980500 2.79244885 0.20483608
1.10526316 3.00000000 0.08880346
1.42105263 -3.00000000 -0.03808932
1.36754509 -2.64785255 -0.17356504
1.52999512 -2.42728689 -0.20470868
1.33488949 -2.10018417 -0.77524400
1.40646872 -1.73494835 -0.86132092
1.35409794 -1.48584807 -0.83667515
1.33231494 -1.11259677 0.24847226
1.33109869 -0.82646015 1.51913532
1.33880431 -0.44028443 2.94325049
1.45121123 -0.22574365 3.23895895
1.54637256 0.10374670 3.09150015
1.52315489 0.42340522 2.67386450
1.43646764 0.81208801 1.99241667
1.44072156 1.06474649 1.64462926
1.49406576 1.45188034 1.23674373
1.43627951 1.73231397 1.15529809
1.36664798 2.02951404 0.92218813
1.47993420 2.42110300 0.27432125
1.54530005 2.74141669 0.07912234
1.42105263 3.00000000 0.04022916
1.73684211 -3.00000000 -0.01292794
1.86032543 -2.72733813 -0.02322717
1.68081177 -2.24362136 -0.18500170
1.71821166 -2.03254944 -0.22349879
1.82942731 -1.83097201 -0.14616083
1.64122948 -1.42937390 -0.09495462
1.66161647 -1.21529785 0.31083620
1.79013214 -0.77675005 1.20321630
1.72544272 -0.43886530 2.06492250
1.68797661 -0.18400917 2.54434092
1.69541787 0.19407861 2.48449435
1.72641502 0.49332334 1.93066258
1.74916187 0.80666850 1.31049608
1.62271904 1.17559597 1.11792417
1.83943703 1.31299914 0.59081286
1.79772673 1.75468105 0.40123775
1.79727903 1.93115907 0.30674455
1.62010063 2.37968170 0.20189688
1.75042340 2.58509361 0.07045439
1.73684211 3.00000000 0.01497994
2.05263158 -3.00000000 -0.00338621
2.12199479 -2.78511722 -0.00578022
2.15116222 -2.29399366 -0.02008460
2.10880195 -1.96322441 -0.03307275
2.00036199 -1.70883310 -0.03549584
1.93270942 -1.35812525 0.13824433
1.97270583 -1.21818709 0.26812908
2.11801883 -0.89967632 0.46746416
2.08858734 -0.35827777 1.00422174
2.06276830 -0.14584863 1.18533535
2.11802064 0.21897595 0.98437998
2.05258497 0.36117863 1.07852468
2.17427344 0.84677501 0.44527073
2.04709051 1.14731299 0.41272496
1.99015444 1.35397252 0.36678166
1.93688083 1.71098150 0.27083602
2.06915537 1.95267003 0.11244818
1.97358524 2.34047010 0.06589508
1.92719159 2.76192980 0.01986461
2.05263158 3.00000000 0.00458800
2.36842105 -3.00000000 -0.00066371
2.28345450 -2.58214862 -0.00494793
2.38602404 -2.41592583 -0.00418878
2.26084052 -2.02001011 -0.01279367
2.25770187 -1.77866369 -0.00161125
2.49339649 -1.33851020 0.04751066
2.42113526 -1.08417100 0.12438447
2.39822279 -0.72802464 0.26252953
2.46291710 -0.57451612 0.25239236
2.46771863 -0.03838340 0.33469611
2.38922953 0.11547863 0.43641526
2.25604522 0.43455427 0.56707664
2.25189859 0.83404854 0.35699623
2.39223689 1.16327876 0.12983645
2.46117309 1.37465504 0.06840540
2.43116537 1.79693753 0.03501819
2.38307475 1.94281776 0.03194403
2.46000762 2.38108117 0.00738380
2.35963523 2.77269021 0.00309008
2.36842105 3.00000000 0.00115646
2.68421053 -3.00000000 -0.00008975
2.58782395 -2.80117092 -0.00038745
2.72573869 -2.31424555 -0.00036507
2.69165136 -2.03800888 0.00027018
2.75244540 -1.65520185 0.00568301
2.72139791 -1.36259081 0.01888894
2.68644591 -1.18928330 0.03543040
2.75947625 -0.90303555 0.04786831
2.60097914 -0.45585343 0.16639879
2.65092320 -0.06035455 0.16299671
2.63411316 0.15577333 0.17003453
2.60611072 0.55974779 0.14223277
2.64926539 0.84393403 0.08143966
2.74336438 1.09265822 0.03542392
2.58754331 1.53769695 0.02954356
2.56785691 1.81864717 0.01819885
2.59828124 2.03497529 0.00965938
2.67018073 2.34956491 0.00288943
2.70656804 2.72844573 0.00065647
2.68421053 3.00000000 0.00024002
3.00000000 -3.00000000 -0.00000586
3.00000000 -2.68421053 -0.00001672
3.00000000 -2.36842105 0.00001010
3.00000000 -2.05263158 0.00030570
3.00000000 -1.73684211 0.00150070
3.00000000 -1.42105263 0.00461563
3.00000000 -1.10526316 0.01046782
3.00000000 -0.78947368 0.01868290
3.00000000 -0.47368421 0.02713109
3.00000000 -0.15789474 0.03250654
3.00000000 0.15789474 0.03216556
3.00000000 0.47368421 0.02622431
3.00000000 0.78947368 0.01773228
3.00000000 1.10526316 0.01022079
3.00000000 1.42105263 0.00527806
3.00000000 1.73684211 0.00255126
3.00000000 2.05263158 0.00114765
3.00000000 2.36842105 0.00045627
3.00000000 2.68421053 0.00015195
3.00000000 3.00000000 0.00004103
