-2.00000000 -2.00000000 0.00000000
-2.00000000 -1.78947368 0.39889197
-2.00000000 -1.57894737 0.75346260
-2.00000000 -1.36842105 1.06371191
-2.00000000 -1.15789474 1.32963989
-2.00000000 -0.94736842 1.55124654
-2.00000000 -0.73684211 1.72853186
-2.00000000 -0.52631579 1.86149584
-2.00000000 -0.31578947 1.95013850
-2.00000000 -0.10526316 1.99445983
-2.00000000 0.10526316 1.99445983
-2.00000000 0.31578947 1.95013850
-2.00000000 0.52631579 1.86149584
-2.00000000 0.73684211 1.72853186
-2.00000000 0.94736842 1.55124654
-2.00000000 1.15789474 1.32963989
-2.00000000 1.36842105 1.06371191
-2.00000000 1.57894737 0.75346260
-2.00000000 1.78947368 0.39889197
-2.00000000 2.00000000 0.00000000
-1.71428571 -2.00000000 -0.53061224
-1.79470867 -1.79699281 -0.00410197
-1.65282553 -1.54466344 0.17292355
-1.66163765 -1.37951224 0.42899283
-1.64618964 -1.15240609 0.69095027
-1.80957883 -0.95471758 1.18154494
-1.81690233 -0.66461486 1.42971058
-1.61281178 -0.55378275 1.14724325
-1.75754512 -0.27107840 1.50774068
-1.78149887 -0.15890267 1.57424408
-1.78496577 0.07974028 1.58987215
-1.68561431 0.39308030 1.34339174
-1.77991814 0.60240298 1.40260961
-1.70171157 0.80376271 1.12489389
-1.64210467 0.89071963 0.95156315
-1.68057072 1.09518558 0.81244324
-1.82649016 1.35099095 0.75544487
-1.65220887 1.58998387 0.10087273
-1.78404750 1.84638881 -0.11316307
-1.71428571 2.00000000 -0.53061224
-1.42857143 -2.00000000 -0.97959184
-1.33465591 -1.83331008 -0.78985972
-1.44033025 -1.55595946 -0.17322930
-1.33725106 -1.43070950 -0.12934464
-1.41632595 -1.07973507 0.42007569
-1.40380879 -0.91111753 0.57027199
-1.36616436 -0.73565550 0.66260803
-1.47626827 -0.51123941 0.95900114
-1.42217555 -0.34193562 0.95283166
-1.34818458 -0.12811783 0.90059374
-1.43230196 0.14888713 1.01466076
-1.35734360 0.38092591 0.84863854
-1.39418373 0.48503307 0.85424560
-1.34972779 0.80512143 0.58677230
-1.37983076 0.99190262 0.46003106
-1.42548939 1.15680738 0.34690834
-1.40980441 1.30956469 0.13629439
-1.38862998 1.63922666 -0.37938542
-1.50467391 1.83182572 -0.54577095
-1.42857143 2.00000000 -0.97959184
-1.14285714 -2.00000000 -1.34693878
-1.09605971 -1.85269833 -1.11557211
-1.24483079 -1.56303872 -0.44674317
-1.20660283 -1.40014063 -0.25225170
-1.11535425 -1.13273303 -0.01953451
-1.08639821 -0.93598899 0.15209284
-1.18059325 -0.81816282 0.36220501
-1.23046132 -0.57755849 0.59023063
-1.13711858 -0.27907111 0.60757899
-1.20887276 -0.12363933 0.72304334
-1.04380300 0.08868273 0.54083004
-1.09446478 0.33555516 0.54262795
-1.10660203 0.52243069 0.47581711
-1.13262349 0.77034550 0.34470189
-1.21977162 0.99720685 0.24671065
-1.05822490 1.08234159 -0.02581169
-1.21137483 1.32651468 -0.14610611
-1.23493041 1.51888832 -0.39098432
-1.11075547 1.72658381 -0.87365697
-1.14285714 2.00000000 -1.34693878
-0.85714286 -2.00000000 -1.63265306
-0.95546678 -1.71509957 -1.01432488
-0.87938115 -1.57218630 -0.84922928
-0.86301563 -1.39450098 -0.59991851
-0.86753408 -1.20890819 -0.35442182
-0.83904485 -0.98887043 -0.13693423
-0.93764264 -0.78544025 0.13112867
-0.87695275 -0.45452421 0.28122694
-0.83492760 -0.23558755 0.32080130
-0.87966173 -0.14522128 0.37635777
-0.80932613 0.05362856 0.32606638
-0.74409659 0.29752960 0.23257794
-0.90902691 0.48815945 0.29401513
-0.90152342 0.80969433 0.07856978
-0.74543179 0.95711355 -0.18019889
-0.91797624 1.07610912 -0.15766523
-0.95247145 1.33471985 -0.43713761
-0.82473714 1.60002709 -0.93994767
-0.77694674 1.84303184 -1.39656007
-0.85714286 2.00000000 -1.63265306
-0.57142857 -2.00000000 -1.83673469
-0.60488176 -1.76047714 -1.36669890
-0.58406404 -1.54087744 -1.01658624
-0.64309011 -1.28892848 -0.62388587
-0.67973085 -1.13827025 -0.41681256
-0.60491470 -0.89719715 -0.21952046
-0.65230978 -0.67162943 -0.01278902
-0.68418349 -0.48707789 0.11543109
-0.52524779 -0.31456375 0.08846744
-0.64531043 -0.12492257 0.20040995
-0.58353683 0.05731506 0.16861511
-0.64837534 0.37291673 0.14066185
-0.56017098 0.48807941 0.03778501
-0.54296185 0.75902194 -0.14065337
-0.65403195 0.96148167 -0.24834460
-0.55227481 1.09300887 -0.44483047
-0.61664211 1.42900914 -0.83090982
-0.55348840 1.53275228 -1.02149006
-0.59559507 1.78253290 -1.41134502
-0.57142857 2.00000000 -1.83673469
-0.28571429 -2.00000000 -1.95918367
-0.23844366 -1.72929402 -1.46680122
-0.37935300 -1.65457365 -1.29685263
-0.29898451 -1.44849734 -1.00437641
-0.36417547 -1.22358524 -0.68226854
-0.37911038 -0.92646314 -0.35730464
-0.37753115 -0.72572177 -0.19207116
-0.17991203 -0.58629331 -0.15568575
-0.22693404 -0.30174273 -0.01977481
-0.36056893 -0.03021898 0.06454838
-0.23198978 0.08514829 0.02328451
-0.19755827 0.24975111 -0.01167317
-0.20996968 0.58344401 -0.14815982
-0.37287043 0.80613373 -0.25540961
-0.22124881 1.01653625 -0.49219745
-0.33530102 1.19766461 -0.66098687
-0.22223174 1.34311377 -0.87728383
-0.39124977 1.49790498 -1.04532148
-0.28421410 1.79748243 -1.57508271
-0.28571429 2.00000000 -1.95918367
0.00000000 -2.00000000 -2.00000000
-0.08511383 -1.76762906 -1.55863406
-0.10165804 -1.58260420 -1.24715084
0.00241113 -1.41787715 -1.00518490
-0.10270113 -1.09066101 -0.58949696
0.07999431 -0.93266703 -0.43173435
-0.10682236 -0.73261610 -0.26265767
0.10508434 -0.48176721 -0.11052846
0.04278835 -0.39259679 -0.07615070
0.01778123 -0.14985885 -0.01107075
0.11042529 0.02367843 0.00581654
-0.06292877 0.37917588 -0.06990716
-0.08622585 0.49296098 -0.11778781
-0.04394080 0.80050842 -0.31944147
0.04453776 1.01975797 -0.51896135
-0.06990802 1.08920920 -0.59074478
-0.03557654 1.41281661 -0.99739255
0.02703269 1.65153417 -1.36341717
0.04831414 1.71972568 -1.47756108
0.00000000 2.00000000 -2.00000000
0.28571429 -2.00000000 -1.95918367
0.24374640 -1.83890076 -1.66107184
0.23299148 -1.55116630 -1.17591594
0.27292636 -1.32561800 -0.84138714
0.17584484 -1.08970412 -0.57826683
0.20906063 -0.90688806 -0.38936980
0.36387761 -0.81321770 -0.26445806
0.29532913 -0.44706821 -0.05632534
0.17388872 -0.31626093 -0.03489185
0.26875762 -0.12503023 0.02829905
0.21635103 0.05194277 0.02205486
0.23259367 0.26866532 -0.00904062
0.23894126 0.59334974 -0.14748549
0.38762755 0.69677453 -0.16761981
0.17847561 0.90835321 -0.39662601
0.36664742 1.10385109 -0.54202844
0.32248068 1.30049920 -0.79365220
0.25221659 1.52381454 -1.12919877
0.31214254 1.76783012 -1.51389518
0.28571429 2.00000000 -1.95918367
0.57142857 -2.00000000 -1.83673469
0.63358077 -1.78644001 -1.39497166
0.54958688 -1.65877270 -1.22474057
0.64828595 -1.44531479 -0.83433008
0.57118175 -1.07651196 -0.41631471
0.63738551 -0.97147000 -0.26874684
0.66898948 -0.77717385 -0.07822613
0.58993515 -0.51375011 0.04204216
0.62157942 -0.35105858 0.13155942
0.54820131 -0.13453291 0.14121279
0.66647089 0.14495584 0.21158563
0.53509080 0.36146698 0.07783189
0.59815006 0.48409221 0.06171911
0.57122374 0.66971577 -0.06111132
0.50592762 0.87680694 -0.25641383
0.47627028 1.17716088 -0.57943718
0.64630467 1.42425102 -0.80539061
0.50768671 1.65364336 -1.23839529
0.53397396 1.82139650 -1.51617850
0.57142857 2.00000000 -1.83673469
0.85714286 -2.00000000 -1.63265306
0.87882441 -1.79345003 -1.22206533
0.90014450 -1.51374353 -0.74057967
0.90161781 -1.36689994 -0.52775038
0.93917485 -1.11684689 -0.18264879
0.82863995 -0.86746177 -0.03292288
0.83522071 -0.81364977 0.01778385
0.96237365 -0.45247237 0.36071590
0.86516527 -0.27402213 0.33671141
0.90163259 -0.17221927 0.39164093
0.92425069 0.12660383 0.41910540
0.96276950 0.31230964 0.41469390
0.80671774 0.57130772 0.16220050
0.86916195 0.79899201 0.05852713
0.75336183 0.97813669 -0.19459867
0.95013702 1.10490453 -0.15902683
0.76425790 1.36685697 -0.64210392
0.89195898 1.60085957 -0.88358027
0.86387496 1.76258920 -1.18022036
0.85714286 2.00000000 -1.63265306
1.14285714 -2.00000000 -1.34693878
1.19064698 -1.70803914 -0.74987873
1.14429021 -1.59638348 -0.61952006
1.24927576 -1.42222277 -0.23101385
1.15708289 -1.10124857 0.06304620
1.20878319 -0.90602829 0.32013476
1.18405055 -0.74520417 0.42332322
1.24859056 -0.60946347 0.59376633
1.12550209 -0.32402407 0.58088168
1.19232710 -0.14072020 0.70092087
1.07426820 0.09657150 0.57236305
1.17375624 0.32057096 0.63746898
1.22792051 0.52177312 0.61777079
1.07592299 0.76054564 0.28959031
1.11776119 0.86812859 0.24787142
1.12039718 1.09296055 0.03036354
1.17448601 1.43570704 -0.34091865
1.19568784 1.65524985 -0.65509133
1.06182962 1.84544411 -1.13909091
1.14285714 2.00000000 -1.34693878
1.42857143 -2.00000000 -0.97959184
1.48837844 -1.83280860 -0.57195849
1.42257510 -1.63350226 -0.32230486
1.38528709 -1.36434747 0.02878815
1.40327385 -1.17639112 0.29264072
1.47649043 -0.91781977 0.66881543
1.34143341 -0.72505928 0.63686631
1.49158454 -0.60435399 0.92979036
1.48463199 -0.39579400 1.02373963
1.41224965 -0.12492068 0.98942194
1.31969375 0.03426625 0.87020871
1.46717731 0.27694837 1.03795443
1.43290818 0.47006021 0.91613462
1.45482666 0.80941669 0.73068261
1.48591101 0.92513218 0.67603099
1.53249954 1.13290747 0.53253775
1.37827436 1.35543697 0.03121542
1.53865850 1.56010063 -0.03322199
1.38109971 1.79663888 -0.66023743
1.42857143 2.00000000 -0.97959184
1.71428571 -2.00000000 -0.53061224
1.74522619 -1.74631905 -0.00190788
1.76183492 -1.55013621 0.35057000
1.69426876 -1.37872031 0.48483846
1.82356723 -1.15882979 0.99125547
1.77347800 -0.97086131 1.10132627
1.60336928 -0.75494648 1.00042442
1.71925300 -0.54316911 1.33039909
1.64841112 -0.37228949 1.28932987
1.61207116 -0.07087071 1.29687539
1.72056482 0.15795999 1.46769597
1.79679520 0.35792239 1.55018227
1.78107241 0.59352923 1.40997099
1.80823535 0.79024664 1.32261267
1.80414604 0.92203666 1.20239566
1.82697746 1.22346105 0.92049484
1.78529723 1.42669686 0.57591113
1.77021609 1.59133548 0.30065819
1.71839224 1.86140261 -0.25597388
1.71428571 2.00000000 -0.53061224
2.00000000 -2.00000000 0.00000000
2.00000000 -1.78947368 0.39889197
2.00000000 -1.57894737 0.75346260
2.00000000 -1.36842105 1.06371191
2.00000000 -1.15789474 1.32963989
2.00000000 -0.94736842 1.55124654
2.00000000 -0.73684211 1.72853186
2.00000000 -0.52631579 1.86149584
2.00000000 -0.31578947 1.95013850
2.00000000 -0.10526316 1.99445983
2.00000000 0.10526316 1.99445983
2.00000000 0.31578947 1.95013850
2.00000000 0.52631579 1.86149584
2.00000000 0.73684211 1.72853186
2.00000000 0.94736842 1.55124654
2.00000000 1.15789474 1.32963989
2.00000000 1.36842105 1.06371191
2.00000000 1.57894737 0.75346260
2.00000000 1.78947368 0.39889197
2.00000000 2.00000000 0.00000000
