-2.00000000 -2.00000000 0.00000000
-2.00000000 -1.89743590 0.19986851
-2.00000000 -1.79487179 0.38921762
-2.00000000 -1.69230769 0.56804734
-2.00000000 -1.58974359 0.73635766
-2.00000000 -1.48717949 0.89414859
-2.00000000 -1.38461538 1.04142012
-2.00000000 -1.28205128 1.17817226
-2.00000000 -1.17948718 1.30440500
-2.00000000 -1.07692308 1.42011834
-2.00000000 -0.97435897 1.52531229
-2.00000000 -0.87179487 1.61998685
-2.00000000 -0.76923077 1.70414201
-2.00000000 -0.66666667 1.77777778
-2.00000000 -0.56410256 1.84089415
-2.00000000 -0.46153846 1.89349112
-2.00000000 -0.35897436 1.93556870
-2.00000000 -0.25641026 1.96712689
-2.00000000 -0.15384615 1.98816568
-2.00000000 -0.05128205 1.99868508
-2.00000000 0.05128205 1.99868508
-2.00000000 0.15384615 1.98816568
-2.00000000 0.25641026 1.96712689
-2.00000000 0.35897436 1.93556870
-2.00000000 0.46153846 1.89349112
-2.00000000 0.56410256 1.84089415
-2.00000000 0.66666667 1.77777778
-2.00000000 0.76923077 1.70414201
-2.00000000 0.87179487 1.61998685
-2.00000000 0.97435897 1.52531229
-2.00000000 1.07692308 1.42011834
-2.00000000 1.17948718 1.30440500
-2.00000000 1.28205128 1.17817226
-2.00000000 1.38461538 1.04142012
-2.00000000 1.48717949 0.89414859
-2.00000000 1.58974359 0.73635766
-2.00000000 1.69230769 0.56804734
-2.00000000 1.79487179 0.38921762
-2.00000000 1.89743590 0.19986851
-2.00000000 2.00000000 0.00000000
-1.89743590 -2.00000000 -0.19986851
-1.92594226 -1.90106208 0.04760828
-1.87565099 -1.77833799 0.17779032
-1.87877450 -1.69765654 0.32387795
-1.87329887 -1.58709663 0.49518647
-1.93121307 -1.49072370 0.75366339
-1.93380893 -1.34978300 0.95885140
-1.86146790 -1.29529752 0.89363353
-1.91276943 -1.15792478 1.15894856
-1.92125997 -1.10279132 1.23754559
-1.92248884 -0.98666766 1.36122512
-1.88727316 -0.83452052 1.43268774
-1.92069967 -0.73253689 1.57623847
-1.89297892 -0.63439347 1.59045706
-1.87185093 -0.59142206 1.57702292
-1.88548543 -0.49178064 1.65660355
-1.93720738 -0.36738022 1.80890211
-1.87543242 -0.25108778 1.72710083
-1.92216335 -0.12639821 1.83936772
-1.86414702 -0.07242263 1.73489954
-1.90160388 0.06236822 1.80610376
-1.86506689 0.12380687 1.73157317
-1.89309542 0.29410361 1.74865667
-1.88865864 0.37645675 1.71265589
-1.87531537 0.46211071 1.65163071
-1.91434231 0.57137331 1.66911950
-1.89516884 0.65405740 1.58193693
-1.86894233 0.75820885 1.45903239
-1.89875820 0.89283301 1.40406596
-1.87218880 1.00577174 1.24675705
-1.88524699 1.05701403 1.21843877
-1.86948933 1.21241563 1.01251935
-1.88015950 1.30352839 0.91790674
-1.89634345 1.38409100 0.84020530
-1.89078382 1.45879536 0.72348978
-1.88327843 1.61881394 0.46308953
-1.92441084 1.71273242 0.38495237
-1.88084829 1.76438102 0.21227495
-1.93358102 1.90510802 0.05464951
-1.89743590 2.00000000 -0.19986851
-1.79487179 -2.00000000 -0.38921762
-1.81746681 -1.91273301 -0.17768099
-1.78512324 -1.78273729 0.00425638
-1.77485961 -1.68681983 0.15238274
-1.80824757 -1.62896140 0.30812202
-1.82592358 -1.51189184 0.52409000
-1.79283773 -1.36690755 0.67291543
-1.81827140 -1.29091339 0.81982675
-1.75976150 -1.18748327 0.84332201
-1.77771885 -1.06739086 1.01048054
-1.78202097 -0.97623261 1.11128431
-1.79124442 -0.85563749 1.23822053
-1.82213456 -0.74519564 1.38242890
-1.76487343 -0.70310300 1.31021219
-1.81915827 -0.58431237 1.48395793
-1.82750767 -0.49050259 1.54959575
-1.78349318 -0.38930369 1.51464528
-1.82972326 -0.22054252 1.64962409
-1.80275428 -0.15058555 1.61362349
-1.79695343 -0.06385938 1.61248181
-1.79855502 0.02668026 1.61704416
-1.78845686 0.13383135 1.59033355
-1.82340539 0.23297327 1.63526533
-1.80189352 0.39359664 1.54595098
-1.78699747 0.50021672 1.47157160
-1.80285373 0.54483232 1.47671966
-1.77792289 0.64176532 1.37457354
-1.75480192 0.76042475 1.25054199
-1.81326238 0.85339356 1.27981995
-1.81060273 1.00949276 1.12960331
-1.75527519 1.08162277 0.95554158
-1.81643453 1.14004517 0.99986570
-1.82866154 1.26579851 0.87087859
-1.78338541 1.39478131 0.61752431
-1.76644584 1.51300850 0.41556809
-1.80672946 1.60372749 0.34616474
-1.79935051 1.71066733 0.15563976
-1.82027263 1.83320796 -0.02362949
-1.83326014 1.90690002 -0.13771248
-1.79487179 2.00000000 -0.38921762
-1.69230769 -2.00000000 -0.56804734
-1.70417704 -1.87324025 -0.30240483
-1.72097649 -1.76342227 -0.07394901
-1.73227430 -1.67338478 0.10027881
-1.67593866 -1.58915247 0.14168240
-1.71849553 -1.49666046 0.35661718
-1.69659953 -1.40773888 0.44836061
-1.71958190 -1.25450104 0.69159453
-1.68831738 -1.19792709 0.70769312
-1.68221750 -1.06622661 0.84650828
-1.72158692 -0.96755270 1.01385164
-1.68551853 -0.90308679 1.01270349
-1.70833388 -0.74001150 1.18539382
-1.68594870 -0.68894476 1.18388907
-1.70087364 -0.56744983 1.28548592
-1.67555236 -0.43251616 1.31020274
-1.72549845 -0.39544596 1.41048370
-1.69701140 -0.29502793 1.39640310
-1.72011869 -0.18552612 1.46219419
-1.72541246 -0.04120025 1.48767534
-1.72485269 0.05664496 1.48595408
-1.65480550 0.12492134 1.36138794
-1.67147271 0.26318445 1.36227748
-1.71884034 0.39516524 1.39912827
-1.67326474 0.45183784 1.29782873
-1.66106031 0.53225484 1.23791306
-1.66545960 0.69421738 1.14590895
-1.72320067 0.80264741 1.16258884
-1.66945755 0.90515182 0.98389435
-1.70988399 0.99353843 0.96829232
-1.66980595 1.06471836 0.82731336
-1.72971533 1.14040360 0.84569737
-1.69177594 1.28591359 0.60426604
-1.72247676 1.39515019 0.51024106
-1.72834095 1.48541594 0.39035096
-1.69145305 1.56589284 0.20449652
-1.72871068 1.72473189 0.00687025
-1.66395326 1.80196170 -0.23916276
-1.73017147 1.89947394 -0.30725395
-1.69230769 2.00000000 -0.56804734
-1.58974359 -2.00000000 -0.73635766
-1.55249586 -1.87595185 -0.55447598
-1.57457702 -1.83191297 -0.43830616
-1.58344093 -1.71381445 -0.21493739
-1.55060273 -1.62908872 -0.12478060
-1.61204904 -1.45661070 0.23849369
-1.62030682 -1.40070111 0.33171530
-1.60531865 -1.25134750 0.50558870
-1.57395693 -1.14457653 0.58364250
-1.61452287 -1.11004743 0.68723941
-1.60235389 -0.95294873 0.82971336
-1.58016170 -0.83678909 0.89834751
-1.57261837 -0.80286751 0.91426616
-1.60461934 -0.69050341 1.04900413
-1.60843148 -0.55070484 1.14188800
-1.59427634 -0.44089622 1.17366379
-1.62868743 -0.32608868 1.27314445
-1.61691390 -0.23688816 1.27914728
-1.56203817 -0.19067912 1.20180235
-1.58633555 -0.01306404 1.25814491
-1.62938078 0.05105468 1.32613757
-1.59575398 0.14431327 1.26280222
-1.61432978 0.23069591 1.27642002
-1.60857249 0.33624822 1.23722129
-1.60632255 0.49386632 1.16818409
-1.55361987 0.54477953 1.05847498
-1.62775493 0.64785115 1.11493750
-1.56105639 0.74316763 0.94229947
-1.57671154 0.83903882 0.89101657
-1.60161703 0.94777056 0.83345404
-1.58037595 1.06648523 0.68009870
-1.56771340 1.18095020 0.53154096
-1.59748550 1.24355464 0.50276589
-1.56250107 1.34753254 0.31278282
-1.58983108 1.52642722 0.09879139
-1.56636479 1.57812034 -0.01848258
-1.55516258 1.67285727 -0.18996039
-1.58318383 1.80093173 -0.36844203
-1.57196734 1.88042698 -0.53246215
-1.58974359 2.00000000 -0.73635766
-1.48717949 -2.00000000 -0.89414859
-1.49541252 -1.91155156 -0.70888538
-1.45349121 -1.77572957 -0.52028940
-1.50005961 -1.67027922 -0.26982691
-1.47770791 -1.61010637 -0.20441093
-1.48725209 -1.51955190 -0.04855960
-1.51039666 -1.41864443 0.13437303
-1.52090887 -1.27275997 0.34662292
-1.46063924 -1.15256257 0.40253326
-1.50977314 -1.04090012 0.59797095
-1.50045548 -0.95896385 0.66587749
-1.47949434 -0.87371251 0.71276498
-1.47193732 -0.73778550 0.81113601
-1.47141509 -0.66593309 0.86079775
-1.45810279 -0.54430679 0.91489694
-1.49728250 -0.42300260 1.03146184
-1.49494991 -0.39601570 1.03902340
-1.44987985 -0.22079846 1.02669981
-1.48433590 -0.13370340 1.09268823
-1.47140985 -0.08357237 1.07903131
-1.46339274 0.06157383 1.06886349
-1.44973954 0.15216797 1.03929482
-1.50505295 0.27810811 1.09392013
-1.48291925 0.38894683 1.02388494
-1.52396525 0.47637680 1.04776761
-1.45421719 0.53854745 0.91235714
-1.52010308 0.66591237 0.93363704
-1.47483872 0.77979817 0.78353203
-1.48479325 0.85882953 0.73351142
-1.47024011 1.01363168 0.56707841
-1.48667153 1.06851432 0.53423469
-1.44945882 1.15354071 0.38513735
-1.48213709 1.30936952 0.24114091
-1.46381164 1.40455212 0.08498893
-1.47257826 1.48314679 -0.01561884
-1.44970169 1.54964471 -0.14988186
-1.49333108 1.68833647 -0.31022116
-1.46964459 1.77777225 -0.50030948
-1.51149122 1.89324425 -0.64988404
-1.48717949 2.00000000 -0.89414859
-1.38461538 -2.00000000 -1.04142012
-1.37366303 -1.89512998 -0.85228375
-1.35446420 -1.79706255 -0.69743026
-1.40834057 -1.68087640 -0.42096117
-1.39351078 -1.62795786 -0.35418725
-1.39257644 -1.51849471 -0.18327852
-1.37340436 -1.35216598 0.02894334
-1.36588925 -1.24525357 0.15749849
-1.41333604 -1.15249483 0.33463721
-1.36341646 -1.09782182 0.32684585
-1.38674082 -1.00066867 0.46085615
-1.39995776 -0.86983034 0.60163845
-1.39358225 -0.77815085 0.66827637
-1.36763023 -0.65241651 0.72238257
-1.41550194 -0.55842017 0.84590633
-1.36228004 -0.49917324 0.80331649
-1.36474441 -0.39755742 0.85223770
-1.39040073 -0.26589031 0.93125827
-1.42320768 -0.18808519 0.99507203
-1.37093132 -0.07001360 0.93727539
-1.38307820 0.02415218 0.95616099
-1.37530907 0.18884604 0.92790611
-1.36429105 0.24568658 0.90046409
-1.34777749 0.34692397 0.84807396
-1.40244346 0.45527675 0.87978537
-1.34559441 0.55501352 0.75129216
-1.40144200 0.67012216 0.75748798
-1.37364836 0.79004256 0.63137128
-1.36776131 0.88568937 0.54316267
-1.39171051 0.96939205 0.49856860
-1.34587995 1.07647214 0.32630028
-1.36363435 1.16815748 0.24745338
-1.42393033 1.27332025 0.20311657
-1.38285470 1.37648768 0.00878439
-1.40796500 1.45993173 -0.07451761
-1.42084590 1.60632973 -0.28074606
-1.38238972 1.71772132 -0.51978259
-1.35536944 1.81519086 -0.72894576
-1.36094247 1.92985031 -0.93607891
-1.38461538 2.00000000 -1.04142012
-1.28205128 -2.00000000 -1.17817226
-1.24875031 -1.87168097 -0.97190616
-1.25019979 -1.80708832 -0.85128433
-1.24210707 -1.66068762 -0.60752670
-1.25688086 -1.56163944 -0.42948413
-1.26222645 -1.48120518 -0.30037659
-1.28059570 -1.34992687 -0.09118861
-1.29919952 -1.27039918 0.03700266
-1.24713710 -1.19835266 0.05965092
-1.30966508 -1.09216286 0.26120145
-1.28672517 -0.97375206 0.35373430
-1.30350910 -0.89256069 0.45123570
-1.31049018 -0.77158106 0.56102358
-1.31087997 -0.67852019 0.62900832
-1.30841045 -0.55339851 0.70284399
-1.27238597 -0.48328287 0.69270187
-1.24188841 -0.37632787 0.70033208
-1.24932927 -0.27252380 0.74327721
-1.27711104 -0.14659865 0.80476072
-1.27574773 -0.06426694 0.81170102
-1.25865184 0.06116180 0.79023184
-1.27717133 0.15239496 0.80397119
-1.29948703 0.24900148 0.81333240
-1.26318076 0.37585801 0.72717819
-1.24223213 0.47987205 0.65643175
-1.24247701 0.55028091 0.62047002
-1.30000804 0.70666281 0.59532428
-1.28802202 0.77566675 0.52867091
-1.25237932 0.84162786 0.43005825
-1.31269348 0.97169215 0.38948926
-1.30615980 1.04165886 0.31050012
-1.26497275 1.18356488 0.09966511
-1.28570459 1.29321014 -0.00967809
-1.29771183 1.37624616 -0.10499875
-1.29532703 1.49877579 -0.28422838
-1.28539298 1.59603759 -0.44755044
-1.27810301 1.69781833 -0.62451990
-1.31862575 1.81741224 -0.78210670
-1.24917138 1.86280662 -0.95480969
-1.28205128 2.00000000 -1.17817226
-1.17948718 -2.00000000 -1.30440500
-1.15997471 -1.89171882 -1.11652939
-1.16011819 -1.83380163 -1.00847711
-1.21690080 -1.68869885 -0.68542812
-1.17513461 -1.62150885 -0.62417480
-1.15725747 -1.51951834 -0.48484556
-1.14790981 -1.36076269 -0.26698909
-1.16148555 -1.25339783 -0.11097872
-1.19623868 -1.17051078 0.03044575
-1.21792016 -1.05675594 0.18329820
-1.20510200 -1.01054914 0.21553063
-1.15853170 -0.90711291 0.25967093
-1.16796398 -0.73224500 0.41397856
-1.17623854 -0.66280610 0.47211259
-1.15853112 -0.54452709 0.52284230
-1.17950212 -0.49759456 0.57181245
-1.14050307 -0.34061027 0.59236594
-1.18126300 -0.24293401 0.66818266
-1.19951002 -0.17534417 0.70403936
-1.21658329 -0.05956993 0.73826317
-1.17419159 0.01924610 0.68917774
-1.20482017 0.14488836 0.71529950
-1.21968853 0.28131794 0.70425016
-1.20671749 0.39168343 0.65137560
-1.17384573 0.44631400 0.58935880
-1.21396488 0.57455718 0.57179739
-1.21497076 0.65326357 0.52470033
-1.13943471 0.79568419 0.33259907
-1.16259319 0.87855455 0.28988242
-1.16993624 0.99405233 0.19030538
-1.14920283 1.04460819 0.11473043
-1.14766402 1.21778850 -0.08293806
-1.17281842 1.26845765 -0.11674088
-1.21550169 1.37207491 -0.20257260
-1.21683061 1.50146496 -0.38686014
-1.17185461 1.60833659 -0.60675167
-1.14976175 1.67743807 -0.74592319
-1.15937871 1.81413134 -0.97345676
-1.17479092 1.86224247 -1.04390665
-1.17948718 2.00000000 -1.30440500
-1.07692308 -2.00000000 -1.42011834
-1.04757116 -1.89337855 -1.24373849
-1.07973878 -1.76651558 -0.97737074
-1.10781331 -1.72979148 -0.88246411
-1.06361402 -1.57238128 -0.67055405
-1.07453842 -1.48249316 -0.52157659
-1.05505498 -1.35845109 -0.36612418
-1.06500516 -1.26331528 -0.23086475
-1.07620668 -1.20641418 -0.14860718
-1.05280171 -1.11331769 -0.06554242
-1.10359730 -0.96864452 0.13982740
-1.08759109 -0.84053493 0.23817771
-1.09297842 -0.76991064 0.30091971
-1.10195271 -0.63908478 0.40293522
-1.08812239 -0.54664897 0.44259262
-1.05796529 -0.46557813 0.45126378
-1.10790325 -0.32159187 0.56201414
-1.11421240 -0.23019315 0.59424019
-1.10446193 -0.15950469 0.59719720
-1.08141938 -0.05732512 0.58309086
-1.06975788 0.06545867 0.57004854
-1.06261591 0.11893642 0.55750335
-1.08730696 0.23143504 0.56433713
-1.03926832 0.36221909 0.47443799
-1.03751848 0.43824048 0.44219494
-1.06201794 0.56574957 0.40390477
-1.09061997 0.64178275 0.38878341
-1.06851866 0.80056535 0.25041362
-1.07742607 0.87317451 0.19920661
-1.04109078 0.95498187 0.08593982
-1.08877738 1.10768725 -0.02076743
-1.11072287 1.14222774 -0.03548946
-1.06379394 1.28057607 -0.25410877
-1.04420389 1.39021759 -0.42117159
-1.09477336 1.50024962 -0.52611011
-1.08138688 1.60004360 -0.69537097
-1.10128300 1.65721775 -0.76677321
-1.04395161 1.82244075 -1.11572767
-1.10504227 1.86579514 -1.13003653
-1.07692308 2.00000000 -1.42011834
-0.97435897 -2.00000000 -1.52531229
-0.94796059 -1.88065849 -1.31912354
-0.97848909 -1.76683322 -1.08212935
-0.94884766 -1.66627897 -0.93808687
-0.94105160 -1.56486737 -0.78161588
-1.01442170 -1.47591859 -0.57464215
-1.00699216 -1.35287442 -0.40811799
-0.94832937 -1.27348994 -0.36122402
-0.97941178 -1.16442132 -0.19831479
-0.99073134 -1.06171170 -0.07284158
-0.93719920 -1.01151396 -0.07240908
-0.98317485 -0.84717442 0.12446414
-1.00011428 -0.78117582 0.19499646
-0.94884691 -0.66091367 0.23175180
-0.99346688 -0.57209848 0.32983988
-0.98525406 -0.46078311 0.37920224
-0.93469607 -0.37924335 0.36491561
-0.98861567 -0.22498726 0.46337084
-0.97536183 -0.14209438 0.46556994
-0.94480142 -0.08340675 0.44284651
-1.00030419 0.02247655 0.50005163
-1.00034992 0.11866134 0.49330973
-0.99554138 0.28989549 0.45353162
-0.94222438 0.37395867 0.37397085
-0.97309657 0.48133990 0.35761442
-0.93766883 0.54661666 0.29021653
-0.95581119 0.63666334 0.25411741
-0.98392378 0.77132635 0.18658083
-0.96411516 0.84823318 0.10500926
-0.98148767 0.94756822 0.03271626
-0.98544899 1.10137772 -0.12096158
-0.99528308 1.16574436 -0.18418575
-0.96617274 1.25711033 -0.32341831
-0.94364154 1.37050205 -0.49390825
-0.99034001 1.47265908 -0.59397572
-0.97806990 1.58567731 -0.77887591
-0.98201138 1.68546234 -0.93821848
-0.99894153 1.75988147 -1.04964930
-0.94498041 1.92438034 -1.40512585
-0.97435897 2.00000000 -1.52531229
-0.87179487 -2.00000000 -1.61998685
-0.85217528 -1.89861069 -1.43925992
-0.83453024 -1.82465801 -1.31646807
-0.90789033 -1.65793938 -0.96224907
-0.86833709 -1.58642478 -0.88136714
-0.87046909 -1.46972656 -0.70118986
-0.85868284 -1.36518366 -0.56319511
-0.87069395 -1.25887936 -0.41333464
-0.85864184 -1.15278136 -0.29581953
-0.84971175 -1.10685989 -0.25156438
-0.87624405 -0.96054843 -0.07742483
-0.85451125 -0.87631303 -0.01886752
-0.86429900 -0.73825346 0.10099729
-0.89427141 -0.68529579 0.16504552
-0.88759094 -0.59244192 0.21841512
-0.86385961 -0.45475044 0.26972774
-0.83266390 -0.35659631 0.28308412
-0.89294388 -0.28825453 0.35712905
-0.86402061 -0.18258572 0.35659703
-0.90133200 -0.05411277 0.40473559
-0.84672543 0.03456644 0.35787456
-0.89019903 0.11773180 0.38929677
-0.83442830 0.28057327 0.30877461
-0.86965662 0.32482195 0.32539667
-0.83577631 0.46994824 0.23883535
-0.85501574 0.57751649 0.19876331
-0.86723509 0.65947016 0.15859791
-0.85060091 0.73620267 0.09076377
-0.89005807 0.87680773 0.01170579
-0.87512400 0.97462273 -0.09202372
-0.86661186 1.04543111 -0.17095504
-0.89836811 1.13962773 -0.24584306
-0.85845305 1.29345291 -0.46803939
-0.91044484 1.35992691 -0.51024570
-0.88569976 1.51084355 -0.74909209
-0.85212282 1.56435017 -0.86053909
-0.87530410 1.69883465 -1.05994095
-0.84822720 1.76955848 -1.20592391
-0.89546342 1.91911671 -1.44057710
-0.87179487 2.00000000 -1.61998685
-0.76923077 -2.00000000 -1.70414201
-0.75356093 -1.91316375 -1.54617072
-0.78967693 -1.79916016 -1.30669381
-0.80665275 -1.68233505 -1.08978129
-0.74609418 -1.61277910 -1.02219996
-0.73857742 -1.45932129 -0.79206100
-0.80505448 -1.36382490 -0.60595282
-0.74678935 -1.27440097 -0.53320175
-0.79123852 -1.18110573 -0.38447618
-0.73296387 -1.06853956 -0.30227038
-0.73213939 -0.94883802 -0.18213275
-0.76127422 -0.84601691 -0.06810309
-0.77155720 -0.79822110 -0.02092821
-0.76521008 -0.69085270 0.05413451
-0.78476109 -0.59736361 0.12950334
-0.76722901 -0.43957080 0.19770893
-0.72910214 -0.33823618 0.20859311
-0.75185741 -0.23531182 0.25495896
-0.79076859 -0.14464304 0.30219667
-0.73607810 -0.03850488 0.27016417
-0.77838129 0.06980262 0.30050251
-0.73852429 0.14770922 0.26180005
-0.79125343 0.24417478 0.28323034
-0.75090453 0.33519780 0.22575003
-0.79246825 0.49867692 0.18966363
-0.80588940 0.53211137 0.18315761
-0.74470969 0.67961356 0.04635897
-0.73865527 0.80369067 -0.05015354
-0.79487139 0.89073943 -0.08079810
-0.78776416 0.98821566 -0.17799891
-0.80520812 1.09839281 -0.27905333
-0.79281337 1.19177155 -0.39588320
-0.77263996 1.29491041 -0.53991024
-0.77683055 1.34630346 -0.60453365
-0.78503485 1.46750937 -0.76865202
-0.72915260 1.55315923 -0.94032003
-0.74744464 1.66286700 -1.10322659
-0.78285174 1.81169858 -1.33469745
-0.76436127 1.85979269 -1.43729035
-0.76923077 2.00000000 -1.70414201
-0.66666667 -2.00000000 -1.77777778
-0.68407488 -1.91370694 -1.59715791
-0.65498429 -1.79388598 -1.39451124
-0.67017973 -1.73144321 -1.27437737
-0.67149059 -1.59284370 -1.04312572
-0.69542953 -1.48205823 -0.85643718
-0.69533072 -1.39406066 -0.72996016
-0.69666353 -1.29345394 -0.59384151
-0.69984410 -1.17420997 -0.44449364
-0.65870813 -1.04140559 -0.32531459
-0.68212043 -1.00533606 -0.27270616
-0.67435918 -0.85274077 -0.13620326
-0.68782692 -0.73263567 -0.03182458
-0.68622890 -0.65529557 0.02074891
-0.69817352 -0.55776776 0.08817070
-0.64504242 -0.46137775 0.10160515
-0.68410001 -0.35344949 0.17153314
-0.62707381 -0.27535623 0.15870025
-0.64718034 -0.15068890 0.19806763
-0.62746255 -0.06943978 0.19444369
-0.63870030 0.01350220 0.20387788
-0.63129507 0.11761403 0.19235020
-0.68047624 0.23437198 0.20405885
-0.68437785 0.38967610 0.15826279
-0.68993608 0.46814558 0.12842576
-0.65852662 0.52859849 0.07712047
-0.64536575 0.70419448 -0.03969645
-0.66512101 0.74509635 -0.05639131
-0.68261070 0.87787263 -0.15235149
-0.62933503 0.99430592 -0.29629084
-0.68384281 1.04803241 -0.31536547
-0.64797035 1.17883248 -0.48489022
-0.68105566 1.30740136 -0.62273074
-0.68199981 1.40582195 -0.75560580
-0.64522251 1.51037890 -0.93246617
-0.68709084 1.58902998 -1.02646123
-0.63522989 1.67487410 -1.20084312
-0.69959520 1.75911212 -1.30252101
-0.65597240 1.89632011 -1.58286508
-0.66666667 2.00000000 -1.77777778
-0.56410256 -2.00000000 -1.84089415
-0.54639947 -1.86282082 -1.58577451
-0.55789613 -1.80082924 -1.46586893
-0.53331402 -1.67718320 -1.26425982
-0.59973288 -1.60827877 -1.11344054
-0.55546813 -1.50956922 -0.98512719
-0.52429169 -1.42090788 -0.87204871
-0.53192577 -1.24695711 -0.63597851
-0.57336739 -1.19043252 -0.54418971
-0.55797542 -1.09717931 -0.44623293
-0.52434260 -0.96268208 -0.32591082
-0.56287136 -0.89056756 -0.23814320
-0.55751771 -0.76054238 -0.13379936
-0.54550571 -0.64838859 -0.06141564
-0.54541909 -0.59739491 -0.02969935
-0.56572356 -0.47032099 0.04942066
-0.54056575 -0.38109229 0.07349000
-0.57874594 -0.27409528 0.12990932
-0.57892488 -0.11863847 0.16053947
-0.53315694 -0.01282563 0.14204591
-0.57621325 0.04667972 0.16492136
-0.60011843 0.16442839 0.16655272
-0.56820722 0.24568014 0.13125036
-0.53397126 0.39914819 0.06290301
-0.54968402 0.48146113 0.03517385
-0.54861504 0.58862403 -0.02274989
-0.55828296 0.70257567 -0.09096635
-0.58912340 0.78106845 -0.13150078
-0.56558862 0.85719660 -0.20744776
-0.54861251 0.93778839 -0.28923569
-0.53154865 1.10061082 -0.46440010
-0.59205517 1.21065727 -0.55758085
-0.57650830 1.30029801 -0.67920655
-0.60068599 1.40958990 -0.81306001
-0.54377040 1.47976939 -0.94701561
-0.57379883 1.59015476 -1.09967353
-0.59516864 1.73098117 -1.32103506
-0.56356959 1.80454902 -1.46939324
-0.55863314 1.87073409 -1.59378753
-0.56410256 2.00000000 -1.84089415
-0.46153846 -2.00000000 -1.89349112
-0.44519183 -1.86050584 -1.63164311
-0.42182662 -1.79971168 -1.53051221
-0.46548582 -1.65277688 -1.25749718
-0.43813974 -1.57549519 -1.14510933
-0.44709993 -1.45735461 -0.96199206
-0.47666307 -1.39695396 -0.86213634
-0.47469388 -1.30695303 -0.74139597
-0.45370570 -1.21892985 -0.63997057
-0.45210196 -1.09373004 -0.49592461
-0.46871703 -1.00256812 -0.39272359
-0.43495995 -0.89559219 -0.30644761
-0.49839568 -0.74449173 -0.15293484
-0.49860171 -0.68302420 -0.10895919
-0.42149938 -0.59095457 -0.08578279
-0.45857280 -0.44462672 0.00629805
-0.45681320 -0.35690327 0.04064918
-0.44038672 -0.29257869 0.05416909
-0.47607450 -0.17980265 0.09715897
-0.42249730 -0.01923738 0.08906695
-0.48509919 0.05509082 0.11614311
-0.44277059 0.15717593 0.08567076
-0.44149075 0.27813546 0.05877737
-0.49721874 0.32783508 0.06987532
-0.48389660 0.43859548 0.02089496
-0.49269599 0.54738465 -0.02844031
-0.46673964 0.66146345 -0.10984401
-0.48854716 0.77380435 -0.18004742
-0.45132540 0.85354563 -0.26242276
-0.42243480 0.98785192 -0.39870013
-0.42554925 1.07585484 -0.48818573
-0.44083056 1.19071843 -0.61173940
-0.42912860 1.26680235 -0.71031842
-0.46920259 1.41839377 -0.89584491
-0.48162615 1.48092548 -0.98058826
-0.48077963 1.55318204 -1.09061270
-0.42484502 1.65271628 -1.27548892
-0.45728915 1.79807201 -1.51197480
-0.43232867 1.93669087 -1.78193171
-0.46153846 2.00000000 -1.89349112
-0.35897436 -2.00000000 -1.93556870
-0.34144369 -1.89754610 -1.74204869
-0.32658501 -1.81908842 -1.60121246
-0.34799584 -1.70743332 -1.39711373
-0.32456216 -1.62490012 -1.26747991
-0.35111962 -1.50575165 -1.07200152
-0.32284545 -1.41047501 -0.94260528
-0.34075804 -1.32162036 -0.81528217
-0.37969347 -1.18995726 -0.63591557
-0.34793099 -1.05386191 -0.49478447
-0.36279762 -1.00365137 -0.43784698
-0.37238726 -0.90219336 -0.33764029
-0.33055725 -0.77482322 -0.24554146
-0.36218975 -0.64914688 -0.14510513
-0.34800567 -0.56400015 -0.09849411
-0.36678146 -0.45399546 -0.03579162
-0.39593371 -0.34099844 0.02024178
-0.37678051 -0.27244922 0.03386749
-0.39411250 -0.11655186 0.07087016
-0.36392579 -0.08874335 0.06228330
-0.31945242 0.07512287 0.04820320
-0.33343039 0.12404251 0.04789464
-0.38151986 0.27648401 0.03455700
-0.35391100 0.37781643 -0.00874613
-0.34275397 0.47532608 -0.05422730
-0.32707521 0.59383489 -0.12283084
-0.34731636 0.63740118 -0.14282580
-0.35683621 0.76965113 -0.23251539
-0.36410504 0.90732857 -0.34533633
-0.35630089 1.00392665 -0.44045919
-0.32759154 1.09998252 -0.55132267
-0.39270480 1.18883729 -0.62955852
-0.37064577 1.30109171 -0.77773068
-0.39075534 1.34493396 -0.82807881
-0.34337796 1.49959851 -1.06544363
-0.34710719 1.55788956 -1.15326824
-0.34626641 1.72396246 -1.42607307
-0.32997371 1.79825592 -1.56242086
-0.37107794 1.92876705 -1.79122174
-0.35897436 2.00000000 -1.93556870
-0.25641026 -2.00000000 -1.96712689
-0.22112218 -1.87420520 -1.73187505
-0.25988294 -1.82707442 -1.63533089
-0.26317505 -1.67209746 -1.36332440
-0.27924097 -1.60011863 -1.24120206
-0.26951495 -1.46454408 -1.03612553
-0.27127276 -1.37928886 -0.91442443
-0.27479313 -1.24625255 -0.73881708
-0.28034474 -1.15231300 -0.62461604
-0.26506858 -1.05851600 -0.52509738
-0.22088619 -1.00668978 -0.48231681
-0.27977118 -0.89637725 -0.36261013
-0.28055606 -0.74919443 -0.24129029
-0.27367693 -0.66357064 -0.18271347
-0.28637225 -0.56304383 -0.11750465
-0.27282171 -0.44353887 -0.06114752
-0.26727804 -0.39084388 -0.04066069
-0.25785137 -0.27677044 -0.00505727
-0.29575279 -0.15688850 0.03142786
-0.24740159 -0.03053181 0.03013768
-0.23818751 0.01375518 0.02827204
-0.26429270 0.14035889 0.02507501
-0.22803681 0.26855822 -0.01006136
-0.27776399 0.36430847 -0.02778391
-0.23089646 0.47556010 -0.08642212
-0.24572942 0.56958351 -0.13202121
-0.21699258 0.69768640 -0.21984026
-0.26182059 0.80670008 -0.29110750
-0.22843126 0.86350449 -0.34672958
-0.26125105 0.93670445 -0.40458156
-0.23046885 1.04526607 -0.51973263
-0.27034537 1.21146407 -0.69727928
-0.22239589 1.25788691 -0.76640978
-0.25272886 1.37200132 -0.90925787
-0.23874944 1.48567191 -1.07510986
-0.24440322 1.60550618 -1.25895859
-0.21711707 1.67907490 -1.38607635
-0.29613542 1.77792953 -1.53666862
-0.29533136 1.86223948 -1.69035763
-0.25641026 2.00000000 -1.96712689
-0.15384615 -2.00000000 -1.98816568
-0.19145449 -1.91811985 -1.82126448
-0.14656099 -1.82615214 -1.65667575
-0.15945014 -1.66933498 -1.38062746
-0.14955613 -1.60038254 -1.26942861
-0.13582650 -1.45524521 -1.04964489
-0.12043336 -1.39191568 -0.96146253
-0.13394517 -1.26468431 -0.79074255
-0.16838538 -1.20408331 -0.71073149
-0.13915994 -1.11378614 -0.61057703
-0.19139972 -0.93442947 -0.41826229
-0.15079469 -0.88096659 -0.37668155
-0.15459452 -0.79345278 -0.30283392
-0.18110288 -0.67476986 -0.21125806
-0.13488538 -0.53462394 -0.13381434
-0.19063571 -0.47325195 -0.09381272
-0.13227232 -0.35716134 -0.05503413
-0.12206019 -0.26461310 -0.02756070
-0.13996078 -0.12436480 0.00206121
-0.15353584 -0.08172117 0.00844745
-0.19007430 0.02093984 0.01784488
-0.14660800 0.19001251 -0.00730542
-0.17957181 0.24963919 -0.01503685
-0.18981199 0.34084782 -0.04007432
-0.17370671 0.42226541 -0.07406703
-0.13812387 0.58799872 -0.16333214
-0.16795551 0.69901676 -0.23020768
-0.12048522 0.79769876 -0.31090331
-0.14372436 0.85604032 -0.35607417
-0.13061535 0.96146867 -0.45368081
-0.11471413 1.10951552 -0.60893268
-0.17206333 1.20986345 -0.71708189
-0.18652068 1.26547294 -0.78331590
-0.16421762 1.41585031 -0.98883234
-0.13584042 1.50054023 -1.11658418
-0.13404429 1.58858167 -1.25281193
-0.17120518 1.66360795 -1.36914010
-0.13270472 1.78522063 -1.58470107
-0.16043849 1.87370839 -1.74252131
-0.15384615 2.00000000 -1.98816568
-0.05128205 -2.00000000 -1.99868508
-0.01246319 -1.92207041 -1.84709967
-0.09027616 -1.80776468 -1.62993168
-0.07187878 -1.70957701 -1.45874350
-0.08646360 -1.56234125 -1.21671711
-0.05494279 -1.46607160 -1.07317361
-0.03982964 -1.41943802 -1.00660895
-0.02449563 -1.29882879 -0.84317810
-0.02754767 -1.18871945 -0.70614753
-0.06605139 -1.11300410 -0.61720767
-0.08396039 -1.00362706 -0.50010897
-0.04943516 -0.84314997 -0.35422902
-0.08473489 -0.73958001 -0.26989929
-0.06454461 -0.63661500 -0.20055633
-0.06573711 -0.59126400 -0.17263588
-0.07537440 -0.42966074 -0.08946353
-0.02561566 -0.39498991 -0.07768043
-0.05315862 -0.24429324 -0.02842667
-0.05070411 -0.14856643 -0.00975054
-0.04139824 -0.08186759 -0.00249424
-0.08356280 0.01253774 0.00341277
-0.08790205 0.14192321 -0.00620771
-0.05446073 0.23096153 -0.02518863
-0.03952367 0.36383831 -0.06540810
-0.04878858 0.48099559 -0.11448822
-0.01106697 0.53490977 -0.14300299
-0.01539362 0.65077090 -0.21163290
-0.03968757 0.76136095 -0.28904770
-0.01651095 0.90672467 -0.41093851
-0.07883651 0.93694455 -0.43582495
-0.04831640 1.06812912 -0.56928267
-0.03432543 1.19446307 -0.71278189
-0.02491395 1.29865370 -0.84294036
-0.03813765 1.34787560 -0.90765707
-0.05181417 1.50582896 -1.13241807
-0.03876132 1.61004867 -1.29537714
-0.04481917 1.72889182 -1.49352908
-0.03772240 1.83125647 -1.67603863
-0.02169774 1.86400206 -1.73701644
-0.05128205 2.00000000 -1.99868508
0.05128205 -2.00000000 -1.99868508
0.08496588 -1.92677959 -1.85263020
0.06263790 -1.76300104 -1.55212458
0.03288340 -1.68036868 -1.41127880
0.05587041 -1.56350903 -1.22071949
0.07492621 -1.51031660 -1.13772115
0.02250873 -1.36062480 -0.92539660
0.02029526 -1.25088474 -0.78215036
0.01155464 -1.17738935 -0.69305609
0.07457543 -1.10873086 -0.61186131
0.04789702 -0.97270781 -0.47193318
0.03737897 -0.86557621 -0.37391249
0.02614716 -0.80370793 -0.32263139
0.02665721 -0.64615760 -0.20840452
0.08113784 -0.58304176 -0.16667717
0.01526286 -0.47215147 -0.11134703
0.06239355 -0.31915946 -0.04898490
0.03952904 -0.25975841 -0.03295594
0.07412356 -0.18463167 -0.01429727
0.08431740 -0.01646063 0.00341924
0.07941421 0.04284043 0.00223566
0.07249538 0.16732419 -0.01137090
0.07426133 0.24019541 -0.02608955
0.08024465 0.37802777 -0.06823290
0.04733315 0.48378202 -0.11590231
0.04060831 0.59418498 -0.17570338
0.07692664 0.67778999 -0.22674078
0.05851531 0.76746285 -0.29278759
0.06359551 0.87317118 -0.37919176
0.04296637 0.95339641 -0.45355930
0.05513577 1.08078186 -0.58252473
0.04788631 1.13929019 -0.64784452
0.01371760 1.31411107 -0.86334987
0.08659007 1.36994022 -0.93461918
0.07877232 1.50310171 -1.12655483
0.02189200 1.58281643 -1.25241430
0.01698302 1.67994221 -1.41095871
0.05938969 1.81305147 -1.64181424
0.08030957 1.90580755 -1.81282640
0.05128205 2.00000000 -1.99868508
0.15384615 -2.00000000 -1.98816568
0.19063241 -1.90430387 -1.79501625
0.16016916 -1.76675318 -1.54788133
0.13503732 -1.65261347 -1.35644810
0.12251761 -1.57748855 -1.23672978
0.15540749 -1.46346470 -1.05878872
0.14814853 -1.39937827 -0.96815577
0.15435558 -1.32075173 -0.86027974
0.18568521 -1.15422559 -0.64887885
0.17467923 -1.07869683 -0.56653701
0.12603224 -0.93673378 -0.43079303
0.11953951 -0.84602552 -0.35073474
0.16467343 -0.78121644 -0.29159089
0.18643742 -0.65621829 -0.19793177
0.11501166 -0.53033013 -0.13401118
0.18951996 -0.44808374 -0.08243061
0.13308846 -0.37771041 -0.06247631
0.14012941 -0.28076907 -0.02959751
0.14621048 -0.18683842 -0.00676555
0.16349580 -0.02509176 0.01305064
0.13865133 0.02832052 0.00921107
0.18794298 0.12457252 0.00990212
0.14704165 0.25295283 -0.02118195
0.11787809 0.37600338 -0.06374165
0.16329736 0.48436830 -0.10397331
0.13693393 0.59352198 -0.16675872
0.16697730 0.68617129 -0.22147481
0.15355231 0.78132648 -0.29344638
0.15238417 0.86081705 -0.35889253
0.19381587 0.95513765 -0.43736167
0.13499887 1.04965614 -0.54177666
0.11744565 1.16098532 -0.66704671
0.19014549 1.26036119 -0.77617751
0.18161743 1.39347120 -0.95438855
0.14209950 1.47639148 -1.07976976
0.16160658 1.58074742 -1.23632286
0.19358235 1.70255140 -1.43060356
0.11650346 1.76708330 -1.55450516
0.18373913 1.86109911 -1.71496492
0.15384615 2.00000000 -1.98816568
0.25641026 -2.00000000 -1.96712689
0.22633359 -1.90432010 -1.78760408
0.29075514 -1.80721011 -1.59073492
0.24646666 -1.66965193 -1.36349588
0.26950876 -1.56750572 -1.19221961
0.24224972 -1.51053482 -1.11151526
0.28318463 -1.40491333 -0.94679397
0.27514564 -1.25683035 -0.75195870
0.24192238 -1.17578245 -0.66196897
0.23690765 -1.06790966 -0.54215290
0.22306476 -0.98671517 -0.46192447
0.26373509 -0.85727277 -0.33268020
0.26302721 -0.76289605 -0.25641354
0.26414333 -0.70433203 -0.21315595
0.28118138 -0.52460090 -0.09807157
0.27436660 -0.42965881 -0.05466483
0.29336969 -0.38301601 -0.03031774
0.23868380 -0.22445625 0.00329467
0.21649649 -0.16275701 0.01019044
0.23790073 -0.05613019 0.02672308
0.24458681 0.04536034 0.02888257
0.28349116 0.16939872 0.02583566
0.27444268 0.28774115 -0.00373809
0.26276435 0.32636076 -0.01873312
0.26044187 0.47699216 -0.07984577
0.21801504 0.54566967 -0.12511242
0.28590968 0.67099083 -0.18424218
0.23392180 0.75456164 -0.25732193
0.25715826 0.90268437 -0.37435435
0.22043945 0.97422165 -0.45025714
0.23249156 1.04764553 -0.52175441
0.21862688 1.18057559 -0.67298050
0.24773277 1.30939021 -0.82656559
0.22419095 1.35628778 -0.89462749
0.23458671 1.48559743 -1.07598440
0.24820596 1.59471774 -1.24075923
0.27744479 1.72031488 -1.44125384
0.26567472 1.81249805 -1.60728306
0.28046318 1.90759013 -1.78012025
0.25641026 2.00000000 -1.96712689
0.35897436 -2.00000000 -1.93556870
0.39371856 -1.88694173 -1.70276739
0.39557492 -1.79623487 -1.53499010
0.33835409 -1.66293730 -1.32543848
0.35150944 -1.59957951 -1.21754786
0.36239031 -1.47579736 -1.02332555
0.35789079 -1.36555963 -0.86833365
0.35447035 -1.25542348 -0.72521945
0.33654929 -1.20357090 -0.66765874
0.39412856 -1.09020064 -0.51660006
0.34046866 -0.97931669 -0.42157113
0.31932702 -0.89860460 -0.35276024
0.34053211 -0.73247532 -0.21027898
0.35988133 -0.66526577 -0.15653198
0.32272603 -0.56659923 -0.10844130
0.36555611 -0.45593286 -0.03712175
0.32727028 -0.32996396 -0.00088519
0.37386729 -0.23070665 0.04327559
0.33802927 -0.13094828 0.04855817
0.32817352 -0.07857803 0.05076168
0.36074269 0.01161896 0.06500015
0.38073193 0.13216689 0.06374436
0.37501158 0.26903005 0.03412826
0.39454382 0.33949242 0.02020486
0.39829552 0.46456463 -0.02859049
0.32092798 0.60028184 -0.12867176
0.36607069 0.69914492 -0.17739794
0.36580411 0.78754955 -0.24321082
0.35837796 0.90487771 -0.34518446
0.38204154 0.97842533 -0.40568020
0.36860692 1.05603436 -0.48966876
0.33679232 1.21444903 -0.68072870
0.34371056 1.25991112 -0.73461955
0.34163361 1.37111437 -0.88162055
0.38134660 1.49600513 -1.04630306
0.37116718 1.62367175 -1.24927244
0.36346691 1.70196303 -1.38228499
0.35944202 1.79043121 -1.53822268
0.38881387 1.89597975 -1.72178150
0.35897436 2.00000000 -1.93556870
0.46153846 -2.00000000 -1.89349112
0.48185495 -1.86198452 -1.61740109
0.47864437 -1.78508068 -1.47870631
0.46779249 -1.72173356 -1.37276832
0.44725503 -1.55411421 -1.10761695
0.49166480 -1.47459274 -0.96634473
0.44866431 -1.36933706 -0.83689216
0.43098513 -1.27180720 -0.71587268
0.49735175 -1.14230553 -0.52875158
0.48919504 -1.09869639 -0.48391099
0.46003603 -0.99476462 -0.38896175
0.49501630 -0.85054235 -0.23919058
0.50061391 -0.78268295 -0.18098916
0.45696524 -0.63914570 -0.09984500
0.46570653 -0.58410223 -0.06214642
0.42927168 -0.49880931 -0.03226828
0.42215503 -0.38566463 0.01473883
0.44856268 -0.24833128 0.06977003
0.50141748 -0.18979802 0.10769810
0.42458535 -0.09026503 0.08606247
0.48286825 0.06539912 0.11444235
0.45197182 0.15536825 0.09006962
0.49068897 0.23126668 0.09364570
0.49418448 0.33420158 0.06626380
0.48310542 0.49435112 -0.00549609
0.42565450 0.54579376 -0.05835454
0.44762249 0.70132606 -0.14574617
0.43203272 0.80290213 -0.22899978
0.46320122 0.84026934 -0.24574860
0.48533712 0.95639719 -0.33957173
0.42383109 1.09206689 -0.50648865
0.45768563 1.21487888 -0.63322729
0.49719144 1.31276380 -0.73807473
0.42438062 1.37635331 -0.85712476
0.49492887 1.49835060 -1.00004997
0.46036413 1.59277013 -1.16249078
0.49542321 1.72732216 -1.36909884
0.45272925 1.83495454 -1.58104719
0.46502452 1.93603728 -1.76599627
0.46153846 2.00000000 -1.89349112
0.56410256 -2.00000000 -1.84089415
0.56925607 -1.86126273 -1.57012324
0.58417641 -1.75783725 -1.37436486
0.56711284 -1.69508195 -1.27584293
0.57092641 -1.61452245 -1.14036289
0.60356237 -1.52238022 -0.97667700
0.56248204 -1.41706601 -0.84584502
0.59070344 -1.29103105 -0.65891531
0.56136338 -1.19816750 -0.56023825
0.58783052 -1.04551189 -0.37377520
0.60046541 -0.95202511 -0.27289655
0.53975054 -0.84172568 -0.20858574
0.54689194 -0.80031185 -0.17070413
0.54184323 -0.70066819 -0.09867091
0.54755437 -0.59061214 -0.02450346
0.54557335 -0.46347334 0.04142137
0.54183942 -0.39191385 0.06999675
0.58424963 -0.24618545 0.14037018
0.53103791 -0.12879813 0.13270615
0.54037619 -0.01976429 0.14580790
0.59663856 0.06135643 0.17610648
0.57343126 0.11402567 0.15791078
0.54344454 0.22887407 0.12147431
0.58160348 0.35365930 0.10659385
0.57529950 0.49516051 0.04289279
0.52405028 0.57664920 -0.02894780
0.55640646 0.68488052 -0.07973659
0.59649503 0.78853256 -0.13298864
0.58470108 0.85069957 -0.19090720
0.54224249 0.97427418 -0.32759163
0.58508496 1.06256631 -0.39336137
0.58514972 1.20945398 -0.56018936
0.59784305 1.31385759 -0.68440273
0.52563923 1.39894466 -0.84037478
0.56942569 1.50873186 -0.97601311
0.57317946 1.56566888 -1.06139217
0.60039222 1.68119550 -1.23297374
0.59779178 1.77132764 -1.39012330
0.58228806 1.91707887 -1.66806600
0.56410256 2.00000000 -1.84089415
0.66666667 -2.00000000 -1.77777778
0.62823438 -1.88966387 -1.58807556
0.64493712 -1.81908319 -1.44655988
0.65682246 -1.69098156 -1.21400144
0.68024076 -1.59542129 -1.04132080
0.68072492 -1.45005640 -0.81963857
0.67864369 -1.38062569 -0.72278502
0.65219580 -1.24957492 -0.56803906
0.68525711 -1.21053446 -0.49790819
0.69407241 -1.05876428 -0.31962264
0.68438414 -0.94393950 -0.21132007
0.62750733 -0.85217509 -0.16621847
0.66943106 -0.78466611 -0.08378149
0.62649951 -0.69442958 -0.04486540
0.64306410 -0.58961348 0.03294369
0.65058239 -0.45033566 0.11022762
0.70394388 -0.38776442 0.17258787
0.65656724 -0.26761092 0.17973247
0.67746216 -0.16711907 0.21551310
0.65459477 -0.05890991 0.21251197
0.65711070 0.05172669 0.21455941
0.70661154 0.14928559 0.23850684
0.67619090 0.26152943 0.19441825
0.66661194 0.32382639 0.16975397
0.67660566 0.44018553 0.13201596
0.65158550 0.53876496 0.06714799
0.67703000 0.66818598 0.00594856
0.68490875 0.80537878 -0.08976749
0.68152105 0.88752823 -0.16161771
0.66676665 1.01260889 -0.29039950
0.65546999 1.06305579 -0.35022336
0.69143145 1.21732014 -0.50189544
0.65219305 1.31571955 -0.65288108
0.67533113 1.37374105 -0.71554617
0.66912658 1.52666696 -0.94149081
0.64754941 1.58937783 -1.05340082
0.67671849 1.72294777 -1.25530055
0.65438115 1.80356491 -1.41231585
0.68588926 1.91330668 -1.59514919
0.66666667 2.00000000 -1.77777778
0.76923077 -2.00000000 -1.70414201
0.79328957 -1.90275025 -1.49557508
0.74366268 -1.80950940 -1.36064505
0.74282779 -1.68459047 -1.14302596
0.73070908 -1.62365910 -1.05116657
0.74858869 -1.45963848 -0.78507974
0.78336534 -1.39299063 -0.66338082
0.80153895 -1.28027458 -0.49831916
0.76558777 -1.19693788 -0.42326783
0.75653801 -1.09728651 -0.31584397
0.78652324 -1.00452823 -0.19522909
0.77642927 -0.88667098 -0.09167151
0.76164622 -0.80760731 -0.03606230
0.79360032 -0.70286106 0.06789390
0.76799211 -0.59537537 0.11767002
0.79791491 -0.44721129 0.21833514
0.75844636 -0.38461267 0.21365699
0.77155546 -0.24934982 0.26656125
0.80009609 -0.15283843 0.30839708
0.77858824 -0.03237368 0.30257580
0.74228657 0.07440414 0.27272669
0.78248736 0.16842594 0.29195959
0.75282207 0.28913476 0.24157108
0.73801231 0.38421314 0.19852122
0.80259077 0.44358587 0.22369176
0.79147781 0.52710061 0.17430104
0.79569866 0.70291905 0.06952058
0.75012011 0.73628644 0.01028123
0.78559623 0.90635754 -0.10216128
0.77963548 0.95067851 -0.14797907
0.78604798 1.11671398 -0.31458935
0.74241223 1.20532524 -0.45081651
0.75121224 1.28838715 -0.54781081
0.75088652 1.37694571 -0.66607447
0.75873632 1.51620753 -0.86160224
0.77805428 1.59897606 -0.97567799
0.74936519 1.69087589 -1.14875654
0.79066981 1.83368102 -1.36861367
0.76015324 1.91809345 -1.55062476
0.76923077 2.00000000 -1.70414201
0.87179487 -2.00000000 -1.61998685
0.88826524 -1.90901816 -1.42766759
0.83592409 -1.79461383 -1.26093487
0.89842931 -1.72798002 -1.08936986
0.87292097 -1.59791748 -0.89567462
0.88010630 -1.47264861 -0.69705341
0.85241941 -1.37402374 -0.58066119
0.85359999 -1.27068976 -0.44300976
0.90797707 -1.19104271 -0.29708019
0.83778399 -1.09098437 -0.24418244
0.89219189 -0.99555152 -0.09755823
0.86336024 -0.83743471 0.02204700
0.89333466 -0.78409129 0.09162383
0.87874276 -0.64209780 0.17994963
0.89976505 -0.56782829 0.24357409
0.90396620 -0.46574214 0.30011957
0.90533765 -0.33404986 0.35402348
0.86451683 -0.21829730 0.34986782
0.90675495 -0.13823263 0.40154814
0.87587844 -0.06789308 0.38127678
0.83824748 0.03177106 0.35082472
0.89032911 0.16253776 0.38313370
0.84097118 0.24506839 0.32358701
0.90382423 0.39201345 0.33161185
0.86595411 0.46958429 0.26468356
0.89544884 0.52681740 0.26214603
0.87400563 0.63312137 0.18152159
0.88319536 0.78566483 0.08138241
0.87087038 0.88414228 -0.01164618
0.83234986 1.00560696 -0.15921954
0.85775425 1.08600889 -0.22183647
0.86091376 1.15021140 -0.29090689
0.90823583 1.31593174 -0.45339202
0.88153632 1.37038773 -0.55042813
0.84940150 1.49155191 -0.75162210
0.87090569 1.61900358 -0.93134793
0.90713718 1.72217580 -1.07149581
0.89699335 1.80751437 -1.23125557
0.89536644 1.91956137 -1.44151739
0.87179487 2.00000000 -1.61998685
0.97435897 -2.00000000 -1.52531229
0.98212057 -1.93069386 -1.38150898
0.95387913 -1.77273081 -1.11634456
1.01127043 -1.70515002 -0.94243435
0.98164057 -1.60144726 -0.80050756
0.95692785 -1.48842971 -0.64985604
0.98623390 -1.42363790 -0.52704378
0.98936035 -1.25756610 -0.30131930
0.95589823 -1.21036610 -0.27562233
0.98755267 -1.05814247 -0.07220261
0.93721960 -0.96430293 -0.02574978
0.94600835 -0.87390611 0.06560996
0.96993604 -0.76729609 0.17601632
1.00979682 -0.69691163 0.26700190
0.94486114 -0.58156034 0.27727508
0.95246083 -0.42613640 0.36279470
0.96865119 -0.32625705 0.41592073
1.01032380 -0.28048446 0.47104132
0.95872618 -0.18762100 0.44197712
0.95494117 -0.03547752 0.45532699
0.95630062 0.03109278 0.45677206
0.98964284 0.17901936 0.47367251
1.00996984 0.28626687 0.46904518
0.96161574 0.38249311 0.38920192
0.96585718 0.45191756 0.36432531
0.96090716 0.54136284 0.31513443
0.99919364 0.68976978 0.26130279
0.98631964 0.80586256 0.16170598
0.96908034 0.90748321 0.05779547
1.01191148 0.98309523 0.02874430
0.96482928 1.11665622 -0.15801279
0.95364555 1.18213015 -0.24399593
0.98728347 1.29415384 -0.35005275
0.96986814 1.41869711 -0.53602864
0.98240903 1.47841549 -0.61029242
0.98736300 1.60651015 -0.80299458
0.95925221 1.69033570 -0.96853499
0.99049961 1.76420974 -1.06567327
0.98522526 1.87287612 -1.26849806
0.97435897 2.00000000 -1.52531229
1.07692308 -2.00000000 -1.42011834
1.05986813 -1.90009980 -1.24352939
1.10889873 -1.82528932 -1.05101235
1.05018452 -1.65715119 -0.82163128
1.10155884 -1.58009467 -0.64163364
1.05540998 -1.51135762 -0.58515582
1.05406570 -1.41538543 -0.44613070
1.06277166 -1.31748857 -0.30314626
1.04469353 -1.21392242 -0.19111154
1.08961597 -1.08880906 0.00087889
1.05889528 -0.93664586 0.12197688
1.11025970 -0.85627423 0.24973552
1.07928154 -0.78683684 0.27286821
1.03715445 -0.68869905 0.30069148
1.04824481 -0.59153673 0.37445073
1.07444439 -0.44314119 0.47902832
1.11157760 -0.37401772 0.54785775
1.05077545 -0.25610013 0.51927089
1.06708886 -0.14907570 0.55822754
1.08512981 -0.08204012 0.58538806
1.05150423 0.01413469 0.55273068
1.04656247 0.15790905 0.53517886
1.09378539 0.27498582 0.56037464
1.04005097 0.33134444 0.48595844
1.05352229 0.49928649 0.43031111
1.07244899 0.58121795 0.40616627
1.07486459 0.68738885 0.34141522
1.07423848 0.75044950 0.29540693
1.03995795 0.87194273 0.16061420
1.10276430 0.94499980 0.16153224
1.10931890 1.11337643 -0.00450933
1.03809537 1.14139362 -0.11256870
1.06043714 1.31360657 -0.30051766
1.10837743 1.38844832 -0.34964410
1.05811626 1.47904693 -0.53398491
1.07255371 1.55265124 -0.63017721
1.10813899 1.69861537 -0.82866107
1.11630221 1.76201056 -0.92927529
1.04548823 1.88353559 -1.22733033
1.07692308 2.00000000 -1.42011834
1.17948718 -2.00000000 -1.30440500
1.16417541 -1.93107654 -1.18687610
1.14681411 -1.77376830 -0.91553569
1.20083998 -1.71053407 -0.74195507
1.17912506 -1.56260753 -0.52570320
1.16570374 -1.47131549 -0.40295203
1.18327788 -1.36680397 -0.23400327
1.15797721 -1.24210818 -0.10096076
1.15943512 -1.21858714 -0.07033241
1.21085834 -1.06675681 0.16410391
1.20022448 -0.98902447 0.23118470
1.14996129 -0.85839496 0.29278453
1.19283761 -0.73520448 0.44116797
1.15886329 -0.69651385 0.42891630
1.14655611 -0.60255770 0.47575756
1.14177072 -0.43083276 0.55901175
1.15057982 -0.36844892 0.59403966
1.20800763 -0.23745292 0.70144927
1.17048090 -0.15436097 0.67309911
1.21440175 -0.07936394 0.73423649
1.18834105 0.05770108 0.70441252
1.15084330 0.18984947 0.64419874
1.17471047 0.25934005 0.65634371
1.20977338 0.37577831 0.66117114
1.16753639 0.48658869 0.56318633
1.15917341 0.54955669 0.52083521
1.21878969 0.68844714 0.50574442
1.19882781 0.80305927 0.39614196
1.16874483 0.89447300 0.28294126
1.17749543 0.94558224 0.24618486
1.17458624 1.04104913 0.14793478
1.19051870 1.21895716 -0.03426088
1.14692266 1.25704483 -0.13236505
1.17073404 1.37285292 -0.25705348
1.20496015 1.47599617 -0.36331787
1.21896764 1.57474140 -0.49696418
1.19077757 1.68078531 -0.70354402
1.18341444 1.81045232 -0.93863394
1.18163912 1.86060561 -1.03279112
1.17948718 2.00000000 -1.30440500
1.28205128 -2.00000000 -1.17817226
1.24393942 -1.87442670 -0.98304508
1.25408305 -1.78962054 -0.81500869
1.26890630 -1.70386446 -0.64651545
1.25986095 -1.60882205 -0.50052939
1.31344341 -1.47188101 -0.22065006
1.31608484 -1.35844465 -0.05664628
1.28133212 -1.28531136 -0.00510665
1.28500972 -1.19209037 0.11508527
1.25567875 -1.08336492 0.20152479
1.26237816 -0.95721331 0.33867065
1.30214618 -0.87456899 0.46535687
1.28159913 -0.80648883 0.49603605
1.28521402 -0.69074384 0.58732401
1.25608716 -0.59024080 0.61468537
1.29020193 -0.45106662 0.73057996
1.32204913 -0.38821556 0.79855129
1.32017238 -0.23026960 0.84491551
1.27050611 -0.16726411 0.79310425
1.29562778 -0.05740973 0.83767773
1.27672518 0.06916273 0.81262185
1.26704171 0.16207438 0.78956329
1.29589024 0.29154746 0.79716579
1.26652070 0.32600309 0.74889834
1.25873988 0.47569477 0.67907028
1.29638267 0.58290200 0.67041664
1.32161269 0.65077754 0.66157436
1.31065161 0.77170888 0.56113653
1.31074413 0.86830900 0.48204483
1.30784778 0.95646332 0.39782187
1.31999787 1.08474796 0.28285811
1.24780943 1.20393458 0.05378496
1.25592872 1.27874145 -0.02891137
1.24484638 1.41841887 -0.23113478
1.27711717 1.47651607 -0.27453572
1.30482854 1.56713532 -0.37666780
1.31515984 1.66852235 -0.52716071
1.25530090 1.80554829 -0.84211214
1.30706448 1.90402197 -0.95844106
1.28205128 2.00000000 -1.17817226
1.38461538 -2.00000000 -1.04142012
1.36995333 -1.86615405 -0.80287941
1.35624243 -1.81159899 -0.72124868
1.38376641 -1.71060650 -0.50568256
1.35725088 -1.59623593 -0.35291959
1.37093410 -1.52545888 -0.22378224
1.39716780 -1.42270736 -0.03600918
1.35831305 -1.30046872 0.07689772
1.39025427 -1.18798509 0.26074917
1.39550233 -1.08944971 0.38026304
1.36576499 -0.99137390 0.44124589
1.37509832 -0.89112024 0.54840005
1.35571252 -0.79380882 0.60391199
1.38714814 -0.67572942 0.73378485
1.40794223 -0.56584843 0.83105844
1.41446364 -0.48105844 0.88464508
1.40947813 -0.37934810 0.92136181
1.42391916 -0.21795541 0.99002060
1.34646239 -0.16951972 0.89211201
1.34722638 -0.04788218 0.90636311
1.37545215 0.07290102 0.94327703
1.35371676 0.19300499 0.89764906
1.38661815 0.27718871 0.92293816
1.40105601 0.35863895 0.91716802
1.35957229 0.42728976 0.83293014
1.40802104 0.57095407 0.82826734
1.39690228 0.63190449 0.77601635
1.40583324 0.75712206 0.70156665
1.40179558 0.85371716 0.61809894
1.39710046 1.00715701 0.46876222
1.41327648 1.08477955 0.41030188
1.36301020 1.21446982 0.19142993
1.38492249 1.27772173 0.14271874
1.39342321 1.39568763 -0.00315787
1.36002798 1.46163414 -0.14334913
1.39967979 1.58369643 -0.27449543
1.34717003 1.66803167 -0.48373128
1.39477772 1.80997295 -0.66529859
1.37337448 1.92243430 -0.90479809
1.38461538 2.00000000 -1.04142012
1.48717949 -2.00000000 -0.89414859
1.45478912 -1.89718375 -0.74144739
1.50288060 -1.79108165 -0.47466168
1.52675225 -1.69677825 -0.27404200
1.47782916 -1.55969616 -0.12433654
1.48105012 -1.49644357 -0.02291695
1.49793129 -1.36671039 0.18795044
1.47135137 -1.29096720 0.24913926
1.47721042 -1.17372457 0.40226063
1.49974841 -1.04001931 0.58380256
1.45581385 -0.96479629 0.59428104
1.51224681 -0.90403718 0.73480359
1.45644154 -0.79553887 0.74416994
1.48581674 -0.70492536 0.85536582
1.47569299 -0.59045789 0.91451465
1.47370969 -0.42591695 0.99520750
1.47661308 -0.36540796 1.02343160
1.46640323 -0.29186148 1.03257765
1.46551275 -0.17280335 1.05893332
1.46921011 -0.05268739 1.07790119
1.47989409 0.05954878 1.09327024
1.49592505 0.15630764 1.10667983
1.47840642 0.23945735 1.06417286
1.50290305 0.39420210 1.05166115
1.50272477 0.46813868 1.01951396
1.46659830 0.59449985 0.89874026
1.45730205 0.66454731 0.84105306
1.51587816 0.80274166 0.82674622
1.45413068 0.88604462 0.66471049
1.52069925 0.98366850 0.67246124
1.52503171 1.11291694 0.54356880
1.45671875 1.19891215 0.34231959
1.46121658 1.25714997 0.27736392
1.51455216 1.36729443 0.21218708
1.47191223 1.50306418 -0.04633815
1.49949568 1.61934311 -0.18689240
1.49678288 1.69138588 -0.31021361
1.46694604 1.80459393 -0.55231429
1.45801990 1.92806935 -0.79581470
1.48717949 2.00000000 -0.89414859
1.58974359 -2.00000000 -0.73635766
1.59983882 -1.90053236 -0.52626951
1.55272232 -1.83348436 -0.47535914
1.57685994 -1.69487295 -0.19305354
1.61901893 -1.57444926 0.07116592
1.60822187 -1.47005965 0.21265110
1.56410114 -1.34839349 0.31412369
1.56393202 -1.24543107 0.44739240
1.60211161 -1.21310059 0.54757429
1.61229581 -1.09960223 0.69518636
1.59086248 -0.95327455 0.81105553
1.55572858 -0.86586336 0.83528603
1.59810817 -0.75711168 0.99036581
1.59845668 -0.69538003 1.03575518
1.62918489 -0.52885191 1.18727954
1.62915502 -0.45594232 1.22313134
1.58171613 -0.37625346 1.18012962
1.58955586 -0.28364282 1.22311730
1.57188260 -0.14599288 1.22475049
1.56196775 -0.02635151 1.21952442
1.59243072 0.09049606 1.26382304
1.56034534 0.13456241 1.20828528
1.62820236 0.24647506 1.29514648
1.61631277 0.35577686 1.24294491
1.59845411 0.49277790 1.15611275
1.55067491 0.58806263 1.02938750
1.61131651 0.65071898 1.08645284
1.55786143 0.75517568 0.92832096
1.61096568 0.84989549 0.93644403
1.57214640 0.98618360 0.74954310
1.57748607 1.04801728 0.69506104
1.62333206 1.17785723 0.62392967
1.58346196 1.31407721 0.39027643
1.61182116 1.39545799 0.32533222
1.60010921 1.45526563 0.22127572
1.56651545 1.60337889 -0.05842662
1.55331884 1.70996546 -0.25559123
1.56689168 1.79907914 -0.39076810
1.59964150 1.86198760 -0.45407244
1.58974359 2.00000000 -0.73635766
1.69230769 -2.00000000 -0.56804734
1.70415052 -1.87544407 -0.30658072
1.72933956 -1.82165041 -0.16389744
1.71741939 -1.72040396 -0.00513021
1.71080431 -1.58085567 0.21387337
1.72412397 -1.46253315 0.41680011
1.73234135 -1.35390404 0.58397521
1.71000209 -1.29693601 0.62103208
1.70894992 -1.15773155 0.79008373
1.71277015 -1.05558184 0.90966428
1.68280252 -0.94519286 0.96921738
1.71836144 -0.84663914 1.11798411
1.71012009 -0.75800247 1.17497149
1.67922599 -0.68188301 1.17741774
1.71102399 -0.52568664 1.32562832
1.69576927 -0.46532621 1.32955247
1.68778528 -0.38910245 1.34860921
1.67682361 -0.23034408 1.37933951
1.70690599 -0.15835217 1.44422633
1.69830199 -0.05709273 1.44048503
1.72678400 0.05027037 1.48962793
1.71626328 0.17607852 1.45727800
1.70786856 0.29307796 1.41546017
1.65284251 0.34162708 1.30758966
1.72857196 0.44778517 1.39372473
1.66448051 0.58730403 1.21278468
1.69984859 0.65328237 1.23135368
1.66692151 0.73907650 1.11619661
1.66708842 0.84784528 1.03017109
1.68624894 1.00614312 0.91555576
1.68679366 1.09948238 0.81820567
1.71526535 1.16871118 0.78812469
1.65520463 1.29647946 0.52942170
1.67465334 1.38319211 0.44562169
1.67317944 1.45331768 0.34369859
1.70461991 1.60198522 0.16968619
1.70515634 1.70567239 -0.00088009
1.71908236 1.75943722 -0.07018760
1.67281380 1.89064143 -0.38810950
1.69230769 2.00000000 -0.56804734
1.79487179 -2.00000000 -0.38921762
1.80964411 -1.90494416 -0.17700022
1.80763163 -1.75522750 0.09335426
1.82500078 -1.71186303 0.20007642
1.80444481 -1.55731232 0.41539970
1.80223523 -1.48773828 0.51734332
1.80718575 -1.35921313 0.70923000
1.78294638 -1.25345583 0.80387313
1.77872832 -1.16197398 0.90684546
1.76446069 -1.10659980 0.94437920
1.79089348 -0.97059897 1.13261854
1.76650891 -0.87130907 1.18068712
1.77932745 -0.78200646 1.27723603
1.79565349 -0.65056872 1.40056590
1.82196250 -0.60268489 1.47815913
1.76321312 -0.43799285 1.45854139
1.76938470 -0.35571933 1.50209298
1.77740713 -0.27333047 1.54223328
1.76260693 -0.11500585 1.54677843
1.78923495 -0.06242108 1.59873267
1.81729880 0.01401570 1.65118925
1.75928291 0.18365870 1.53067291
1.83004172 0.24756759 1.64388149
1.76046174 0.32598781 1.49647874
1.81171388 0.46982482 1.53078591
1.82214774 0.54782442 1.51005539
1.75791545 0.66111057 1.32659977
1.80069567 0.79210022 1.30754107
1.75613550 0.88997930 1.14597437
1.82708562 1.00549786 1.16360796
1.78997973 1.04486799 1.05613916
1.82372070 1.21872923 0.92032813
1.82193004 1.31351579 0.79705266
1.80156703 1.37779265 0.67366558
1.78952860 1.45157311 0.54767405
1.79709066 1.60150438 0.33235928
1.77363137 1.68459037 0.15396176
1.83195034 1.77028777 0.11106163
1.81735359 1.92934183 -0.20979293
1.79487179 2.00000000 -0.38921762
1.89743590 -2.00000000 -0.19986851
1.89843070 -1.93519959 -0.07047915
1.91212781 -1.77245183 0.25732364
1.88346087 -1.71549003 0.30225939
1.93454183 -1.55628382 0.66021638
1.90439808 -1.49733885 0.69235421
1.92449283 -1.40511689 0.86465958
1.86504975 -1.24695029 0.96176277
1.85967650 -1.14196644 1.07715466
1.92076797 -1.04764898 1.29589061
1.92584761 -0.99947968 1.35496470
1.86223984 -0.87658475 1.34976820
1.89832654 -0.77276738 1.50323711
1.87826579 -0.69853217 1.51996759
1.91038102 -0.57314734 1.66052889
1.89640932 -0.47233699 1.68663304
1.88062769 -0.36051575 1.70339445
1.85948994 -0.22334269 1.70391043
1.86372770 -0.13915736 1.72705808
1.93031970 -0.08554771 1.85940787
1.88086714 0.08924391 1.76484836
1.89073241 0.14762161 1.77653846
1.90775246 0.22148152 1.79523269
1.93347026 0.32261347 1.81711391
1.92855548 0.49450759 1.73739424
1.87594048 0.59629712 1.58179122
1.86499683 0.70209621 1.49263705
1.88720658 0.78038457 1.47627431
1.86206728 0.84389788 1.37756546
1.88268115 0.96432923 1.30727873
1.87798630 1.05259118 1.20944217
1.91138221 1.17135656 1.14065288
1.89978622 1.29348193 0.96804609
1.90885114 1.38271264 0.86590921
1.89312070 1.49711695 0.67127342
1.86396475 1.61970117 0.42546636
1.86362368 1.72733702 0.24470002
1.87297320 1.83186381 0.07615180
1.87231959 1.91079063 -0.07277009
1.89743590 2.00000000 -0.19986851
2.00000000 -2.00000000 0.00000000
2.00000000 -1.89743590 0.19986851
2.00000000 -1.79487179 0.38921762
2.00000000 -1.69230769 0.56804734
2.00000000 -1.58974359 0.73635766
2.00000000 -1.48717949 0.89414859
2.00000000 -1.38461538 1.04142012
2.00000000 -1.28205128 1.17817226
2.00000000 -1.17948718 1.30440500
2.00000000 -1.07692308 1.42011834
2.00000000 -0.97435897 1.52531229
2.00000000 -0.87179487 1.61998685
2.00000000 -0.76923077 1.70414201
2.00000000 -0.66666667 1.77777778
2.00000000 -0.56410256 1.84089415
2.00000000 -0.46153846 1.89349112
2.00000000 -0.35897436 1.93556870
2.00000000 -0.25641026 1.96712689
2.00000000 -0.15384615 1.98816568
2.00000000 -0.05128205 1.99868508
2.00000000 0.05128205 1.99868508
2.00000000 0.15384615 1.98816568
2.00000000 0.25641026 1.96712689
2.00000000 0.35897436 1.93556870
2.00000000 0.46153846 1.89349112
2.00000000 0.56410256 1.84089415
2.00000000 0.66666667 1.77777778
2.00000000 0.76923077 1.70414201
2.00000000 0.87179487 1.61998685
2.00000000 0.97435897 1.52531229
2.00000000 1.07692308 1.42011834
2.00000000 1.17948718 1.30440500
2.00000000 1.28205128 1.17817226
2.00000000 1.38461538 1.04142012
2.00000000 1.48717949 0.89414859
2.00000000 1.58974359 0.73635766
2.00000000 1.69230769 0.56804734
2.00000000 1.79487179 0.38921762
2.00000000 1.89743590 0.19986851
2.00000000 2.00000000 0.00000000
