-2.00000000 -2.00000000 0.00000000
-2.00000000 -1.78947368 0.39889197
-2.00000000 -1.57894737 0.75346260
-2.00000000 -1.36842105 1.06371191
-2.00000000 -1.15789474 1.32963989
-2.00000000 -0.94736842 1.55124654
-2.00000000 -0.73684211 1.72853186
-2.00000000 -0.52631579 1.86149584
-2.00000000 -0.31578947 1.95013850
-2.00000000 -0.10526316 1.99445983
-2.00000000 0.10526316 1.99445983
-2.00000000 0.31578947 1.95013850
-2.00000000 0.52631579 1.86149584
-2.00000000 0.73684211 1.72853186
-2.00000000 0.94736842 1.55124654
-2.00000000 1.15789474 1.32963989
-2.00000000 1.36842105 1.06371191
-2.00000000 1.57894737 0.75346260
-2.00000000 1.78947368 0.39889197
-2.00000000 2.00000000 0.00000000
-1.78947368 -2.00000000 -0.39889197
-1.84858351 -1.79699281 0.09403892
-1.74430124 -1.54466344 0.32830085
-1.75077804 -1.37951224 0.58108486
-1.73942396 -1.15240609 0.84877795
-1.85951288 -0.95471758 1.27315126
-1.86489556 -0.66461486 1.51806128
-1.71489166 -0.55378275 1.31708904
-1.82126879 -0.27107840 1.62176825
-1.83887448 -0.15890267 1.67810465
-1.84142261 0.07974028 1.69223936
-1.76840058 0.39308030 1.48636424
-1.83771266 0.60240298 1.50714924
-1.78023185 0.80376271 1.26159548
-1.73642155 0.89071963 1.11088918
-1.76469360 1.09518558 0.95735602
-1.87194249 1.35099095 0.83949607
-1.74384801 1.58998387 0.25647859
-1.84074769 1.84638881 -0.01039978
-1.78947368 2.00000000 -0.39889197
-1.57894737 -2.00000000 -0.75346260
-1.50992068 -1.83331008 -0.54058269
-1.58758995 -1.55595946 0.04971601
-1.51182808 -1.43070950 0.11934724
-1.56994710 -1.07973507 0.64945304
-1.56074715 -0.91111753 0.80289826
-1.53307899 -0.73565550 0.90457108
-1.61400393 -0.51123941 1.17182147
-1.57424648 -0.34193562 1.18066600
-1.51986408 -0.12811783 1.14678632
-1.58168926 0.14888713 1.23978677
-1.52659584 0.38092591 1.09269515
-1.55367286 0.48503307 1.08932113
-1.52099832 0.80512143 0.83260769
-1.54312361 0.99190262 0.69867983
-1.57668211 1.15680738 0.57386158
-1.56515385 1.30956469 0.36737345
-1.54959092 1.63922666 -0.14291602
-1.63488170 1.83182572 -0.34137364
-1.57894737 2.00000000 -0.75346260
-1.36842105 -2.00000000 -1.06371191
-1.33402554 -1.85269833 -0.82643348
-1.44337036 -1.56303872 -0.17988603
-1.41527331 -1.40014063 0.02130237
-1.34820678 -1.13273303 0.26728870
-1.32692447 -0.93598899 0.44232658
-1.39615660 -0.81816282 0.63993143
-1.43280899 -0.57755849 0.85968389
-1.36420328 -0.27907111 0.89158495
-1.41694168 -0.12363933 0.99621852
-1.29561754 0.08868273 0.83538010
-1.33285330 0.33555516 0.83195032
-1.34177401 0.52243069 0.76371184
-1.36089945 0.77034550 0.62930756
-1.42495219 0.99720685 0.51803362
-1.30621745 1.08234159 0.26737036
-1.41878066 1.32651468 0.12664869
-1.43609371 1.51888832 -0.12232830
-1.34482674 1.72658381 -0.58626634
-1.36842105 2.00000000 -1.06371191
-1.15789474 -2.00000000 -1.32963989
-1.23016155 -1.71509957 -0.71413455
-1.17423959 -1.57218630 -0.54646557
-1.16221115 -1.39450098 -0.29694912
-1.16553215 -1.20890819 -0.05149691
-1.14459294 -0.98887043 0.16611413
-1.21706103 -0.78544025 0.43216058
-1.17245475 -0.45452421 0.58402895
-1.14156681 -0.23558755 0.62383664
-1.17444581 -0.14522128 0.67911687
-1.12275006 0.05362856 0.62884584
-1.07480720 0.29752960 0.53334333
-1.19602884 0.48815945 0.59609267
-1.19051388 0.80969433 0.38085919
-1.07578856 0.95711355 0.12062734
-1.20260649 1.07610912 0.14412576
-1.22796002 1.33471985 -0.13679564
-1.13407696 1.60002709 -0.63697807
-1.09895163 1.84303184 -1.09453584
-1.15789474 2.00000000 -1.32963989
-0.94736842 -2.00000000 -1.55124654
-0.97195608 -1.76047714 -1.07729056
-0.95665533 -1.54087744 -0.72955694
-1.00003872 -1.28892848 -0.33062959
-1.02696919 -1.13827025 -0.12049672
-0.97198029 -0.89719715 0.06989148
-1.00681506 -0.67162943 0.28129524
-1.03024182 -0.48707789 0.41207667
-0.91342614 -0.31456375 0.36769848
-1.00167063 -0.12492257 0.49386920
-0.95626784 0.05731506 0.45558158
-1.00392329 0.37291673 0.43439755
-0.93909424 0.48807941 0.32183824
-0.92644575 0.75902194 0.14109371
-1.00808083 0.96148167 0.04588998
-0.93329065 1.09300887 -0.16181848
-0.98059978 1.42900914 -0.54024560
-0.93418263 1.53275228 -0.73831618
-0.96513049 1.78253290 -1.12297334
-0.94736842 2.00000000 -1.55124654
-0.73684211 -2.00000000 -1.72853186
-0.70209881 -1.72929402 -1.24875754
-0.80566534 -1.65457365 -1.04425866
-0.74659555 -1.44849734 -0.77036982
-0.79451006 -1.22358524 -0.43295731
-0.80548702 -0.92646314 -0.10476231
-0.80432631 -0.72572177 0.06013437
-0.65907882 -0.58629331 0.04532252
-0.69363939 -0.30174273 0.19504346
-0.79185930 -0.03021898 0.31306398
-0.69735529 0.08514829 0.23952709
-0.67204858 0.24975111 0.19463684
-0.68117080 0.58344401 0.06179338
-0.80090074 0.80613373 -0.00420480
-0.68946082 1.01653625 -0.27899486
-0.77328771 1.19766461 -0.41821332
-0.69018326 1.34311377 -0.66380084
-0.81440931 1.49790498 -0.79022841
-0.73573949 1.79748243 -1.34481524
-0.73684211 2.00000000 -1.72853186
-0.52631579 -2.00000000 -1.86149584
-0.58887335 -1.76762906 -1.38887033
-0.60103313 -1.58260420 -1.07169761
-0.52454364 -1.41787715 -0.86761480
-0.60179978 -1.09066101 -0.41368923
-0.46752101 -0.93266703 -0.32564595
-0.60482884 -0.73261610 -0.08545421
-0.44908016 -0.48176721 -0.01521332
-0.49486691 -0.39259679 0.04538051
-0.51324682 -0.14985885 0.12048231
-0.44515464 0.02367843 0.09880099
-0.57256762 0.37917588 0.09202967
-0.58969067 0.49296098 0.05236228
-0.55861170 0.80050842 -0.16438335
-0.49358111 1.01975797 -0.39814200
-0.57769727 1.08920920 -0.42632127
-0.55246408 1.41281661 -0.84541711
-0.50644711 1.65153417 -1.23553822
-0.49080552 1.71972568 -1.35828318
-0.52631579 2.00000000 -1.86149584
-0.31578947 -2.00000000 -1.95013850
-0.34663532 -1.83890076 -1.63069997
-0.35454005 -1.55116630 -1.14020913
-0.32518843 -1.32561800 -0.82575778
-0.39654209 -1.08970412 -0.51510472
-0.37212891 -0.90688806 -0.34198301
-0.25834044 -0.81321770 -0.29729162
-0.30872268 -0.44706821 -0.05228014
-0.39797981 -0.31626093 0.02918347
-0.32825241 -0.12503023 0.04605854
-0.36677057 0.05194277 0.06591130
-0.35483244 0.26866532 0.02686250
-0.35016704 0.59334974 -0.11472348
-0.24088455 0.69677453 -0.21373469
-0.39460851 0.90835321 -0.33469484
-0.25630467 1.10385109 -0.57639757
-0.28876665 1.30049920 -0.80395600
-0.34040985 1.52381454 -1.10306594
-0.29636505 1.76783012 -1.51869554
-0.31578947 2.00000000 -1.95013850
-0.10526316 -2.00000000 -1.99445983
-0.05958210 -1.78644001 -1.59390894
-0.12131652 -1.65877270 -1.36840458
-0.04877398 -1.44531479 -1.04327796
-0.10544457 -1.07651196 -0.57387972
-0.05678566 -0.97147000 -0.47026468
-0.03355716 -0.77717385 -0.30143655
-0.09166106 -0.51375011 -0.12776871
-0.06840293 -0.35105858 -0.05928158
-0.12233489 -0.13453291 -0.00156664
-0.03540829 0.14495584 -0.00987922
-0.13197095 0.36146698 -0.05662102
-0.08562321 0.48409221 -0.11350697
-0.10541371 0.66971577 -0.21870358
-0.15340551 0.87680694 -0.37262858
-0.17520327 1.17716088 -0.67750578
-0.05023020 1.42425102 -1.01298394
-0.15211260 1.65364336 -1.35569906
-0.13279181 1.82139650 -1.64992577
-0.10526316 2.00000000 -1.99445983
0.10526316 -2.00000000 -1.99445983
0.12119882 -1.79345003 -1.60088693
0.13686881 -1.51374353 -1.13634320
0.13795167 -1.36689994 -0.92469239
0.16555560 -1.11684689 -0.60996916
0.08431389 -0.86746177 -0.37269054
0.08915067 -0.81364977 -0.32703905
0.18260642 -0.45247237 -0.08569307
0.11115953 -0.27402213 -0.03136584
0.13796254 -0.17221927 -0.00531291
0.15458654 0.12660383 0.00393423
0.18289737 0.31230964 -0.03204293
0.06820135 0.57130772 -0.16087054
0.11409703 0.79899201 -0.31268505
0.02898545 0.97813669 -0.47795561
0.17361266 1.10490453 -0.59533633
0.03699392 1.36685697 -0.93346471
0.13085255 1.60085957 -1.27281449
0.11021117 1.76258920 -1.54728709
0.10526316 2.00000000 -1.99445983
0.31578947 -2.00000000 -1.95013850
0.35091438 -1.70803914 -1.39712839
0.31684276 -1.59638348 -1.22402544
0.39400577 -1.42222277 -0.93373853
0.32624521 -1.10124857 -0.55315624
0.36424426 -0.90602829 -0.34410669
0.34606609 -0.74520417 -0.21778376
0.39350216 -0.60946347 -0.10830089
0.30303374 -0.32402407 -0.00658108
0.35214925 -0.14072020 0.05210346
0.26537749 0.09657150 0.03054958
0.33849991 0.32057096 0.00590822
0.37830994 0.52177312 -0.06456439
0.26659374 0.76054564 -0.25367872
0.29734428 0.86812859 -0.33261682
0.29928169 1.09296055 -0.55249661
0.33903628 1.43570704 -0.97315455
0.35461935 1.65524985 -1.30704860
0.25623530 1.84544411 -1.67000372
0.31578947 2.00000000 -1.95013850
0.52631579 -2.00000000 -1.86149584
0.57027317 -1.83280860 -1.51698794
0.52190857 -1.63350226 -1.19797054
0.49450236 -1.36434747 -0.80845572
0.50772240 -1.17639112 -0.56305702
0.56153563 -0.91781977 -0.26353544
0.46227047 -0.72505928 -0.15600848
0.57262961 -0.60435399 -0.01866953
0.56751958 -0.39579400 0.08271279
0.51431949 -0.12492068 0.12445968
0.44629211 0.03426625 0.09900124
0.55469061 0.27694837 0.11549064
0.52950324 0.47006021 0.02970854
0.54561304 0.80941669 -0.17873089
0.56845964 0.92513218 -0.26636159
0.60270160 1.13290747 -0.46011506
0.48934810 1.35543697 -0.79887391
0.60722836 1.56010063 -1.03259384
0.49142469 1.79663888 -1.49320652
0.52631579 2.00000000 -1.86149584
0.73684211 -2.00000000 -1.72853186
0.75958296 -1.74631905 -1.23633198
0.77179015 -1.55013621 -0.90363112
0.72212990 -1.37872031 -0.68969905
0.81716260 -1.15882979 -0.33756589
0.78034767 -0.97086131 -0.16681460
0.65531996 -0.75494648 -0.07024997
0.74049299 -0.54316911 0.12664860
0.68842513 -0.37228949 0.16766485
0.66171574 -0.07087071 0.21642253
0.74145717 0.15795999 0.26240368
0.79748550 0.35792239 0.25393735
0.78592946 0.59352923 0.13270409
0.80589387 0.79024664 0.01248759
0.80288828 0.92203666 -0.10276101
0.81966907 1.22346105 -0.41249977
0.78903465 1.42669686 -0.70644413
0.77795020 1.59133548 -0.96357105
0.73986035 1.86140261 -1.45871316
0.73684211 2.00000000 -1.72853186
0.94736842 -2.00000000 -1.55124654
0.91181041 -1.76531228 -1.14246461
1.01976529 -1.61806619 -0.78910848
0.89010939 -1.40002175 -0.58388309
0.93767680 -1.15663626 -0.22928483
0.90287421 -0.99042772 -0.08288261
0.88839849 -0.74171560 0.11955493
0.88759024 -0.55089485 0.24216565
0.89271095 -0.29359391 0.35536773
0.96741008 -0.15035162 0.45663832
1.03064879 0.06927951 0.52871864
1.01521967 0.28237697 0.47546711
0.95761235 0.54134396 0.31198406
0.96043925 0.70991708 0.20923065
0.99588872 0.96785473 0.02752579
0.95748732 1.15488560 -0.20848939
0.91121424 1.35305847 -0.50022792
0.98649770 1.61395674 -0.81583933
1.02993606 1.82748959 -1.13947496
0.94736842 2.00000000 -1.55124654
1.15789474 -2.00000000 -1.32963989
1.23995460 -1.81813379 -0.88406153
1.12066022 -1.49601272 -0.49108736
1.14551402 -1.35507562 -0.26201379
1.21942151 -1.22044802 -0.00125229
1.09435612 -0.95289825 0.14480012
1.10790414 -0.80996479 0.28570431
1.19330821 -0.51786040 0.57790254
1.15031937 -0.29265084 0.61879507
1.12542156 -0.12261730 0.62576934
1.13036659 0.12930887 0.63050392
1.15096550 0.32884050 0.60829275
1.16608174 0.53774247 0.53528983
1.08205516 0.78358122 0.27842192
1.22607339 0.87556233 0.36832328
1.19835514 1.16974947 0.03387061
1.19805762 1.28769746 -0.11141134
1.08031511 1.58643054 -0.67484056
1.16692008 1.72360632 -0.80455814
1.15789474 2.00000000 -1.32963989
1.36842105 -2.00000000 -1.06371191
1.41451582 -1.85653043 -0.72292511
1.43389881 -1.52948723 -0.14163270
1.40574863 -1.30900622 0.13131596
1.33368571 -1.13928157 0.24037753
1.28872773 -0.90555053 0.42039870
1.31530703 -0.81188481 0.53543782
1.41187363 -0.59955008 0.81696343
1.39231517 -0.23909703 0.94068707
1.37515733 -0.09725801 0.94079928
1.41187484 0.14585420 0.98605855
1.36839008 0.24102478 0.90719923
1.44925719 0.56439494 0.89090238
1.36473878 0.76478599 0.63880717
1.32690237 0.90279086 0.47281928
1.29149981 1.14070927 0.18337705
1.37940181 1.30199239 0.10378257
1.31589143 1.56037279 -0.35159649
1.28506090 1.84112142 -0.86917328
1.36842105 2.00000000 -1.06371191
1.57894737 -2.00000000 -0.75346260
1.52248352 -1.72164925 -0.32306005
1.59064530 -1.61051629 -0.03180513
1.50745557 -1.34674271 0.22935319
1.50536981 -1.18568694 0.43014237
1.66199881 -0.89251550 0.98282806
1.61397818 -0.72282548 1.04122444
1.59875188 -0.48548031 1.16015821
1.64174397 -0.38279652 1.27439505
1.64493479 -0.02584284 1.35257131
1.59277548 0.07707587 1.26549652
1.50426889 0.28978598 1.08942450
1.50151329 0.55593766 0.97273773
1.59477400 0.77539591 0.97103264
1.64058500 0.91653527 0.92574113
1.62064361 1.19783067 0.59584369
1.58868537 1.29544515 0.42287153
1.63981050 1.58736055 0.08463247
1.57310882 1.84827216 -0.47071931
1.57894737 2.00000000 -0.75346260
1.78947368 -2.00000000 -0.39889197
1.72542075 -1.86719879 -0.25467729
1.81707090 -1.54294547 0.46053297
1.79441843 -1.35870365 0.68693095
1.83481863 -1.10364135 1.07426759
1.81418627 -0.90851808 1.23293335
1.79095919 -0.79267702 1.28959898
1.83949093 -0.60178243 1.51079239
1.73416292 -0.30394017 1.45747071
1.76735285 -0.04044360 1.56095021
1.75618187 0.10385339 1.53669462
1.73757308 0.37298234 1.44002218
1.76625117 0.56250698 1.40161454
1.82878391 0.72846559 1.40689424
1.72523425 1.02488348 0.96302354
1.71215181 1.21225765 0.73094761
1.73237006 1.35668770 0.58025225
1.78015030 1.56641667 0.35763695
1.80433119 1.81886984 -0.02633822
1.78947368 2.00000000 -0.39889197
2.00000000 -2.00000000 0.00000000
2.00000000 -1.78947368 0.39889197
2.00000000 -1.57894737 0.75346260
2.00000000 -1.36842105 1.06371191
2.00000000 -1.15789474 1.32963989
2.00000000 -0.94736842 1.55124654
2.00000000 -0.73684211 1.72853186
2.00000000 -0.52631579 1.86149584
2.00000000 -0.31578947 1.95013850
2.00000000 -0.10526316 1.99445983
2.00000000 0.10526316 1.99445983
2.00000000 0.31578947 1.95013850
2.00000000 0.52631579 1.86149584
2.00000000 0.73684211 1.72853186
2.00000000 0.94736842 1.55124654
2.00000000 1.15789474 1.32963989
2.00000000 1.36842105 1.06371191
2.00000000 1.57894737 0.75346260
2.00000000 1.78947368 0.39889197
2.00000000 2.00000000 0.00000000
