-3.00000000 -3.00000000 0.13322536
-3.00000000 -2.79310345 0.07166405
-3.00000000 -2.58620690 -0.15428749
-3.00000000 -2.37931034 -0.00041652
-3.00000000 -2.17241379 0.06275423
-3.00000000 -1.96551724 -0.07124914
-3.00000000 -1.75862069 0.02718533
-3.00000000 -1.55172414 0.01074260
-3.00000000 -1.34482759 -0.00154110
-3.00000000 -1.13793103 -0.02289004
-3.00000000 -0.93103448 0.03257649
-3.00000000 -0.72413793 0.10274904
-3.00000000 -0.51724138 -0.12145376
-3.00000000 -0.31034483 0.07137246
-3.00000000 -0.10344828 -0.01275905
-3.00000000 0.10344828 0.00799321
-3.00000000 0.31034483 -0.14772635
-3.00000000 0.51724138 -0.01546307
-3.00000000 0.72413793 0.12600341
-3.00000000 0.93103448 -0.12373421
-3.00000000 1.13793103 -0.20766355
-3.00000000 1.34482759 -0.17976344
-3.00000000 1.55172414 0.02413312
-3.00000000 1.75862069 0.23768623
-3.00000000 1.96551724 0.11231788
-3.00000000 2.17241379 0.16745005
-3.00000000 2.37931034 0.01010776
-3.00000000 2.58620690 0.13992927
-3.00000000 2.79310345 -0.02705479
-3.00000000 3.00000000 0.06135265
-2.79310345 -3.00000000 -0.02654333
-2.82800566 -2.85447953 -0.05466570
-2.77164540 -2.62778801 0.01397190
-2.79072681 -2.38092054 -0.04640414
-2.83827004 -2.24167622 0.13212858
-2.85628575 -1.90839415 0.02121560
-2.86440582 -1.82715603 0.04163320
-2.82421355 -1.57511788 -0.03303428
-2.73845818 -1.38569537 0.12290472
-2.71166574 -1.18184977 -0.08638123
-2.80178613 -0.87627836 0.03695159
-2.80584585 -0.68000700 -0.08019510
-2.82305903 -0.50314257 -0.15039138
-2.83332722 -0.31335160 -0.11604762
-2.77250017 -0.06471136 -0.18148091
-2.73358226 0.17664110 -0.14086442
-2.79109701 0.31881926 -0.12212765
-2.85554299 0.57659191 -0.02206432
-2.86451119 0.66303104 0.01051155
-2.71223998 0.98722597 -0.06544788
-2.74092786 1.12627970 -0.03486926
-2.75552965 1.36460181 0.01436929
-2.74850259 1.57245444 -0.05996510
-2.81519902 1.80323248 0.06996844
-2.86967561 1.98674289 0.08443317
-2.82941695 2.23185168 0.02104047
-2.73115583 2.38275518 0.24053700
-2.73112182 2.59536821 0.09239628
-2.82263973 2.77714720 -0.01101055
-2.79310345 3.00000000 -0.03610772
-2.58620690 -3.00000000 -0.02274082
-2.57921052 -2.82347750 -0.04927098
-2.59307484 -2.51586899 0.11498601
-2.50907680 -2.38370957 -0.06565073
-2.51262689 -2.19895718 -0.00206077
-2.64631321 -1.92692108 -0.04800099
-2.60692649 -1.68931784 0.11035707
-2.52840443 -1.50975611 -0.13720892
-2.54312373 -1.39208699 -0.03787112
-2.58480876 -1.18914325 -0.03045478
-2.62560841 -1.01023445 -0.00470400
-2.57542221 -0.69445023 -0.06108830
-2.62853133 -0.51523827 -0.14373922
-2.61834598 -0.32702854 -0.06160583
-2.64036684 -0.17228541 -0.13451283
-2.54492309 0.15137706 -0.00803084
-2.52669776 0.34194633 -0.40384547
-2.51870953 0.55884281 -0.15479685
-2.57281590 0.70523283 -0.25140233
-2.52763178 0.96350522 -0.18959828
-2.52379590 1.18213058 0.13480699
-2.65563009 1.30090081 0.14764445
-2.65649139 1.55452509 -0.19450409
-2.55211207 1.75117160 -0.02339825
-2.65260778 1.90702053 -0.00550765
-2.55512988 2.10111706 -0.20914707
-2.64932929 2.33555075 -0.00300884
-2.63356889 2.66813492 0.04024041
-2.56065170 2.79366303 0.02260607
-2.58620690 3.00000000 -0.19909507
-2.37931034 -3.00000000 0.11184848
-2.45341874 -2.74993999 0.02633526
-2.36993980 -2.59327461 -0.00214681
-2.36944648 -2.33795606 -0.06762130
-2.38780486 -2.09153227 0.08315959
-2.38767251 -1.90688475 0.10733110
-2.40574154 -1.74483102 -0.03239356
-2.34024842 -1.58322211 0.02803593
-2.37842048 -1.30502984 0.07595642
-2.42394314 -1.17270135 -0.22407659
-2.34369575 -0.88330285 -0.12132255
-2.38283065 -0.69164193 -0.39458592
-2.30201793 -0.46053506 -0.49478831
-2.33501201 -0.37560651 -0.36169039
-2.32931100 -0.12578299 -0.52973756
-2.45936280 0.03438258 -0.38977023
-2.35863543 0.38484597 -0.47413931
-2.45871970 0.50720619 -0.19972625
-2.31884518 0.66474212 -0.31017581
-2.29984536 0.96819266 -0.31387081
-2.40016374 1.08305370 -0.09932186
-2.41466249 1.35701968 -0.09570874
-2.30668198 1.47416823 0.20691780
-2.44514774 1.83219766 -0.06959529
-2.43649364 1.92074548 -0.02429232
-2.38473493 2.15594784 -0.02447513
-2.35940787 2.34403001 -0.03498943
-2.36526302 2.54419198 0.01942097
-2.32299303 2.85957300 0.02957068
-2.37931034 3.00000000 -0.16087579
-2.17241379 -3.00000000 -0.05517190
-2.15278098 -2.84938259 -0.12830849
-2.20586997 -2.58768295 0.13059789
-2.23969516 -2.30527580 0.25941338
-2.24072625 -2.13692670 0.15668775
-2.12472978 -1.92870652 0.07257284
-2.15454379 -1.81062722 0.14262500
-2.18625420 -1.50725344 0.05193248
-2.21401680 -1.35135048 0.17842776
-2.17958545 -1.09884381 0.00389998
-2.21893087 -0.96669802 -0.15033204
-2.13502107 -0.80437498 -0.39275756
-2.21588060 -0.57659043 -0.48246578
-2.23405196 -0.31970030 -0.55716641
-2.17834815 -0.10283725 -0.93873241
-2.18674865 0.14948023 -0.85487445
-2.18038854 0.25080077 -0.69235501
-2.19739134 0.49721728 -0.66646297
-2.16256983 0.65040823 -0.42294153
-2.23370691 0.85130324 -0.22176842
-2.23461752 1.10733326 -0.22756923
-2.23959640 1.39934949 -0.19611377
-2.13079226 1.50071799 -0.03232364
-2.16280437 1.72391219 -0.02593787
-2.15018939 1.96800560 0.07683535
-2.13061119 2.11722751 0.20060303
-2.25393902 2.35722944 -0.09773778
-2.21686474 2.64499800 -0.03094527
-2.15625753 2.78344858 0.03970270
-2.17241379 3.00000000 0.11605405
-1.96551724 -3.00000000 0.05471856
-2.04591863 -2.81930015 0.04684430
-1.97587260 -2.59224188 0.14648196
-1.89067062 -2.42900361 0.07029083
-1.98714991 -2.16198384 0.01049036
-2.04673768 -2.03311950 0.04490379
-2.01699833 -1.81986136 -0.00961382
-1.99438278 -1.52074376 0.13603987
-1.97617026 -1.38007012 0.16861869
-1.97419594 -1.05759156 -0.37515782
-1.90506828 -0.88737280 -0.13690415
-1.92461267 -0.76465029 -0.44814138
-1.98485052 -0.48533272 -0.79993923
-1.92910763 -0.35179604 -1.10249315
-1.98537314 -0.17349790 -1.48937822
-2.04441242 0.07535821 -1.33516258
-2.00166490 0.36241817 -1.27832277
-1.98871460 0.47887694 -1.25490421
-1.89376687 0.66248961 -1.14789695
-1.97006510 0.94681388 -0.63853608
-1.99959702 1.08492736 -0.54694277
-1.97959822 1.39464682 -0.01455132
-2.04665309 1.56099937 0.11551723
-1.95894739 1.70618929 0.13556516
-1.93347558 1.91694528 0.04020884
-1.88588539 2.21812891 0.07147529
-1.90086882 2.44799689 0.10929652
-1.96049846 2.61291118 0.08678961
-2.03945011 2.80213112 0.11064726
-1.96551724 3.00000000 -0.02334789
-1.75862069 -3.00000000 -0.13702979
-1.76265075 -2.82428218 -0.05961606
-1.80820809 -2.64181323 0.06643043
-1.70716856 -2.42108076 0.09650793
-1.80936794 -2.16552315 0.26628015
-1.77831951 -1.97749617 0.08401353
-1.80578238 -1.75983081 0.13680745
-1.70964128 -1.51640050 0.18567019
-1.74240389 -1.39334695 0.15764070
-1.77839883 -1.14994548 0.16692565
-1.68073464 -0.88314885 -0.14506351
-1.71217774 -0.65068271 -0.78429015
-1.72063138 -0.45314984 -1.42806888
-1.77761267 -0.35449735 -1.49640690
-1.82427659 -0.02787282 -1.91936001
-1.81169826 0.09152916 -1.85401514
-1.71387243 0.27120025 -2.16830541
-1.82853486 0.49734721 -1.71976684
-1.80946448 0.76364858 -1.06015527
-1.82545647 0.90303785 -0.91745836
-1.74914973 1.14635875 -0.40809306
-1.68256785 1.41864149 0.19990972
-1.81551104 1.51310352 -0.03157649
-1.69232193 1.69955423 0.31247914
-1.78427306 1.99548129 0.08707074
-1.79744449 2.16991783 -0.04362415
-1.78760208 2.40873038 0.19181895
-1.77707578 2.61439893 0.05606249
-1.78076052 2.76216219 -0.05062459
-1.75862069 3.00000000 -0.14535512
-1.55172414 -3.00000000 -0.03534759
-1.52016284 -2.80488092 0.13966504
-1.56048133 -2.55150160 0.04954288
-1.57369363 -2.42552467 -0.02402084
-1.49647881 -2.24800788 -0.06064630
-1.56484300 -1.91663769 0.09587601
-1.56364423 -1.79844510 -0.02290429
-1.52624641 -1.54464649 0.41799996
-1.61087345 -1.29097488 0.36005227
-1.50590022 -1.13904284 0.53879864
-1.48325229 -0.95920590 0.21649753
-1.60841937 -0.66617738 -0.60515904
-1.49158570 -0.45735402 -1.30985884
-1.50725049 -0.29075786 -2.17533613
-1.48451926 -0.17094267 -2.40221476
-1.50809491 0.15050797 -2.84929762
-1.53084137 0.29360192 -2.82992798
-1.55399608 0.58164337 -2.21841813
-1.59192114 0.71725651 -1.68511574
-1.55654278 0.98325211 -0.91959168
-1.58622738 1.20353973 -0.36134546
-1.59805012 1.40302394 0.21347839
-1.57191979 1.51928095 0.38204679
-1.47748641 1.68958730 0.71447693
-1.54322432 1.99730309 0.49140193
-1.49513108 2.24620496 0.41606257
-1.58354409 2.30497514 0.21676129
-1.51075873 2.61888006 0.04213214
-1.51523016 2.75563081 0.00465160
-1.55172414 3.00000000 0.13713918
-1.34482759 -3.00000000 -0.20188139
-1.34653778 -2.73428440 0.04380682
-1.37207078 -2.51836449 -0.16616085
-1.30113995 -2.36777567 -0.22815570
-1.33835462 -2.12314859 -0.16133041
-1.32350084 -1.96409167 -0.06895276
-1.39039550 -1.74927338 0.19965635
-1.32744735 -1.48849305 0.23840056
-1.34880128 -1.35377366 0.74203037
-1.33993954 -1.10856104 0.87291456
-1.37585913 -0.94007441 0.50185347
-1.30293087 -0.79858439 0.20484717
-1.37521273 -0.51585410 -1.28448246
-1.30654209 -0.36916906 -1.38885699
-1.30118299 -0.03028994 -2.72660144
-1.29900326 0.12401316 -2.84956799
-1.30932583 0.34206440 -3.03122305
-1.29524683 0.50366742 -2.60181694
-1.39974968 0.70441550 -2.00783648
-1.29984613 0.98717079 -0.83897464
-1.39819475 1.13488793 -0.08564323
-1.33269213 1.28933894 0.45573705
-1.27501149 1.54842426 1.30608533
-1.29895555 1.72291964 1.13890668
-1.37559017 1.99379919 0.74839608
-1.41817015 2.10308527 0.62459527
-1.32769035 2.40060019 0.35924276
-1.26465146 2.63421702 0.30478898
-1.37985994 2.73399538 0.17076614
-1.34482759 3.00000000 -0.02955985
-1.13793103 -3.00000000 0.00548151
-1.19394792 -2.73228606 -0.03870031
-1.10823237 -2.52698382 -0.15192411
-1.05991555 -2.45856106 -0.32251207
-1.20844435 -2.21521944 -0.25187255
-1.10539663 -1.91977054 -0.31656816
-1.06644855 -1.77634167 -0.21821436
-1.15446257 -1.50184693 0.25009951
-1.16226517 -1.41836067 0.67585773
-1.21277587 -1.10660058 1.10018271
-1.21388573 -0.95254336 0.95116948
-1.06319359 -0.79175623 1.56035526
-1.09802427 -0.52599975 1.23741616
-1.21984313 -0.24081621 -2.94652010
-1.20464345 -0.09077309 -2.09286842
-1.10714618 0.18275397 -2.54611020
-1.21453169 0.32035371 -2.79940365
-1.15424295 0.58279802 -2.25985202
-1.17807267 0.65831468 -1.94872857
-1.09351726 0.95051619 -0.60563599
-1.17493093 1.16732340 0.36645870
-1.19044439 1.33577548 -0.07959349
-1.15701760 1.55885488 1.84759804
-1.07729622 1.80280712 2.19505453
-1.09597554 2.04183552 1.70406228
-1.17341602 2.21152820 1.01043859
-1.13208155 2.30989918 0.88214057
-1.17792026 2.62426320 0.29898008
-1.11125950 2.71506582 0.28395396
-1.13793103 3.00000000 0.16463749
-0.93103448 -3.00000000 0.03524236
-0.89512559 -2.83847203 -0.01032981
-0.95610479 -2.60383256 -0.22132191
-0.93823259 -2.37706924 -0.48489345
-0.85773702 -2.12992526 -0.93988415
-0.88505786 -2.04272775 -0.86861598
-0.92484857 -1.73386246 -0.52103881
-0.85637588 -1.52249165 -0.31402609
-0.98649993 -1.30556717 0.93176017
-0.89008923 -1.12938342 1.52418461
-0.93529677 -0.99137005 2.34921362
-0.99613806 -0.64531098 1.37465351
-0.99674120 -0.51266378 1.06558186
-0.95088733 -0.32989739 0.96773224
-0.92684366 -0.14333087 -2.04818006
-0.94570228 0.04101745 -1.70221047
-0.88631436 0.27791851 -2.62735581
-0.99888249 0.49856719 -2.01168134
-0.90645963 0.66775633 -1.22124371
-0.91616738 0.87793789 -0.60844396
-0.91628990 1.11115238 1.46429819
-0.91414287 1.35081471 4.31659999
-0.97388933 1.58629870 2.80419747
-0.96155944 1.76549993 2.99453139
-0.86208063 2.01158437 2.57441316
-0.94706913 2.13547871 1.88386583
-0.91114139 2.42137751 0.93437163
-0.87439340 2.58237271 0.59744250
-0.90068504 2.79849208 0.40963722
-0.93103448 3.00000000 0.07939063
-0.72413793 -3.00000000 -0.23254329
-0.73512145 -2.78777505 -0.25274956
-0.70102518 -2.53686937 -0.45697524
-0.74773472 -2.35011633 -0.87065929
-0.68379189 -2.22164647 -1.12730256
-0.70314727 -1.99897503 -1.55169954
-0.76305359 -1.80900140 -1.46205661
-0.73854632 -1.51226835 -0.67838825
-0.72936953 -1.41622094 -1.49164014
-0.73014116 -1.06893940 2.01451953
-0.73353145 -0.91278127 2.96722009
-0.69289922 -0.79902656 3.31131427
-0.76247107 -0.46080418 1.70891866
-0.67244129 -0.34180659 2.03968252
-0.64970936 -0.08864120 2.13452659
-0.70339553 0.11625841 -1.53564315
-0.68209719 0.23608683 -0.04973320
-0.68375283 0.51952647 0.00379237
-0.79474221 0.64867560 -0.38454822
-0.66104489 0.89664343 2.79818871
-0.72312609 1.14009353 2.96321161
-0.64797884 1.38952397 4.80062014
-0.80402261 1.59466649 3.71774833
-0.70419612 1.81064599 4.14219723
-0.74753107 1.92563059 4.30552555
-0.76281685 2.14598112 3.24862481
-0.80039987 2.42534893 1.35400218
-0.72505208 2.52596455 1.16680816
-0.71370952 2.71926745 0.60156495
-0.72413793 3.00000000 0.17771093
-0.51724138 -3.00000000 -0.11381739
-0.57675325 -2.79060097 -0.28270376
-0.56422236 -2.64107075 -0.43358510
-0.57571182 -2.42847704 -1.02188233
-0.46871404 -2.13655318 -1.86044344
-0.45196388 -2.01823566 -2.84482274
-0.53477662 -1.80993726 -3.90332177
-0.50554868 -1.53160863 -1.94242942
-0.57718320 -1.34626240 -1.23552231
-0.59614174 -1.13208603 3.06982223
-0.46553261 -0.90612799 2.92911205
-0.59227379 -0.79854922 3.31398702
-0.58098201 -0.53050761 3.48968223
-0.59754846 -0.38621736 2.59637870
-0.54402564 -0.08729318 1.72044504
-0.52054689 0.03229572 1.32406608
-0.47377620 0.39129113 0.52055185
-0.47722692 0.48678637 0.36304978
-0.54726883 0.75090721 0.54933212
-0.47819960 0.89471931 2.34036858
-0.45427661 1.07597138 3.18259576
-0.58369767 1.27694184 3.55181986
-0.48118731 1.53785270 6.89956075
-0.56774035 1.72566309 5.66357914
-0.53375393 1.99195963 3.45197461
-0.43642505 2.22517196 2.01068942
-0.49656492 2.44352632 1.71969089
-0.44846200 2.51357204 1.50638782
-0.47360287 2.81316979 0.55215426
-0.51724138 3.00000000 0.22103435
-0.31034483 -3.00000000 -0.16404556
-0.26416683 -2.82617280 -0.42359415
-0.27613594 -2.63032161 -0.79546847
-0.34398086 -2.29798452 -1.97512797
-0.25731813 -2.20945735 -2.65808410
-0.31755208 -1.99786441 -4.56716629
-0.25485470 -1.79166027 -3.88207848
-0.26402838 -1.53542439 -4.69365520
-0.25925044 -1.39095894 -3.19890778
-0.30442646 -1.08622478 -1.02928493
-0.38765900 -0.89344272 2.24527970
-0.37124879 -0.72682322 3.38352914
-0.34072653 -0.46538442 3.50181846
-0.29796089 -0.37019259 3.18536556
-0.37933883 -0.10469477 2.01182395
-0.26787638 0.13742610 1.39729531
-0.35904909 0.38734361 0.91934219
-0.38674244 0.57086247 0.76654844
-0.26809620 0.72879516 1.73643720
-0.34381138 0.98216182 2.40256437
-0.27375190 1.07750903 4.25349973
-0.36658425 1.32856344 6.66691430
-0.32656770 1.47273138 6.81493477
-0.36139135 1.68488310 6.37757414
-0.35887055 1.98731094 4.59745027
-0.23332914 2.14959428 4.45918928
-0.36854002 2.39399898 2.02511401
-0.34700346 2.60664503 1.21826591
-0.24428381 2.83368638 0.51165704
-0.31034483 3.00000000 0.26306284
-0.10344828 -3.00000000 -0.17695695
-0.15246375 -2.74497036 -0.57284356
-0.14415565 -2.60240083 -1.06238540
-0.11136664 -2.41848682 -1.19596955
-0.02693386 -2.12247588 -3.82088493
-0.04502621 -2.04226126 -5.70773571
-0.02929349 -1.83029520 -5.70969105
-0.16565823 -1.54985108 -4.71338708
-0.04611833 -1.27100601 -3.19920852
-0.13889265 -1.15279640 -1.99457410
-0.02860974 -0.93459784 0.89745717
-0.15018358 -0.73647722 1.87599113
-0.02619388 -0.55695874 2.16092959
-0.06940053 -0.35272300 2.32884881
-0.08312741 -0.07053570 1.54033393
-0.17209581 0.14767498 1.42515939
-0.08107303 0.27122148 0.77017736
-0.02916274 0.43806641 0.38552703
-0.07997722 0.68072688 -0.37059780
-0.12097996 1.00503396 3.93606056
-0.06020322 1.16230780 5.01163051
-0.10204195 1.33199429 6.85354800
-0.13554114 1.47519005 7.80703665
-0.11816560 1.78884655 7.36511641
-0.15893468 1.99664596 5.18302354
-0.17403407 2.09952020 5.02498426
-0.03683152 2.38439363 1.65078874
-0.08060695 2.56510637 1.44409036
-0.13821467 2.84711160 0.55485811
-0.10344828 3.00000000 0.20607491
0.10344828 -3.00000000 -0.39460862
0.03487892 -2.81581696 -0.52423259
0.13816929 -2.57193365 -1.27618990
0.10528763 -2.43934111 -1.87225087
0.04600961 -2.25198581 -2.26008490
0.04578992 -1.94362571 -6.27574559
0.15685968 -1.78462866 -6.26325770
0.07661588 -1.50988727 -5.93564046
0.07046940 -1.37988979 -6.39992552
0.03822907 -1.21299852 -4.22837499
0.05010200 -0.98309136 -1.33500781
0.15137921 -0.64626432 1.01095099
0.06995304 -0.56006148 1.70318979
0.12571476 -0.30433075 1.00948257
0.06475332 -0.03852835 0.67666414
0.17526842 0.03313159 0.38496520
0.06299068 0.34165901 0.26725454
0.12066966 0.49960093 0.07869877
0.15826778 0.64663006 0.66303171
0.18144066 0.86998125 2.12184170
0.08738373 1.16654675 4.21763425
0.08568816 1.39166501 7.35995439
0.11222642 1.52603817 8.08995757
0.05425798 1.69366608 7.81057630
0.11824641 2.00250907 6.05480487
0.09683306 2.21065716 3.60831637
0.16177560 2.44099852 1.61556126
0.11445430 2.55573617 1.49114751
0.16493596 2.73978235 0.92219243
0.10344828 3.00000000 0.20920537
0.31034483 -3.00000000 -0.14587496
0.27491006 -2.76477289 -0.73290065
0.33059960 -2.51285143 -1.54695676
0.34001646 -2.41004116 -2.09177692
0.26196812 -2.14649653 -3.40753181
0.30949885 -1.89033207 -5.90037472
0.34626672 -1.75865777 -6.07979753
0.31682583 -1.48947910 -6.32048519
0.31469542 -1.35170138 -4.33361411
0.26376277 -1.06526936 -2.48845235
0.28909818 -0.94394021 -2.18023595
0.33968405 -0.66471627 0.14609350
0.28362144 -0.55076157 0.45414422
0.37686184 -0.25946907 0.40980190
0.25865755 -0.16581498 0.34315478
0.24728496 0.14180234 0.09793448
0.26458716 0.24230537 -0.02970437
0.28406994 0.47171957 0.08810104
0.31614713 0.71686493 1.10596309
0.37147682 0.95559395 3.12356190
0.34306401 1.17997284 6.01304477
0.35067928 1.39426397 7.09770641
0.33111267 1.47454447 7.16010414
0.31314106 1.71700690 7.40272703
0.34871483 1.99829707 5.95335647
0.25601152 2.15000937 3.84609178
0.35023164 2.37326693 1.98233176
0.36696856 2.61883309 1.23676884
0.30398479 2.84468448 0.50833344
0.31034483 3.00000000 0.26841855
0.51724138 -3.00000000 -0.25189862
0.52979314 -2.85566640 -0.46262280
0.57011975 -2.59137584 -1.06158090
0.43534550 -2.35439567 -2.25199256
0.53959079 -2.20035559 -3.85402061
0.45570406 -1.97756084 -4.32933736
0.51541337 -1.79914752 -5.50163818
0.51286758 -1.57953570 -5.84166408
0.45276880 -1.39641580 -5.18988598
0.44065168 -1.13493739 -3.95472321
0.44724521 -0.98580419 -2.20058128
0.48507402 -0.68170427 -0.16688001
0.57901879 -0.46974994 0.50019887
0.53466966 -0.25399237 0.48324287
0.56390731 -0.14905701 0.59669554
0.45091196 0.05020662 0.14149046
0.46660258 0.34688626 0.01344226
0.59208718 0.52180678 0.65341210
0.54403612 0.65929094 0.71790974
0.49894666 0.96349617 2.53501563
0.53151732 1.20843610 4.94325486
0.52058875 1.41243658 3.75998757
0.48042189 1.62120844 6.31262558
0.47202024 1.74046982 8.05666143
0.45112732 1.93200188 5.60980802
0.53639859 2.10627306 4.99912866
0.47414907 2.32703053 3.17677810
0.45719704 2.51527361 1.56656680
0.43809069 2.86284742 0.49016595
0.51724138 3.00000000 0.28286869
0.72413793 -3.00000000 -0.20022106
0.77770986 -2.80069025 -0.34602052
0.64362059 -2.62102388 -0.77367304
0.75735964 -2.40359507 -1.31859422
0.68361352 -2.18859692 -1.84377440
0.75497106 -1.89978014 -4.86480900
0.64787467 -1.68185810 -4.91976114
0.79962933 -1.57113394 -2.21483187
0.65430346 -1.40430723 -5.06500138
0.74656637 -1.10363943 -2.21014697
0.65208955 -0.91410631 -1.04796872
0.65672084 -0.64893687 1.53143655
0.76209713 -0.58185492 0.91415525
0.70522408 -0.33375091 1.22556019
0.65479434 -0.16454276 1.06052658
0.72847391 0.14034073 1.84142950
0.74759136 0.30854690 0.45613870
0.76201046 0.54796833 1.40082182
0.67247768 0.65437212 1.20407421
0.80070973 0.97883886 2.48880606
0.70780945 1.11253973 2.37207701
0.72600540 1.40718442 5.42964752
0.71878917 1.47377154 5.76380347
0.70389110 1.73592541 5.01355180
0.69078678 1.96214949 3.13992916
0.68519804 2.18083938 2.41374440
0.70222406 2.45562840 1.47908449
0.67345194 2.56157592 1.06438319
0.77580107 2.82391869 0.46391803
0.72413793 3.00000000 0.25095192
0.93103448 -3.00000000 -0.15770855
0.98426924 -2.71580363 -0.29931798
0.94397725 -2.54469280 -0.61794710
0.91606338 -2.31216190 -1.48515753
0.97701060 -2.14170270 -1.65929250
0.95181116 -2.03552033 -2.28698535
1.00284839 -1.72936734 -3.44859643
1.01158245 -1.51016805 -2.50613252
0.88561938 -1.42389953 -3.30226752
0.99186681 -1.09487192 -2.32793046
0.88516599 -0.86815340 0.47048027
0.85489431 -0.68335275 0.76425625
0.95656308 -0.52077146 2.22889718
1.00607747 -0.24518400 2.90016363
0.95023682 -0.18121881 2.19329553
0.98965871 0.07795612 2.87930103
0.97111300 0.23801408 2.74326867
0.97400382 0.50704207 2.17922726
0.87728249 0.66423344 2.07666907
1.00702176 0.98815743 2.34597652
0.91086942 1.10823161 2.58376190
0.99489080 1.31092856 3.11387571
0.90340270 1.54366494 3.81692904
0.87893048 1.74996703 4.71970687
0.90229213 1.88597811 3.05458939
0.88206026 2.19341491 2.04824337
0.88755662 2.35718304 1.15293899
0.93170901 2.54329221 0.74718781
0.99824427 2.82025287 0.13397210
0.93103448 3.00000000 0.27495610
1.13793103 -3.00000000 -0.02437091
1.08855972 -2.80909729 -0.24985993
1.17376496 -2.57972892 -0.33699287
1.21412997 -2.38041447 -0.62759981
1.18679899 -2.09300649 -1.11281151
1.11856926 -1.90629458 -1.81099146
1.20682929 -1.70997055 -1.49177176
1.07959968 -1.60829731 -2.01053519
1.12267136 -1.37183238 -2.23779492
1.14450003 -1.18675407 -1.25003606
1.12747917 -0.91271729 1.43268136
1.17531484 -0.79626528 1.39378535
1.13891695 -0.50569412 2.63260117
1.19538302 -0.25115372 3.41274756
1.19484258 -0.04823120 3.60341939
1.21031503 0.10836119 3.51890502
1.07502354 0.30454286 2.93705952
1.20811971 0.49104903 3.01439033
1.06137047 0.72577000 2.35819380
1.20811902 0.93737310 2.30469444
1.21310619 1.11706911 2.09758284
1.12017410 1.27317781 2.69356748
1.11279215 1.49380950 2.52845494
1.10928700 1.73062640 1.40176271
1.12248799 1.97332739 1.79998393
1.11439853 2.13868865 1.38406659
1.06891358 2.32247076 0.95300154
1.09233504 2.64410906 0.45660984
1.12983596 2.76547233 0.27074386
1.13793103 3.00000000 0.10208741
1.34482759 -3.00000000 0.15892249
1.26958203 -2.78538992 -0.03535833
1.26745918 -2.65433071 -0.20606451
1.36829793 -2.40478496 -0.36247271
1.40870992 -2.25393864 -0.66015353
1.31862403 -1.90653009 -1.11460531
1.26375956 -1.80766448 -1.37889041
1.36528775 -1.61958516 -1.03727279
1.37502311 -1.27462548 -0.26122907
1.30520856 -1.15538396 0.18511463
1.34524077 -0.87819111 1.35235976
1.41948710 -0.68473162 2.06336868
1.39929794 -0.51952056 2.55412893
1.35490536 -0.34008360 3.27528731
1.28181030 -0.10167010 3.53607208
1.28795829 0.07684638 3.75574889
1.39970402 0.38641748 3.02498973
1.34593012 0.56762517 2.78516921
1.42388395 0.68261771 2.32335136
1.37732419 0.91795043 1.93943301
1.27103100 1.08729072 2.03533661
1.29222846 1.42303552 1.98461109
1.38827876 1.56201918 1.48122402
1.41027218 1.75933308 1.04359668
1.27186178 1.90785709 1.22182510
1.40688835 2.10017113 0.65591035
1.38903486 2.45890011 0.23545002
1.30280122 2.62559708 0.25634892
1.41338255 2.73043229 0.10800303
1.34482759 3.00000000 0.09888410
1.55172414 -3.00000000 -0.04738301
1.57062684 -2.84714090 0.01194513
1.50693606 -2.65153338 -0.07778992
1.59546929 -2.37772894 -0.07574497
1.47298463 -2.15663316 -0.54721151
1.55645391 -1.94959562 -0.64644284
1.48117316 -1.71981408 -0.71613317
1.60630336 -1.48363495 -0.14321393
1.63250239 -1.35259382 -0.04832294
1.53977021 -1.09363218 0.53508173
1.52816395 -0.95898048 0.89779796
1.61555950 -0.72866016 1.57479367
1.57843182 -0.49813161 2.36145450
1.55792823 -0.24986695 2.74900994
1.53663986 -0.17138620 3.06641424
1.56938291 0.02401614 3.05383508
1.54424722 0.23128074 2.94411774
1.60219548 0.48316600 2.34250459
1.53087907 0.71735147 1.92926642
1.50507561 0.88969599 1.85441262
1.58313538 1.10540127 1.35435936
1.50296151 1.36592621 1.19025062
1.61020525 1.54547397 0.86226073
1.55763682 1.81378377 0.69413845
1.47989861 1.92413782 0.93649186
1.55708669 2.24054065 0.33839031
1.59061562 2.32137443 0.13864126
1.61772253 2.55640539 0.20447566
1.51574976 2.83412712 0.12185504
1.55172414 3.00000000 0.00701256
1.75862069 -3.00000000 -0.06430555
1.79465849 -2.84676302 -0.06127036
1.72491175 -2.61101471 -0.06529817
1.70245538 -2.46122763 -0.20678711
1.67702929 -2.20418217 -0.02224686
1.67803810 -1.99080498 -0.28219627
1.73782952 -1.72252891 0.01005874
1.70944203 -1.55113472 -0.19518525
1.69248301 -1.30166053 0.13485425
1.74757884 -1.07995381 0.56607596
1.82472267 -0.95892657 0.86306321
1.71843042 -0.72795695 1.56524282
1.83132770 -0.48386549 1.67696892
1.75500879 -0.31964548 2.25899021
1.78923172 -0.04309731 2.32808236
1.70426100 0.08466767 2.63157595
1.73963607 0.30690586 2.14379006
1.77923681 0.59008779 1.48439286
1.83673966 0.74443923 1.03330626
1.73637180 0.98559651 0.93578652
1.74458756 1.19323461 0.81601858
1.68781460 1.36499604 0.69904374
1.68014235 1.53864799 0.71510585
1.78698163 1.77120850 0.55512205
1.77359862 1.97194535 0.29319164
1.79419949 2.18249266 -0.00160881
1.73883668 2.43154440 0.20233011
1.81475947 2.58148859 0.03445110
1.67976872 2.85369803 -0.01645344
1.75862069 3.00000000 -0.01320895
1.96551724 -3.00000000 -0.13757179
2.01526703 -2.81621000 -0.00666370
1.90542958 -2.60470530 0.04643977
2.00558041 -2.30876372 -0.14292513
1.98985199 -2.20460741 0.00422455
2.01459269 -2.02145408 0.00431144
2.02657708 -1.68717834 -0.07934242
2.03269564 -1.56583439 0.11855999
1.96364885 -1.27944211 0.09298995
2.00780669 -1.12800232 0.38891844
1.99013717 -0.89346691 0.63395673
2.00525380 -0.70586471 0.85742577
1.97676857 -0.49065958 1.23597364
2.01318720 -0.38829998 1.21568578
2.00339141 -0.10330382 1.19393536
1.91256851 0.04104831 1.59453650
1.93151204 0.32118343 1.37828151
2.02342133 0.52572583 0.98281006
2.01600565 0.77569408 0.83976211
1.93236480 0.96412891 0.82991240
1.96322940 1.08477004 0.63468024
1.98427367 1.27321448 0.43268060
1.90739462 1.51386994 0.28882748
1.90056361 1.71024448 0.42409248
1.92984396 2.03944796 0.16919568
1.91985040 2.25279913 -0.02236404
1.97188560 2.40686154 -0.00702014
1.97058786 2.59276771 0.15263371
1.99222493 2.75709230 0.15913888
1.96551724 3.00000000 -0.08710691
2.17241379 -3.00000000 0.20891045
2.14761528 -2.71540687 0.08462855
2.11919975 -2.57290366 0.04486927
2.19979598 -2.37134663 -0.13025659
2.21210632 -2.12126228 0.19746772
2.11083136 -2.02207289 -0.03851079
2.09412182 -1.81347699 -0.10251262
2.23024366 -1.51956586 -0.00192054
2.14812888 -1.28236121 0.14077489
2.10118475 -1.08976723 0.21456568
2.16851707 -0.97764416 0.40799753
2.22409140 -0.66531426 0.49285826
2.13612231 -0.46085978 0.64130414
2.11707466 -0.34199960 0.85176539
2.09459170 -0.17437121 0.96699084
2.24796075 0.18183856 0.60088158
2.24145598 0.33654177 0.58543076
2.23773047 0.59269718 0.53096958
2.20522570 0.69247132 0.47197416
2.18952940 1.01181654 0.31261635
2.17994561 1.14103317 0.20387687
2.23637845 1.38954014 0.22412044
2.15882428 1.56927495 0.12670656
2.15340147 1.72767703 0.32115547
2.23218947 1.95391484 -0.03036626
2.10051966 2.14244347 0.06237558
2.25280499 2.41498653 0.14709174
2.17798856 2.62368432 -0.10263869
2.18905169 2.77336633 -0.08849796
2.17241379 3.00000000 -0.10878264
2.37931034 -3.00000000 -0.01361048
2.43702682 -2.83772835 -0.03017717
2.37213227 -2.60918160 0.01858099
2.31558302 -2.34481915 0.10447537
2.30057502 -2.13715582 -0.12580747
2.38018364 -2.02920812 -0.04375158
2.37876639 -1.69601106 0.05012626
2.38462643 -1.51189885 -0.21825989
2.34793092 -1.26456264 0.04318526
2.40296782 -1.08755280 0.08564962
2.42585020 -0.91603545 0.11432532
2.32796655 -0.71386099 0.36838748
2.37146528 -0.53795214 0.47267454
2.44992550 -0.35266201 0.26676037
2.45492662 -0.08563698 0.56890998
2.45856813 0.08713972 0.27245330
2.45038601 0.33216616 0.31100777
2.31378031 0.44236345 0.48932756
2.44162539 0.66237574 0.08430113
2.30328428 0.90683755 0.31641720
2.39654157 1.12865458 0.13778948
2.32441919 1.36535120 0.13327950
2.41053584 1.51775364 0.16836902
2.39061537 1.77850993 0.04776022
2.33599542 2.02370686 0.14357226
2.42400280 2.12592924 -0.11629473
2.40853589 2.37810447 -0.01589096
2.44737096 2.51473996 0.13064041
2.31611851 2.72623007 -0.00355199
2.37931034 3.00000000 -0.12098525
2.58620690 -3.00000000 -0.11576809
2.64946205 -2.72814451 -0.07606246
2.62848622 -2.62730645 -0.13175630
2.51474953 -2.32505229 0.04743706
2.52190901 -2.13325931 -0.28340971
2.56305019 -2.04564095 -0.08285747
2.53174177 -1.72908585 -0.13203841
2.55206888 -1.50347052 -0.11595422
2.57691387 -1.32279076 -0.01968474
2.54799745 -1.10465734 -0.04838166
2.53347728 -0.96691549 0.15473104
2.58273673 -0.77402540 0.04454316
2.56711696 -0.50699788 0.12665076
2.58250384 -0.26120913 0.28734224
2.54100097 -0.14538555 0.27703809
2.50848013 0.09509596 0.29664586
2.61272579 0.39110458 0.15989550
2.62347140 0.45730020 0.03455738
2.63957611 0.67681573 0.13790487
2.56235861 0.89063876 0.31960042
2.60219673 1.10707344 0.03693714
2.63740647 1.29569093 -0.06212131
2.54170207 1.48034282 -0.11150755
2.51283908 1.68058209 -0.16128354
2.61838788 2.04101799 -0.02569699
2.62701123 2.20933686 -0.04867089
2.51372419 2.31806235 0.11139724
2.66771126 2.60330683 -0.00671733
2.65152809 2.82337049 0.06674249
2.58620690 3.00000000 0.06273804
2.79310345 -3.00000000 0.11982049
2.85202793 -2.75778711 -0.03094059
2.77367863 -2.64765495 0.09685180
2.79060588 -2.42551205 0.04490201
2.85487623 -2.22090781 -0.10625166
2.75291213 -1.93171483 -0.10134242
2.81627994 -1.70889604 0.04550716
2.76656663 -1.50828591 -0.02185683
2.75866881 -1.34721705 -0.20409187
2.87299884 -1.08166490 0.04588905
2.76611157 -0.95296319 0.06849930
2.84615092 -0.65297793 0.06686829
2.76779795 -0.57545281 0.22589780
2.77299605 -0.37594265 0.04557718
2.84397654 -0.17427333 -0.08521331
2.83214954 0.11341826 0.13619953
2.82877750 0.36362439 0.08077063
2.75758367 0.58762531 0.13272311
2.79781442 0.74963088 0.11393258
2.80345557 0.99280614 0.04735866
2.72734229 1.14787255 -0.02084777
2.73087906 1.31070329 0.01799914
2.84007745 1.56437568 -0.00719105
2.72577336 1.70365234 -0.03453678
2.81547809 1.98733174 0.01935544
2.80570061 2.25422750 -0.01009134
2.80892566 2.37714585 0.00615754
2.84391339 2.52439520 -0.10836223
2.77556189 2.78320745 -0.02819719
2.79310345 3.00000000 -0.11451977
3.00000000 -3.00000000 -0.10585571
3.00000000 -2.79310345 0.13766678
3.00000000 -2.58620690 -0.10170252
3.00000000 -2.37931034 0.04856691
3.00000000 -2.17241379 -0.16827517
3.00000000 -1.96551724 -0.00984941
3.00000000 -1.75862069 0.10565847
3.00000000 -1.55172414 0.08151102
3.00000000 -1.34482759 -0.06838416
3.00000000 -1.13793103 0.08910677
3.00000000 -0.93103448 -0.02243762
3.00000000 -0.72413793 -0.07622066
3.00000000 -0.51724138 -0.09469653
3.00000000 -0.31034483 -0.17029176
3.00000000 -0.10344828 0.07984585
3.00000000 0.10344828 0.11023705
3.00000000 0.31034483 0.19696446
3.00000000 0.51724138 -0.01000855
3.00000000 0.72413793 -0.01326374
3.00000000 0.93103448 -0.04179687
3.00000000 1.13793103 0.04081198
3.00000000 1.34482759 0.02190686
3.00000000 1.55172414 -0.14656865
3.00000000 1.75862069 0.05013569
3.00000000 1.96551724 0.05854535
3.00000000 2.17241379 0.02623032
3.00000000 2.37931034 -0.02368318
3.00000000 2.58620690 -0.19147030
3.00000000 2.79310345 0.01021868
3.00000000 3.00000000 -0.01063925
