-2.00000000 -2.00000000 0.00000000
-2.00000000 -1.91836735 0.15993336
-2.00000000 -1.83673469 0.31320283
-2.00000000 -1.75510204 0.45980841
-2.00000000 -1.67346939 0.59975010
-2.00000000 -1.59183673 0.73302791
-2.00000000 -1.51020408 0.85964182
-2.00000000 -1.42857143 0.97959184
-2.00000000 -1.34693878 1.09287797
-2.00000000 -1.26530612 1.19950021
-2.00000000 -1.18367347 1.29945856
-2.00000000 -1.10204082 1.39275302
-2.00000000 -1.02040816 1.47938359
-2.00000000 -0.93877551 1.55935027
-2.00000000 -0.85714286 1.63265306
-2.00000000 -0.77551020 1.69929196
-2.00000000 -0.69387755 1.75926697
-2.00000000 -0.61224490 1.81257809
-2.00000000 -0.53061224 1.85922532
-2.00000000 -0.44897959 1.89920866
-2.00000000 -0.36734694 1.93252811
-2.00000000 -0.28571429 1.95918367
-2.00000000 -0.20408163 1.97917534
-2.00000000 -0.12244898 1.99250312
-2.00000000 -0.04081633 1.99916701
-2.00000000 0.04081633 1.99916701
-2.00000000 0.12244898 1.99250312
-2.00000000 0.20408163 1.97917534
-2.00000000 0.28571429 1.95918367
-2.00000000 0.36734694 1.93252811
-2.00000000 0.44897959 1.89920866
-2.00000000 0.53061224 1.85922532
-2.00000000 0.61224490 1.81257809
-2.00000000 0.69387755 1.75926697
-2.00000000 0.77551020 1.69929196
-2.00000000 0.85714286 1.63265306
-2.00000000 0.93877551 1.55935027
-2.00000000 1.02040816 1.47938359
-2.00000000 1.10204082 1.39275302
-2.00000000 1.18367347 1.29945856
-2.00000000 1.26530612 1.19950021
-2.00000000 1.34693878 1.09287797
-2.00000000 1.42857143 0.97959184
-2.00000000 1.51020408 0.85964182
-2.00000000 1.59183673 0.73302791
-2.00000000 1.67346939 0.59975010
-2.00000000 1.75510204 0.45980841
-2.00000000 1.83673469 0.31320283
-2.00000000 1.91836735 0.15993336
-2.00000000 2.00000000 0.00000000
-1.91836735 -2.00000000 -0.15993336
-1.94094038 -1.92123877 0.03804558
-1.90111676 -1.82364224 0.14428695
-1.90359014 -1.75933758 0.26419335
-1.89925421 -1.67137337 0.40683881
-1.94511413 -1.59464325 0.62029093
-1.94716968 -1.48262173 0.79665129
-1.88988574 -1.43906059 0.75038636
-1.93050936 -1.32986438 0.97916355
-1.93723267 -1.28579014 1.04980707
-1.93820576 -1.19342022 1.16619487
-1.91031989 -1.07252476 1.24950635
-1.93678899 -0.99135176 1.38418664
-1.91483805 -0.91321967 1.41631730
-1.89810764 -0.87877607 1.41528262
-1.90890425 -0.79945776 1.50239137
-1.94986078 -0.70053381 1.65560472
-1.90094368 -0.60803025 1.62194304
-1.93794802 -0.50887733 1.74834320
-1.89200723 -0.46571996 1.68139813
-1.92166780 -0.35856825 1.78211798
-1.89273563 -0.30950118 1.74332860
-1.91493030 -0.17423379 1.81830032
-1.91141699 -0.10860538 1.82085990
-1.90085099 -0.04036318 1.80580265
-1.93175485 0.04657374 1.86475385
-1.91657216 0.11246421 1.83030032
-1.89580444 0.19535382 1.77795569
-1.91941443 0.30237354 1.79636099
-1.89837519 0.39222144 1.72499535
-1.90871544 0.43321442 1.72775995
-1.89623759 0.55668696 1.64290832
-1.90468686 0.62925175 1.61593714
-1.91750228 0.69346231 1.59796252
-1.91309984 0.75303396 1.54644542
-1.90715662 0.88016250 1.43128017
-1.93972772 0.95494903 1.42530798
-1.90523229 0.99626375 1.31868431
-1.94698921 1.10811606 1.28142290
-1.93625943 1.17156030 1.18827351
-1.91064786 1.27491495 1.01258356
-1.90252051 1.35128439 0.89680739
-1.92895908 1.39751643 0.88391548
-1.94295600 1.49063537 0.77654212
-1.91675665 1.60585885 0.54758670
-1.93689655 1.66645184 0.48725325
-1.89056493 1.74877026 0.25801916
-1.90478463 1.84428287 0.11341257
-1.90819130 1.91688369 -0.01662454
-1.91836735 2.00000000 -0.15993336
-1.83673469 -2.00000000 -0.31320283
-1.83386232 -1.90557297 -0.13407866
-1.85832298 -1.81770224 0.07466142
-1.81298020 -1.78395450 0.05220176
-1.85596617 -1.68947272 0.29514618
-1.86257773 -1.61477226 0.43085317
-1.82772443 -1.53422066 0.49337178
-1.86433216 -1.40016922 0.75763028
-1.84297652 -1.34435684 0.79463357
-1.83838306 -1.27526560 0.87667495
-1.83965129 -1.20315464 0.96836789
-1.83165496 -1.11788973 1.05264123
-1.85932930 -1.03896697 1.18882653
-1.84229492 -0.91135953 1.28173719
-1.83049934 -0.82651511 1.33380030
-1.84305527 -0.79076953 1.38576814
-1.82331354 -0.71359593 1.40762656
-1.80500498 -0.61921803 1.43730600
-1.85129746 -0.54518350 1.56503862
-1.84919139 -0.42115856 1.62106713
-1.80537974 -0.36362544 1.56358627
-1.85380935 -0.31694682 1.66807691
-1.86349143 -0.21695155 1.71276617
-1.82763909 -0.11439899 1.66358875
-1.81422532 -0.02036338 1.64549943
-1.84612430 0.05188961 1.70274121
-1.84028120 0.13698724 1.68393470
-1.85684859 0.23443849 1.69646263
-1.86713287 0.29320854 1.70010696
-1.84613355 0.38650649 1.62941091
-1.85943635 0.47388320 1.61646913
-1.86838264 0.54559653 1.59658905
-1.82377272 0.61271298 1.47536486
-1.85747178 0.68636995 1.48954885
-1.84013323 0.75719964 1.40636950
-1.85833204 0.87895878 1.34041471
-1.83357492 0.92417369 1.25395000
-1.82874468 1.02887826 1.14285831
-1.85991973 1.10743043 1.11644963
-1.83135863 1.15889466 1.00541880
-1.84942519 1.28844368 0.88014320
-1.83169926 1.32929766 0.79404497
-1.84351772 1.42592086 0.68265365
-1.82346682 1.53318567 0.48718647
-1.86301712 1.56295634 0.51400012
-1.84045937 1.64288961 0.34410220
-1.85875710 1.73001595 0.23101138
-1.86294902 1.84471806 0.03379716
-1.86250576 1.92261402 -0.11375847
-1.83673469 2.00000000 -0.31320283
-1.75510204 -2.00000000 -0.45980841
-1.72540557 -1.94127174 -0.39575581
-1.73860366 -1.83137048 -0.16558758
-1.77611217 -1.72644394 0.08698288
-1.74002270 -1.68115092 0.10070530
-1.73035850 -1.61705566 0.18963575
-1.73384212 -1.48838779 0.39545514
-1.77956494 -1.40211014 0.60046927
-1.73700793 -1.32052476 0.63670546
-1.76902000 -1.25011868 0.78331752
-1.73728382 -1.19333789 0.79704988
-1.78472364 -1.13298952 0.95078660
-1.75468097 -1.01734976 1.02195238
-1.77899171 -0.93043342 1.14955257
-1.78363532 -0.85853934 1.22213258
-1.75442529 -0.79439665 1.22347103
-1.78392809 -0.66820214 1.36795268
-1.73264931 -0.60663069 1.31703643
-1.78508484 -0.52899840 1.45334429
-1.72560707 -0.43196725 1.39556203
-1.74309225 -0.39667835 1.44050844
-1.75011122 -0.30274462 1.48561749
-1.72410798 -0.23523745 1.45860583
-1.77276483 -0.09824279 1.56652175
-1.77930383 -0.05355396 1.58152705
-1.76743530 0.06512941 1.55979285
-1.74260122 0.15009332 1.50706551
-1.77472376 0.17785180 1.55900657
-1.76508763 0.30266820 1.51196315
-1.74751453 0.39506660 1.44886471
-1.74154127 0.42234402 1.42729577
-1.76688155 0.51173689 1.42999788
-1.76990023 0.62285401 1.37229985
-1.75869134 0.71022331 1.29428905
-1.78594009 0.80155104 1.27354897
-1.77661711 0.87260162 1.19746739
-1.73316323 0.90960897 1.08823316
-1.75240335 1.05067147 0.98350349
-1.78648913 1.10186077 0.98872313
-1.75986142 1.17612476 0.85692138
-1.77457085 1.24494397 0.79960811
-1.77001188 1.32894286 0.68342647
-1.76823025 1.45417055 0.50601311
-1.72649712 1.49490295 0.37302874
-1.78520169 1.57693749 0.35010661
-1.73238581 1.65283104 0.13465507
-1.74478248 1.72916384 0.02712916
-1.76450414 1.81568040 -0.09161023
-1.74768418 1.91010204 -0.29704489
-1.75510204 2.00000000 -0.45980841
-1.67346939 -2.00000000 -0.59975010
-1.65602457 -1.91720884 -0.46663618
-1.67959989 -1.86721863 -0.33272480
-1.65189713 -1.78446645 -0.22777819
-1.67353867 -1.64239069 0.05164224
-1.65495666 -1.60104072 0.08777508
-1.64608609 -1.52560609 0.19106273
-1.66827498 -1.42377281 0.37800620
-1.65939309 -1.36040745 0.45143851
-1.67998879 -1.27648374 0.59647580
-1.64679300 -1.16851551 0.67324934
-1.68366864 -1.08459735 0.82919433
-1.66596923 -1.03653263 0.85052679
-1.67352688 -0.96440992 0.93530286
-1.69185413 -0.88408908 1.04037845
-1.70017833 -0.76815279 1.15027381
-1.65245324 -0.67255704 1.13913436
-1.69136039 -0.58371977 1.25998560
-1.68398211 -0.51842147 1.28351747
-1.66738383 -0.45049809 1.28861015
-1.66139973 -0.34244670 1.32148966
-1.66098620 -0.28513340 1.33878705
-1.65044473 -0.18840616 1.34423546
-1.68146956 -0.09193399 1.40944401
-1.67962247 -0.07014787 1.40810547
-1.64393331 0.06901587 1.34887677
-1.67121766 0.13839922 1.38690707
-1.66098205 0.17851223 1.36349738
-1.65463363 0.29386393 1.32572822
-1.64382220 0.36601805 1.28409111
-1.68762266 0.46616124 1.31538197
-1.67009588 0.55434624 1.24096025
-1.70259855 0.62399478 1.25473617
-1.64736787 0.67364149 1.13001403
-1.69954025 0.77491291 1.14397352
-1.66369723 0.86551075 1.00938981
-1.67157983 0.92850878 0.96602528
-1.66005578 1.05150663 0.82505950
-1.67306716 1.09538226 0.79964570
-1.64359991 1.16312751 0.67427754
-1.66947652 1.28693833 0.56547079
-1.65496533 1.36272587 0.44094423
-1.66190726 1.42537810 0.36511651
-1.64379223 1.47845140 0.25811719
-1.67834059 1.58869208 0.14644230
-1.65958421 1.65992895 -0.00057218
-1.69272087 1.75178284 -0.10171960
-1.66479666 1.83856066 -0.30437869
-1.64959388 1.91663258 -0.47616023
-1.67346939 2.00000000 -0.59975010
-1.59183673 -2.00000000 -0.73302791
-1.61062375 -1.90931537 -0.52568816
-1.59888064 -1.86699504 -0.46462558
-1.59814078 -1.77989930 -0.30699379
-1.58295917 -1.64777401 -0.10469973
-1.57700826 -1.56269811 0.02246484
-1.61457946 -1.48882993 0.19512614
-1.57505016 -1.44512030 0.19620517
-1.59351978 -1.36777236 0.33425203
-1.60398574 -1.26375049 0.48785248
-1.59893723 -1.19073692 0.56937293
-1.57838688 -1.09075669 0.65077749
-1.61629455 -1.01590850 0.79016900
-1.57415027 -0.96857697 0.76990387
-1.57610171 -0.88769522 0.84804689
-1.59641792 -0.78301708 0.96771721
-1.62239642 -0.72099006 1.05617173
-1.58100087 -0.62707765 1.05316869
-1.59061950 -0.55209530 1.11263059
-1.58446744 -0.42126459 1.16653661
-1.57574272 -0.37583858 1.17085523
-1.56266629 -0.29525650 1.17737477
-1.60595407 -0.20904003 1.26769536
-1.56093760 -0.12964623 1.20985902
-1.60516105 -0.03808006 1.28754595
-1.58315239 0.05729635 1.25154431
-1.57849067 0.13345147 1.23691175
-1.59745508 0.20014852 1.25590164
-1.56116370 0.28535720 1.17790169
-1.57522270 0.35837540 1.17644681
-1.62296865 0.44206584 1.21930252
-1.59044252 0.52417625 1.12737334
-1.61032635 0.59066850 1.12213084
-1.62052622 0.70701144 1.06312002
-1.59007432 0.79563423 0.94765126
-1.56867805 0.87323270 0.84910774
-1.57309111 0.96444318 0.77223250
-1.56546704 1.04080245 0.68370866
-1.56661483 1.09236705 0.63050812
-1.56020652 1.20871213 0.48662970
-1.57190529 1.28756066 0.40653689
-1.57613825 1.35166958 0.32860056
-1.59068412 1.45603986 0.20511194
-1.60541574 1.51943091 0.13434469
-1.56418960 1.57689792 -0.01995897
-1.61370299 1.66140162 -0.07810901
-1.59553780 1.75558263 -0.26816475
-1.60882832 1.82029108 -0.36256554
-1.61435635 1.91650624 -0.53342488
-1.59183673 2.00000000 -0.73302791
-1.51020408 -2.00000000 -0.85964182
-1.53303235 -1.92775367 -0.68302301
-1.53107684 -1.82825859 -0.49916658
-1.50255051 -1.77232056 -0.44173105
-1.47840072 -1.68721093 -0.33050601
-1.48429284 -1.60459640 -0.18580218
-1.50629210 -1.50446508 0.00275036
-1.50521255 -1.43885364 0.09768252
-1.49167500 -1.33911540 0.21593213
-1.50633985 -1.26645526 0.33257540
-1.52401075 -1.18954018 0.45380146
-1.49526128 -1.08867133 0.52530051
-1.47867291 -1.00589054 0.58732890
-1.47886681 -0.94972032 0.64253919
-1.52442331 -0.82547152 0.82123160
-1.51493207 -0.77041381 0.85074086
-1.48670805 -0.71776559 0.84755670
-1.53446840 -0.61435665 0.98857959
-1.52929464 -0.55853655 1.01338951
-1.49668028 -0.44575062 1.02067912
-1.51309699 -0.35851069 1.08046629
-1.52260504 -0.29234154 1.11643126
-1.52071661 -0.19489899 1.13729670
-1.51285024 -0.11746501 1.13745891
-1.50707760 -0.03645267 1.13497705
-1.53916593 0.05866520 1.18279507
-1.48416782 0.09502745 1.09686194
-1.49475294 0.20860875 1.09538438
-1.49486656 0.25488732 1.08482924
-1.53983042 0.37020464 1.11701313
-1.50675746 0.42382597 1.04534479
-1.49260127 0.50500441 0.98641455
-1.48519924 0.63113288 0.90374403
-1.49594931 0.71656706 0.86219800
-1.52346892 0.78261825 0.85423311
-1.54063761 0.87311240 0.80561949
-1.53048742 0.91011798 0.75703851
-1.49361028 0.99244123 0.62296604
-1.50107932 1.13132835 0.48666765
-1.50763161 1.18673050 0.43231190
-1.49360982 1.28080715 0.29520167
-1.51021591 1.31838741 0.27130337
-1.47933414 1.44311321 0.05292688
-1.51161028 1.52087538 -0.01404814
-1.52605936 1.57481332 -0.07558991
-1.53957900 1.66690655 -0.20413698
-1.50601072 1.72973407 -0.36195583
-1.53026425 1.82964138 -0.50293945
-1.54203791 1.93809074 -0.68915740
-1.51020408 2.00000000 -0.85964182
-1.42857143 -2.00000000 -0.97959184
-1.45013401 -1.89246635 -0.73927012
-1.42410419 -1.84879033 -0.69497647
-1.45587293 -1.74682345 -0.46591309
-1.45666945 -1.68408276 -0.35712443
-1.39685550 -1.57088934 -0.25824401
-1.41519376 -1.50485137 -0.13090213
-1.42100842 -1.41297705 0.01138039
-1.40459047 -1.37252763 0.04452115
-1.40337195 -1.23497686 0.22214250
-1.42329071 -1.19443772 0.29953749
-1.45708987 -1.11197111 0.44331557
-1.45814219 -1.00909607 0.55395188
-1.42252751 -0.92405247 0.58485577
-1.40503306 -0.86891751 0.60955013
-1.41264834 -0.76025935 0.70879053
-1.42485265 -0.72174581 0.75464404
-1.40532883 -0.60903205 0.80201455
-1.43080107 -0.50815811 0.89448352
-1.45303216 -0.47866149 0.94109281
-1.41803252 -0.35359843 0.94289219
-1.42668311 -0.28200338 0.97794940
-1.41125497 -0.18336319 0.97900926
-1.41913411 -0.10761270 1.00118057
-1.42800414 -0.06213873 1.01766730
-1.40947069 0.01199690 0.99323186
-1.44969367 0.12697403 1.04274466
-1.43701900 0.22883512 1.00632904
-1.44128500 0.28517592 0.99798858
-1.44839139 0.38918792 0.97318519
-1.43743971 0.46280039 0.92602436
-1.41355952 0.52741340 0.85999282
-1.45310338 0.64184658 0.84977119
-1.45809934 0.71463782 0.80767323
-1.45037833 0.77102944 0.75455546
-1.43213187 0.85235760 0.66224411
-1.42289760 0.95000140 0.56106746
-1.41724216 0.99276456 0.51149694
-1.43679401 1.08226395 0.44654088
-1.39875415 1.18624284 0.27467055
-1.39736852 1.24685739 0.19899271
-1.41676866 1.34824297 0.09473716
-1.43941744 1.40886686 0.04350837
-1.42191631 1.53501667 -0.16721509
-1.42896973 1.59292921 -0.24773449
-1.40019728 1.65812544 -0.39441378
-1.43795838 1.77946295 -0.54938205
-1.45533612 1.80723044 -0.57403933
-1.41817500 1.91719919 -0.83221621
-1.42857143 2.00000000 -0.97959184
-1.34693878 -2.00000000 -1.09287797
-1.32102977 -1.91393118 -0.95900646
-1.36107370 -1.82638498 -0.74158025
-1.35047348 -1.74694588 -0.61402064
-1.36622842 -1.70125570 -0.51384543
-1.32083000 -1.57000599 -0.36016346
-1.36920523 -1.53525912 -0.24114881
-1.32603496 -1.41528608 -0.12233298
-1.35020925 -1.32473616 0.03406957
-1.32673740 -1.24469503 0.10548320
-1.32056401 -1.16397499 0.19452576
-1.37866283 -1.09312377 0.35289582
-1.37277968 -0.99527377 0.44697708
-1.32632698 -0.93199613 0.44526324
-1.35093989 -0.84521281 0.55532694
-1.35990339 -0.76346493 0.63322926
-1.31751345 -0.72329909 0.60634006
-1.35391971 -0.59274896 0.74087362
-1.36733336 -0.54007105 0.78896189
-1.32673681 -0.44442402 0.78135892
-1.36206955 -0.37367859 0.85779889
-1.35556615 -0.28511616 0.87813419
-1.31553132 -0.22013183 0.84108232
-1.35822808 -0.09756638 0.91763216
-1.34773290 -0.03151057 0.90769552
-1.32353334 0.01537808 0.87575201
-1.36748374 0.09963906 0.93004192
-1.36751996 0.17622020 0.91952864
-1.36371227 0.31222989 0.88111182
-1.32149269 0.37921241 0.80127044
-1.34593913 0.46465955 0.79782182
-1.31788533 0.51676586 0.73488739
-1.33225153 0.58848647 0.71428891
-1.35451276 0.69553696 0.67546657
-1.33882711 0.75685265 0.60981605
-1.35258370 0.83592834 0.56535324
-1.35572051 0.95814015 0.45997278
-1.36350773 1.00952578 0.42000552
-1.34045643 1.08229109 0.31273472
-1.32261488 1.17249769 0.18727965
-1.35959352 1.25380800 0.13823001
-1.34987731 1.34371885 0.00829419
-1.35299841 1.42315087 -0.09737686
-1.36640471 1.48249666 -0.16536725
-1.32367508 1.61317295 -0.42510562
-1.33140281 1.67253912 -0.51237682
-1.31743042 1.73151554 -0.63126157
-1.37552131 1.86394957 -0.79112457
-1.34420070 1.92099538 -0.94167387
-1.34693878 2.00000000 -1.09287797
-1.26530612 -2.00000000 -1.19950021
-1.26425629 -1.90454708 -1.01447780
-1.25492323 -1.82134750 -0.87123719
-1.26443434 -1.73675313 -0.70875861
-1.25489077 -1.65232213 -0.57770879
-1.24781939 -1.61554249 -0.52646215
-1.26882924 -1.49926807 -0.31893854
-1.25161992 -1.43214918 -0.24224942
-1.25937044 -1.32240910 -0.08137595
-1.28310439 -1.28005777 0.00390448
-1.27781439 -1.20611426 0.08904900
-1.25902251 -1.09666565 0.19123107
-1.23431988 -1.01852508 0.24307612
-1.28205317 -0.96399170 0.35719017
-1.25915000 -0.87990056 0.40561686
-1.28869538 -0.77775173 0.52791901
-1.24545465 -0.70711397 0.52557355
-1.27987963 -0.64084239 0.61370645
-1.23571704 -0.51147853 0.63269316
-1.26361293 -0.47602350 0.68505963
-1.23678448 -0.36068758 0.69977016
-1.25201941 -0.27509234 0.74593840
-1.26169542 -0.20978025 0.77393378
-1.24852348 -0.14860259 0.76836408
-1.27976801 -0.03684685 0.81822424
-1.26794233 0.04102518 0.80299734
-1.26120191 0.09751176 0.79056085
-1.28634839 0.17251855 0.81246477
-1.25474127 0.29474277 0.74375118
-1.29591147 0.34779713 0.77921185
-1.27631684 0.46771821 0.70511218
-1.24972862 0.51050422 0.65060353
-1.26808494 0.61741333 0.61342009
-1.24664383 0.67383296 0.55003500
-1.28404829 0.79267836 0.51022051
-1.25289781 0.84468861 0.42812704
-1.28149661 0.93537973 0.38364917
-1.29493908 1.02830509 0.30972792
-1.24698519 1.08379992 0.19017489
-1.24103298 1.20573325 0.04318508
-1.29367347 1.28176927 0.01532929
-1.24753567 1.35299675 -0.13712748
-1.28273317 1.42728977 -0.19587585
-1.23658783 1.51684265 -0.38583108
-1.23593496 1.61204574 -0.53557813
-1.25900565 1.69388191 -0.64207035
-1.26714833 1.73214577 -0.69733204
-1.26212230 1.81758275 -0.85532719
-1.27760395 1.89202927 -0.97375144
-1.26530612 2.00000000 -1.19950021
-1.18367347 -2.00000000 -1.29945856
-1.18208836 -1.90097204 -1.10818091
-1.15189723 -1.82031297 -0.99333604
-1.16991621 -1.73839504 -0.82665669
-1.20072840 -1.66618182 -0.66720658
-1.15742121 -1.58171901 -0.58110559
-1.19091939 -1.49553839 -0.40917304
-1.15935825 -1.43343102 -0.35530647
-1.20111233 -1.35662755 -0.19888375
-1.16916166 -1.28413382 -0.14103034
-1.20207429 -1.15426503 0.05632743
-1.21270196 -1.12737335 0.09983769
-1.16425622 -1.01015604 0.16753865
-1.15946196 -0.91148811 0.25677074
-1.20397724 -0.84214143 0.37017951
-1.19834931 -0.76453766 0.42576162
-1.21216248 -0.67687653 0.50558802
-1.20234758 -0.60251740 0.54130624
-1.18637307 -0.52042962 0.56831703
-1.18969143 -0.47931726 0.59281033
-1.19618809 -0.38292291 0.64211799
-1.15193719 -0.31468397 0.61396664
-1.16642191 -0.22739453 0.65441591
-1.19445937 -0.10912453 0.70741251
-1.17981751 -0.07062446 0.69349077
-1.19745833 0.02793194 0.71656313
-1.17442267 0.12322961 0.68204154
-1.18645532 0.17309179 0.68885773
-1.18749334 0.28325943 0.66495227
-1.20644962 0.37140226 0.65879052
-1.20637138 0.44150026 0.63020471
-1.20742677 0.52158294 0.59291532
-1.20994534 0.61642371 0.54199477
-1.17737143 0.72200242 0.43245800
-1.19591068 0.75098070 0.43311517
-1.18976486 0.87223103 0.32737672
-1.20042942 0.96775370 0.25224179
-1.19916402 1.02941247 0.18915215
-1.20862248 1.10705709 0.11759644
-1.16655010 1.18380073 -0.02027251
-1.19747823 1.26968104 -0.08906792
-1.15232148 1.33193623 -0.22310466
-1.16824304 1.43107153 -0.34158696
-1.15262931 1.49582571 -0.45447011
-1.16152803 1.56192040 -0.54522398
-1.15566413 1.64477863 -0.68486858
-1.19460872 1.73765082 -0.79617020
-1.19769824 1.86104616 -1.01450587
-1.20209958 1.92359926 -1.12759535
-1.18367347 2.00000000 -1.29945856
-1.10204082 -2.00000000 -1.39275302
-1.09559504 -1.94648159 -1.29423104
-1.08517348 -1.80701794 -1.04385616
-1.10081687 -1.77421311 -0.96801719
-1.11466626 -1.66865666 -0.77096709
-1.07247940 -1.57604155 -0.66684746
-1.11564191 -1.53308143 -0.55284090
-1.08723596 -1.42908986 -0.43010790
-1.11343488 -1.32686508 -0.26041685
-1.11418251 -1.24851350 -0.15869165
-1.08506005 -1.16530279 -0.09028763
-1.11821390 -1.10260589 0.01733128
-1.07714730 -1.03421312 0.04532476
-1.12811559 -0.96709215 0.16868878
-1.09357246 -0.85802641 0.22984571
-1.08802245 -0.74809992 0.31206968
-1.09712619 -0.69859501 0.35782544
-1.07766061 -0.60026842 0.40051511
-1.13025503 -0.54528951 0.49006789
-1.09520355 -0.46670912 0.49082671
-1.07051619 -0.39608550 0.49456060
-1.07656131 -0.25792463 0.54622957
-1.10937726 -0.21274881 0.59272792
-1.09718898 -0.13848907 0.59232222
-1.07055651 -0.03156987 0.57254729
-1.10106588 0.02595099 0.60583630
-1.09682654 0.12932897 0.59315123
-1.08731472 0.21855531 0.56724344
-1.08724613 0.25935142 0.55742049
-1.10332442 0.36039241 0.54372105
-1.08340296 0.43146529 0.49379984
-1.11363632 0.51660819 0.48665091
-1.11377801 0.64012444 0.41537108
-1.07753622 0.72432964 0.31821545
-1.11163078 0.77186580 0.31997309
-1.13056033 0.86552251 0.26451872
-1.10529113 0.93027876 0.17812495
-1.07818105 1.05222020 0.02765352
-1.09062335 1.11781677 -0.03002752
-1.08977687 1.20309103 -0.12990720
-1.09743251 1.29374101 -0.23470384
-1.12185380 1.35631256 -0.29051390
-1.10321756 1.41701164 -0.39541650
-1.08977487 1.48124531 -0.50323920
-1.07626268 1.61059410 -0.71783599
-1.12417535 1.69815172 -0.80997452
-1.11186442 1.76955089 -0.94753393
-1.13100976 1.85651100 -1.08372502
-1.08594059 1.91249959 -1.23919386
-1.10204082 2.00000000 -1.39275302
-1.02040816 -2.00000000 -1.47938359
-1.02808624 -1.91804176 -1.31096144
-1.04500814 -1.80611072 -1.08499697
-1.01998613 -1.74743904 -1.00658574
-1.01607715 -1.69461347 -0.91965102
-1.00746392 -1.56259331 -0.71335715
-0.98896196 -1.51403659 -0.65713052
-1.02353392 -1.39726857 -0.45236889
-1.00187966 -1.33565604 -0.39010711
-1.00897487 -1.24168901 -0.26188065
-1.03238473 -1.19344389 -0.17924504
-1.03082541 -1.12175950 -0.09787168
-1.01420571 -1.05164123 -0.03866802
-1.01293578 -0.95208426 0.05978722
-1.02609258 -0.87948054 0.13968998
-0.99936171 -0.79435434 0.18386251
-1.04959390 -0.67428770 0.32349173
-1.04975705 -0.62519777 0.35555881
-0.98870283 -0.55187526 0.33648349
-1.01805978 -0.43558786 0.42335446
-1.01666642 -0.36570692 0.44993452
-1.00365895 -0.31435461 0.45425624
-1.03191867 -0.22463553 0.50719751
-0.98949304 -0.09707410 0.48483655
-1.03906495 -0.03780032 0.53911355
-1.00554664 0.04345305 0.50461794
-1.00453319 0.13965229 0.49479208
-1.04866194 0.17942370 0.53374950
-1.03811267 0.26754666 0.50304835
-1.04508055 0.35410870 0.48340020
-1.02452676 0.44485938 0.42587761
-1.04179526 0.53423388 0.39996576
-1.01232086 0.59779406 0.33371789
-0.98944355 0.70456207 0.24129541
-0.99190976 0.77466431 0.19189009
-1.00401042 0.86603643 0.12900891
-0.99474410 0.92670049 0.06537101
-1.02647708 1.04715591 -0.02144015
-1.03631479 1.09708852 -0.06482743
-1.03564447 1.15472186 -0.13041155
-0.99135210 1.23395528 -0.26993332
-1.01704331 1.34947290 -0.39335001
-0.99727811 1.45965585 -0.56801579
-1.00652634 1.51011682 -0.63367877
-0.99476034 1.57266056 -0.74185655
-1.01171472 1.66149201 -0.86849451
-0.99315853 1.72726300 -0.99853681
-1.01418831 1.82202815 -1.14560432
-0.99179914 1.89789015 -1.30916075
-1.02040816 2.00000000 -1.47938359
-0.93877551 -2.00000000 -1.55935027
-0.92435074 -1.94970050 -1.47345388
-0.95518214 -1.84502553 -1.24587314
-0.93003071 -1.73684083 -1.07582947
-0.94180299 -1.69666486 -0.99583938
-0.94939665 -1.61590807 -0.85490245
-0.91627315 -1.51463252 -0.72727759
-0.94132165 -1.41469822 -0.55764230
-0.93008985 -1.34685768 -0.47447923
-0.94495764 -1.25933313 -0.34648749
-0.96804213 -1.16943907 -0.21524108
-0.95287548 -1.11474142 -0.16733838
-0.96659999 -0.99087632 -0.02376017
-0.94269635 -0.96843960 -0.02459942
-0.90747968 -0.83826427 0.06041619
-0.91854827 -0.79911051 0.10257666
-0.95662838 -0.67798195 0.22773916
-0.93476604 -0.59732462 0.25849542
-0.92593124 -0.51969438 0.29363320
-0.91351586 -0.42543576 0.32675782
-0.92954401 -0.39052110 0.35577267
-0.93708240 -0.28538142 0.39834043
-0.94283829 -0.17594393 0.42899389
-0.93665850 -0.09903553 0.43376055
-0.91392472 -0.02255648 0.41737480
-0.96548529 0.04822030 0.46491832
-0.94801763 0.13752633 0.43991196
-0.96394158 0.17265952 0.44968603
-0.92642535 0.29554841 0.38545754
-0.92937838 0.34212302 0.37334800
-0.92871260 0.47404573 0.31889387
-0.91581107 0.53329200 0.27715478
-0.94835985 0.63705477 0.24677381
-0.91083231 0.71227300 0.16114133
-0.94152539 0.75001025 0.16197735
-0.94413228 0.87314652 0.06450046
-0.95685423 0.93055993 0.02481411
-0.94915259 1.03833223 -0.08862159
-0.95054453 1.10625868 -0.16013668
-0.95333216 1.21202104 -0.28007639
-0.95772826 1.28682426 -0.36933662
-0.94563169 1.36151460 -0.47975136
-0.91064543 1.40296997 -0.56952481
-0.95727408 1.49073829 -0.65296348
-0.95789559 1.60770271 -0.83357201
-0.95244829 1.67592100 -0.95077673
-0.96250120 1.75594041 -1.07845907
-0.95177108 1.85098784 -1.26014391
-0.94738127 1.89313116 -1.34320716
-0.93877551 2.00000000 -1.55935027
-0.85714286 -2.00000000 -1.63265306
-0.85828402 -1.93448975 -1.50279958
-0.88829662 -1.83914380 -1.29668952
-0.85000926 -1.73867076 -1.15023014
-0.84271300 -1.70318540 -1.09533766
-0.86338465 -1.60251676 -0.91131345
-0.83467507 -1.50058460 -0.77753584
-0.87405202 -1.42434756 -0.63239953
-0.83693951 -1.33583561 -0.54199452
-0.84868514 -1.26096598 -0.43488437
-0.82592959 -1.15911020 -0.33068838
-0.86142708 -1.07237038 -0.20396081
-0.83498742 -1.02697298 -0.17873475
-0.86097609 -0.96859261 -0.09844591
-0.83660091 -0.88221077 -0.03919738
-0.86817751 -0.75018900 0.09547433
-0.83020825 -0.71301234 0.09042957
-0.85422771 -0.62223347 0.17126525
-0.84315797 -0.53180604 0.21404885
-0.84763497 -0.43649783 0.26397734
-0.82602817 -0.37782545 0.26978523
-0.88859961 -0.29913018 0.35006520
-0.88796291 -0.23195226 0.36733814
-0.88692338 -0.13882777 0.38367997
-0.85137403 -0.06558597 0.36026811
-0.86158043 0.05900749 0.36941948
-0.85374576 0.11402443 0.35794013
-0.84287382 0.22936910 0.32891305
-0.83068461 0.27993348 0.30583709
-0.84138407 0.38109914 0.28134530
-0.86865589 0.42950291 0.28504515
-0.84551344 0.50142188 0.23173454
-0.88688001 0.64386346 0.18599800
-0.85472653 0.68661484 0.12955875
-0.85773546 0.75632977 0.08183770
-0.87872636 0.85072627 0.02421242
-0.84212859 0.96211845 -0.10824568
-0.88627502 1.01113273 -0.11845299
-0.84005941 1.10347648 -0.25598026
-0.83197284 1.17717797 -0.34678458
-0.84614759 1.28865122 -0.47232811
-0.85689713 1.32283527 -0.50781022
-0.88583046 1.40454466 -0.59402504
-0.85141126 1.53884276 -0.82156796
-0.87751396 1.58647500 -0.87343608
-0.88562275 1.65911572 -0.98416865
-0.87286963 1.72400329 -1.10514298
-0.84469302 1.85565709 -1.36497847
-0.86831549 1.94398408 -1.51255115
-0.85714286 2.00000000 -1.63265306
-0.77551020 -2.00000000 -1.69929196
-0.74909303 -1.89582469 -1.51650545
-0.76749517 -1.84921009 -1.41526456
-0.75711467 -1.76530936 -1.27154725
-0.74452313 -1.64766075 -1.08023562
-0.78993565 -1.56778299 -0.91697258
-0.80138384 -1.52333180 -0.83916185
-0.78372295 -1.40383775 -0.67826938
-0.76125219 -1.33635895 -0.60317517
-0.75982991 -1.26622620 -0.51299365
-0.78925612 -1.20639964 -0.41623744
-0.75876916 -1.10968319 -0.32783307
-0.78073041 -1.03919702 -0.23519524
-0.74477112 -0.95828259 -0.18181075
-0.80638806 -0.86735222 -0.05101908
-0.79181992 -0.78918508 0.00208285
-0.80336905 -0.67217874 0.09678878
-0.77840900 -0.59553041 0.12563205
-0.76644150 -0.55818689 0.13792999
-0.75429911 -0.46226503 0.17763910
-0.75671590 -0.37465760 0.21612532
-0.78720545 -0.31428539 0.26045855
-0.80138686 -0.22725785 0.29528739
-0.77404773 -0.09976624 0.29459829
-0.80200016 -0.01733709 0.32145184
-0.78601229 0.06461303 0.30682024
-0.78695659 0.10094093 0.30455580
-0.79458796 0.22932431 0.28939019
-0.75518603 0.25719502 0.25207833
-0.77699618 0.37694192 0.23081893
-0.77505256 0.45316039 0.19767606
-0.76768361 0.50639280 0.16645223
-0.80107202 0.58156484 0.15174936
-0.80450811 0.68443625 0.08939016
-0.77802727 0.75535839 0.01738007
-0.76619921 0.86099443 -0.07712508
-0.77353572 0.95418283 -0.15605367
-0.74366550 0.99729157 -0.22077605
-0.74709160 1.08945360 -0.31438164
-0.76632900 1.17744168 -0.39955438
-0.74797637 1.29296562 -0.55614573
-0.79732947 1.31731180 -0.54978805
-0.77316183 1.42160785 -0.71159484
-0.76208294 1.52206288 -0.86795251
-0.75463037 1.60498352 -1.00325255
-0.76510169 1.64437663 -1.05929696
-0.77593157 1.76986981 -1.26518466
-0.76559554 1.85281347 -1.42339061
-0.77039251 1.94733684 -1.59930808
-0.77551020 2.00000000 -1.69929196
-0.69387755 -2.00000000 -1.75926697
-0.68314021 -1.88955579 -1.55187028
-0.67045093 -1.86320960 -1.51102279
-0.66720469 -1.77833813 -1.35866220
-0.68488531 -1.64823222 -1.12380079
-0.70844670 -1.58238272 -1.00101917
-0.69024421 -1.48942999 -0.87098231
-0.67515469 -1.44689277 -0.81883242
-0.71666199 -1.32794160 -0.62491224
-0.71841474 -1.24062659 -0.51151730
-0.72533608 -1.18201229 -0.43552031
-0.67543247 -1.12722812 -0.40721711
-0.69655802 -1.01910067 -0.27668655
-0.70488684 -0.93385120 -0.18760631
-0.71378085 -0.88444393 -0.13637898
-0.71337697 -0.75926990 -0.03379204
-0.67023596 -0.70887474 -0.02664357
-0.72239970 -0.62064891 0.06832813
-0.68507881 -0.49908443 0.11012385
-0.70318429 -0.45163086 0.14524886
-0.67579028 -0.39172474 0.15162211
-0.66771819 -0.25814061 0.18960551
-0.67160083 -0.21076621 0.20331264
-0.67707957 -0.11177627 0.22297141
-0.67568119 -0.05365621 0.22683304
-0.67094324 0.05590396 0.22351979
-0.69700452 0.14006275 0.23309887
-0.70232966 0.22790268 0.22066366
-0.67357064 0.29452240 0.18347698
-0.68814983 0.36594699 0.16981649
-0.68412702 0.45006943 0.13273365
-0.70046241 0.51401284 0.11321919
-0.69082595 0.61530051 0.04932289
-0.69656650 0.66204718 0.02344921
-0.72362332 0.80089706 -0.05890269
-0.66591855 0.84552219 -0.13573012
-0.67210911 0.95138367 -0.22670012
-0.71715035 1.01492283 -0.25788186
-0.72103757 1.09224909 -0.33655645
-0.68745744 1.19806922 -0.48138606
-0.67089183 1.27193530 -0.58386178
-0.66474800 1.34150031 -0.67886659
-0.68887062 1.45083742 -0.81519325
-0.70877151 1.54163634 -0.93714277
-0.71868536 1.60154100 -1.02421247
-0.69264119 1.69224817 -1.19197603
-0.69838927 1.74341191 -1.27586876
-0.69347415 1.80608938 -1.39052621
-0.66866549 1.93837098 -1.65508426
-0.69387755 2.00000000 -1.75926697
-0.61224490 -2.00000000 -1.81257809
-0.59574803 -1.91977191 -1.66530424
-0.63426962 -1.80694082 -1.43136859
-0.63941094 -1.73469633 -1.30016251
-0.60367122 -1.68296035 -1.23396831
-0.58643719 -1.58356309 -1.08188174
-0.64299636 -1.48346105 -0.89360619
-0.58399625 -1.41791718 -0.83471875
-0.62868208 -1.36177510 -0.72959513
-0.62310663 -1.28459489 -0.63096107
-0.61829128 -1.20979872 -0.54066441
-0.60460374 -1.08130178 -0.40183393
-0.62427707 -1.03859047 -0.34447416
-0.58524500 -0.96195612 -0.29142393
-0.61763311 -0.85988065 -0.17896204
-0.64072655 -0.76202561 -0.08507626
-0.60476087 -0.67579952 -0.04548464
-0.62563701 -0.58894885 0.02228046
-0.60184687 -0.51516732 0.04841114
-0.61247758 -0.43940149 0.09102756
-0.61340259 -0.37603984 0.11742839
-0.58059450 -0.30093488 0.12326408
-0.62716930 -0.22567322 0.17120646
-0.64106898 -0.13709986 0.19608654
-0.58350092 -0.05799184 0.16855514
-0.59025394 0.04782889 0.17305606
-0.62154660 0.11390639 0.18667276
-0.60609973 0.19695793 0.16428223
-0.58077940 0.29382586 0.12548554
-0.64181507 0.34534235 0.14633262
-0.58857386 0.42020596 0.08492307
-0.63606140 0.52516092 0.06439006
-0.58504857 0.60247468 -0.01034696
-0.62011883 0.71181773 -0.06106856
-0.60187272 0.79311947 -0.13339386
-0.62345806 0.83864871 -0.15731585
-0.59104335 0.92270239 -0.25102372
-0.59740911 1.04037960 -0.36274604
-0.62371726 1.10497444 -0.41597265
-0.62768822 1.19081083 -0.51201897
-0.63864985 1.25552175 -0.58423062
-0.60644466 1.35843824 -0.73878967
-0.60700520 1.43358764 -0.84335910
-0.60612139 1.48037840 -0.91206854
-0.59262964 1.62311651 -1.14164865
-0.59802599 1.69871360 -1.26399640
-0.58297821 1.73606443 -1.33702805
-0.62628176 1.86203778 -1.53747792
-0.64385100 1.91131120 -1.61928320
-0.61224490 2.00000000 -1.81257809
-0.53061224 -2.00000000 -1.85922532
-0.54526920 -1.92220640 -1.69877947
-0.53997475 -1.84142386 -1.54963455
-0.50916797 -1.74278659 -1.38902654
-0.51633310 -1.64865972 -1.22573949
-0.52558070 -1.61766213 -1.17029785
-0.52741977 -1.49796692 -0.98286665
-0.56101586 -1.44316769 -0.88399709
-0.50725284 -1.34351464 -0.77386307
-0.54841995 -1.27692201 -0.66488269
-0.53001993 -1.15921332 -0.53142720
-0.55909607 -1.10214956 -0.45107262
-0.54955249 -1.04359187 -0.39353803
-0.56053137 -0.93791364 -0.28274329
-0.53748359 -0.83549427 -0.20458103
-0.55612541 -0.79794169 -0.16371773
-0.54789343 -0.69513032 -0.09150947
-0.53710890 -0.60830607 -0.04077515
-0.51395585 -0.50843448 0.00282250
-0.52327609 -0.43502207 0.04228683
-0.51156571 -0.35930621 0.06629926
-0.50309971 -0.27740438 0.08807807
-0.50162973 -0.20516100 0.10477068
-0.54694060 -0.09919175 0.14465251
-0.53652341 -0.04860500 0.14274746
-0.52790729 0.04982938 0.13810157
-0.53147028 0.13753846 0.13177192
-0.53417879 0.22516711 0.11732337
-0.54836975 0.26664336 0.11480535
-0.50277505 0.35683297 0.06272649
-0.54526616 0.44505378 0.04962116
-0.56200737 0.50938270 0.02819077
-0.54521592 0.64135006 -0.05703475
-0.52989405 0.69498687 -0.10110952
-0.55931583 0.77353320 -0.14275970
-0.52540042 0.86158170 -0.23313871
-0.55571743 0.96174767 -0.30806837
-0.51881914 1.04076181 -0.40700593
-0.54719781 1.12017272 -0.47768073
-0.55500219 1.16205889 -0.52117671
-0.52921197 1.23389852 -0.62122013
-0.51338330 1.32977184 -0.75236536
-0.51791302 1.43856454 -0.90061702
-0.50244623 1.49477712 -0.99095321
-0.49947540 1.59423304 -1.14605165
-0.56073963 1.70211829 -1.29138887
-0.52499295 1.78082026 -1.44785160
-0.52520404 1.85124059 -1.57562623
-0.53108451 1.94456431 -1.74963981
-0.53061224 2.00000000 -1.85922532
-0.44897959 -2.00000000 -1.89920866
-0.43071363 -1.91514736 -1.74113760
-0.44135196 -1.85327562 -1.61991949
-0.46654465 -1.72741716 -1.38315306
-0.46106638 -1.69100129 -1.32345157
-0.46271103 -1.60252764 -1.17699667
-0.43126392 -1.50321541 -1.03683400
-0.43932459 -1.40170509 -0.88588553
-0.44542212 -1.33929310 -0.79765257
-0.44860927 -1.26882244 -0.70433006
-0.42535089 -1.18482653 -0.61144526
-0.43289178 -1.07396831 -0.48300631
-0.43543412 -1.01265498 -0.41793362
-0.44402728 -0.96207667 -0.36421564
-0.46029006 -0.82892939 -0.23762849
-0.42512376 -0.76554326 -0.20266314
-0.45917411 -0.68177927 -0.12699105
-0.47317354 -0.60413302 -0.07054175
-0.42062049 -0.50116960 -0.03712468
-0.42707947 -0.46622100 -0.01748258
-0.45016931 -0.38350535 0.02778803
-0.42246984 -0.26888527 0.05309074
-0.41803732 -0.21473387 0.06432228
-0.45260094 -0.10065623 0.09735797
-0.44567907 -0.05665326 0.09771012
-0.47453035 0.01130304 0.11252565
-0.48016574 0.10131403 0.11014730
-0.45925459 0.21047904 0.08330667
-0.41740101 0.25724545 0.05402419
-0.47824127 0.33647789 0.05774867
-0.43208939 0.46015833 -0.01252222
-0.45655503 0.53181753 -0.03719370
-0.42589648 0.59233471 -0.08473630
-0.42312852 0.67426099 -0.13779507
-0.43190159 0.80149323 -0.22792620
-0.47739466 0.84264485 -0.24107235
-0.45999908 0.96622088 -0.36099182
-0.47234400 1.04707115 -0.43662458
-0.44766292 1.07707702 -0.47984641
-0.43013440 1.16945025 -0.59129915
-0.47883854 1.27729790 -0.70110179
-0.45203050 1.37496404 -0.84309727
-0.42074743 1.45289143 -0.96693255
-0.47840339 1.50366167 -1.01606431
-0.42253907 1.60068269 -1.19182291
-0.44990950 1.67586598 -1.30305412
-0.42214763 1.78282858 -1.50013457
-0.45595525 1.86847460 -1.64165107
-0.44621912 1.94893422 -1.79961654
-0.44897959 2.00000000 -1.89920866
-0.36734694 -2.00000000 -1.93252811
-0.36326608 -1.88972328 -1.71954590
-0.35145127 -1.80740853 -1.57160381
-0.36496323 -1.75729887 -1.47745057
-0.36194341 -1.69309077 -1.36777666
-0.33610031 -1.61971077 -1.25524978
-0.36863016 -1.53590043 -1.11155096
-0.34628278 -1.43568214 -0.97063573
-0.36951599 -1.36173097 -0.85888458
-0.34855773 -1.24043287 -0.70859061
-0.33855267 -1.16598818 -0.62245527
-0.38663032 -1.07823024 -0.50654872
-0.38097533 -1.04502001 -0.47346231
-0.38497320 -0.96569994 -0.39218601
-0.38045079 -0.87813472 -0.31318890
-0.38201948 -0.77704236 -0.22892797
-0.38497622 -0.71996100 -0.18506858
-0.35139329 -0.60414828 -0.12075895
-0.39352950 -0.51077772 -0.05301421
-0.38613490 -0.42402195 -0.01534723
-0.34158300 -0.35936944 -0.00623373
-0.35995992 -0.31724652 0.01446290
-0.38370519 -0.22588643 0.04810250
-0.35348867 -0.12665776 0.05445603
-0.35848054 -0.01419238 0.06415344
-0.39906273 0.05075150 0.07833767
-0.37344117 0.13687180 0.06036221
-0.34169665 0.21936594 0.03431759
-0.35103581 0.26900977 0.02542994
-0.38465705 0.36727979 0.00653330
-0.35073182 0.43761105 -0.03424531
-0.35068054 0.55434174 -0.09215896
-0.34062921 0.63743103 -0.14514503
-0.39780450 0.70522432 -0.16954646
-0.36313177 0.79257666 -0.24815654
-0.36015931 0.83807906 -0.28633090
-0.33861063 0.92997621 -0.37509930
-0.34066981 1.00176450 -0.44373809
-0.35294658 1.11759529 -0.56222397
-0.39777992 1.18982782 -0.62873069
-0.38455369 1.24613410 -0.70248433
-0.37514217 1.34798889 -0.83817120
-0.35659816 1.42407549 -0.95041437
-0.35621478 1.53960036 -1.12174015
-0.35786282 1.59499601 -1.20797324
-0.37880583 1.69918611 -1.37186978
-0.35262591 1.73051695 -1.43517194
-0.34564544 1.85111391 -1.65357598
-0.35331719 1.94245530 -1.82414978
-0.36734694 2.00000000 -1.93252811
-0.28571429 -2.00000000 -1.95918367
-0.31672298 -1.90283123 -1.76022663
-0.28352528 -1.84895732 -1.66912829
-0.31752104 -1.77708637 -1.52860818
-0.30440420 -1.69367045 -1.38792884
-0.29845078 -1.58296569 -1.20835375
-0.25619597 -1.53300177 -1.14222903
-0.29371161 -1.43744078 -0.98998475
-0.27716577 -1.35744907 -0.88292355
-0.29527353 -1.27134631 -0.76456750
-0.29328127 -1.18332138 -0.65711779
-0.25408355 -1.10565214 -0.57895411
-0.27817243 -1.01635450 -0.47779828
-0.28575762 -0.96660777 -0.42633658
-0.27784400 -0.87405138 -0.34338426
-0.29765645 -0.79557403 -0.27216933
-0.27750798 -0.69267446 -0.20139362
-0.27126912 -0.58362075 -0.13351312
-0.27395170 -0.51815363 -0.09671683
-0.28563511 -0.41869103 -0.04685738
-0.29458049 -0.37832788 -0.02817716
-0.26610406 -0.25575589 0.00270015
-0.29717536 -0.17742109 0.02841747
-0.27885325 -0.13105993 0.03029121
-0.28376638 -0.00954779 0.04021610
-0.30085247 0.04052670 0.04443490
-0.27775465 0.14671162 0.02781167
-0.29544269 0.21096536 0.02139000
-0.27049269 0.29828172 -0.00790284
-0.26666310 0.36313872 -0.03038026
-0.30596062 0.43738866 -0.04884847
-0.30662174 0.53672320 -0.09702745
-0.31621806 0.58538857 -0.12134296
-0.30205992 0.71568616 -0.21048324
-0.27452169 0.76887819 -0.25790575
-0.26013075 0.85854976 -0.33471984
-0.28859903 0.92495700 -0.38612803
-0.29576517 1.00428318 -0.46055383
-0.27202108 1.07815100 -0.54420705
-0.28001409 1.17189368 -0.64746346
-0.29172018 1.23491729 -0.71996003
-0.26641702 1.31827790 -0.83343930
-0.28669513 1.40380775 -0.94424105
-0.26300047 1.52154919 -1.12297135
-0.29425402 1.57153479 -1.19156809
-0.28387345 1.67906026 -1.36932962
-0.26127329 1.75590001 -1.50746056
-0.27830448 1.85170747 -1.67568358
-0.30705031 1.93667679 -1.82821855
-0.28571429 2.00000000 -1.95918367
-0.20408163 -2.00000000 -1.97917534
-0.19358427 -1.90682220 -1.79924802
-0.21707502 -1.81082148 -1.61597644
-0.22880227 -1.73511647 -1.47913934
-0.17766519 -1.68768532 -1.40835840
-0.18646510 -1.62113709 -1.29665812
-0.18312278 -1.48149728 -1.08065012
-0.21921459 -1.45465871 -1.03398846
-0.19112249 -1.31957000 -0.85236858
-0.19584256 -1.28405773 -0.80522497
-0.19076476 -1.15216466 -0.64554610
-0.22531815 -1.08158070 -0.55952427
-0.21834978 -1.01539104 -0.49167117
-0.21860771 -0.94484881 -0.42247497
-0.21239177 -0.83415672 -0.32535359
-0.19709465 -0.76819938 -0.27564199
-0.21981238 -0.69501134 -0.21736164
-0.18710492 -0.58151344 -0.15157481
-0.21126976 -0.51425436 -0.10991132
-0.19103941 -0.45815111 -0.08670319
-0.23248626 -0.36714267 -0.04037194
-0.18299089 -0.31396176 -0.03254316
-0.20318992 -0.21055420 -0.00152346
-0.19750015 -0.11094256 0.01334903
-0.21942428 -0.03242923 0.02354768
-0.21848942 0.04981306 0.02262814
-0.17543041 0.11329862 0.00896963
-0.23101347 0.19294706 0.00806933
-0.18793006 0.26893276 -0.01850356
-0.21076068 0.39455536 -0.05562693
-0.18702514 0.43721215 -0.07808803
-0.19857988 0.55006734 -0.13157006
-0.18193318 0.60929465 -0.16907014
-0.17860646 0.69054882 -0.22247871
-0.17752046 0.79524691 -0.30045206
-0.20984482 0.88732297 -0.37165360
-0.17639816 0.95113923 -0.43677476
-0.20084802 1.00725456 -0.48711091
-0.23064645 1.08659085 -0.56374094
-0.18940512 1.19055600 -0.69077465
-0.22848967 1.25632496 -0.76307243
-0.17871888 1.37310110 -0.92673309
-0.20870670 1.43494259 -1.00775088
-0.18535101 1.48067946 -1.07902834
-0.20233102 1.56527357 -1.20457176
-0.19505405 1.68648286 -1.40308918
-0.20481370 1.76487945 -1.53642542
-0.23531654 1.86147871 -1.70486456
-0.21519983 1.92556203 -1.83073909
-0.20408163 2.00000000 -1.97917534
-0.12244898 -2.00000000 -1.99250312
-0.13106529 -1.94154965 -1.87621847
-0.09359286 -1.80990613 -1.63350028
-0.11473512 -1.76636834 -1.55344649
-0.14018139 -1.67000704 -1.38463635
-0.12315309 -1.56866693 -1.22277463
-0.09446283 -1.48655273 -1.10045790
-0.10249532 -1.41856028 -1.00090399
-0.10378361 -1.32941851 -0.87829127
-0.11630289 -1.29164176 -0.82740604
-0.13866614 -1.16614092 -0.67032817
-0.09322029 -1.11221014 -0.61416068
-0.11668298 -1.02967583 -0.52330870
-0.13625198 -0.93976551 -0.43229731
-0.11304571 -0.88804321 -0.38792071
-0.11057000 -0.75612138 -0.27974691
-0.13706729 -0.71832932 -0.24860478
-0.11200143 -0.59737330 -0.17215527
-0.15185815 -0.52264927 -0.12505068
-0.14489870 -0.45065139 -0.09104552
-0.12595132 -0.36581495 -0.05897842
-0.09438718 -0.30966405 -0.04349144
-0.14580712 -0.21790574 -0.01311160
-0.13978924 -0.09441552 0.00531337
-0.12696875 -0.01490881 0.00794939
-0.09396989 0.02175294 0.00417857
-0.13482796 0.09570404 0.00450966
-0.13782516 0.21659661 -0.01395916
-0.13674866 0.26972721 -0.02702629
-0.11034630 0.38728058 -0.06890497
-0.09425017 0.47262184 -0.10724415
-0.13253984 0.54923580 -0.14204658
-0.12918121 0.60462649 -0.17444271
-0.13310092 0.67587088 -0.21954279
-0.10278341 0.79380462 -0.30978068
-0.11297781 0.88615010 -0.38624900
-0.12662891 0.96703566 -0.45956154
-0.09271267 1.02732605 -0.52340159
-0.12999516 1.13350389 -0.63396616
-0.13885111 1.18576633 -0.69338108
-0.11221459 1.27488965 -0.80637575
-0.12600509 1.37392672 -0.93589868
-0.11607446 1.42163157 -1.00378152
-0.11215161 1.52348084 -1.15420795
-0.13441142 1.59027520 -1.25545439
-0.10966786 1.64918935 -1.35389923
-0.11384440 1.73565414 -1.49976738
-0.13595410 1.83462526 -1.67368316
-0.09712875 1.89428094 -1.78943314
-0.12244898 2.00000000 -1.99250312
-0.04081633 -2.00000000 -1.99916701
-0.06198951 -1.89052833 -1.78512734
-0.02130826 -1.82909410 -1.67256560
-0.05785168 -1.77424773 -1.57230409
-0.05891616 -1.69783494 -1.43958619
-0.05202226 -1.61989809 -1.31068175
-0.06633761 -1.53747196 -1.17970968
-0.03076534 -1.43798346 -1.03342496
-0.05509181 -1.31707528 -0.86582610
-0.01441840 -1.25301595 -0.78492055
-0.03894876 -1.19761501 -0.71638235
-0.07230750 -1.11948737 -0.62401180
-0.06352549 -1.04213217 -0.54100199
-0.04277910 -0.92420745 -0.42616468
-0.01337481 -0.86905509 -0.37753893
-0.06152158 -0.77526463 -0.29862517
-0.04860365 -0.69010002 -0.23693786
-0.03431775 -0.63660097 -0.20204154
-0.06094448 -0.56002774 -0.15495842
-0.06485767 -0.44576235 -0.09724878
-0.02746374 -0.35263770 -0.06179954
-0.07001386 -0.30759330 -0.04485585
-0.05934647 -0.17419049 -0.01341016
-0.04435917 -0.10889600 -0.00494530
-0.04244636 -0.02440727 0.00060299
-0.04294215 0.02594420 0.00058546
-0.07008752 0.12256606 -0.00505509
-0.02035371 0.18083329 -0.01614320
-0.01516339 0.31458022 -0.04936539
-0.07156242 0.33718219 -0.05428532
-0.05387088 0.47396695 -0.11087130
-0.01590890 0.53364739 -0.14226322
-0.05570869 0.60580506 -0.18194815
-0.04427625 0.66450562 -0.21980367
-0.01609770 0.78050500 -0.30446446
-0.00963358 0.83112137 -0.34533496
-0.06570831 0.92776841 -0.42821832
-0.05294110 0.99376950 -0.49238753
-0.06668881 1.11875182 -0.62357912
-0.02390791 1.16924074 -0.68327616
-0.04110308 1.28679407 -0.82707476
-0.05173088 1.35950084 -0.92278322
-0.03781462 1.44267557 -1.03994143
-0.05784921 1.54183341 -1.18695187
-0.05669474 1.56087506 -1.21655832
-0.01597477 1.68151964 -1.41362656
-0.02439529 1.74348902 -1.51957942
-0.06419669 1.84734554 -1.70428217
-0.03024466 1.94531139 -1.89166084
-0.04081633 2.00000000 -1.99916701
0.04081633 -2.00000000 -1.99916701
0.02448510 -1.94200212 -1.88538636
0.01473954 -1.86718577 -1.74308272
0.01095018 -1.73078743 -1.49775262
0.01792576 -1.68097191 -1.41267262
0.06340052 -1.57682519 -1.24117902
0.03368462 -1.51061175 -1.14040660
0.06846377 -1.45080834 -1.05007878
0.04782735 -1.34185581 -0.89914478
0.01813440 -1.23679655 -0.76466843
0.03703384 -1.18135348 -0.69711227
0.06479874 -1.08873445 -0.59057191
0.03135298 -1.00057190 -0.50008056
0.02473067 -0.95029380 -0.45122335
0.07193840 -0.83989578 -0.35012489
0.05613139 -0.74872278 -0.27871753
0.03230989 -0.67591966 -0.22791173
0.03923914 -0.63503203 -0.20086299
0.03693547 -0.55901938 -0.15556922
0.04955175 -0.41772491 -0.08601936
0.01502980 -0.38714854 -0.07482905
0.03388507 -0.29502850 -0.04294681
0.06098734 -0.21293725 -0.02081141
0.07207931 -0.13432861 -0.00642437
0.04975673 -0.04994043 -0.00000916
0.04392616 0.05315392 -0.00044792
0.04252036 0.09328456 -0.00344701
0.01063708 0.22230169 -0.02465245
0.01866941 0.28987254 -0.04183877
0.03040734 0.35819560 -0.06368974
0.02324470 0.43387213 -0.09385235
0.06567449 0.54272649 -0.14511945
0.06776613 0.63296845 -0.19802840
0.04024685 0.69129603 -0.23813519
0.04315900 0.76553024 -0.29208693
0.01993298 0.85204182 -0.36278897
0.02523798 0.95235247 -0.45316914
0.05672866 1.01821145 -0.51676821
0.04045828 1.07253766 -0.57435008
0.04332077 1.16460773 -0.67721724
0.02025638 1.24460831 -0.77431976
0.04727049 1.35523101 -0.91720829
0.07248901 1.40541650 -0.98497044
0.07100289 1.53090381 -1.16931254
0.03167417 1.58121160 -1.24961344
0.05156701 1.66861713 -1.39081198
0.03659880 1.76926103 -1.56447256
0.02893085 1.84325030 -1.69836733
0.05177484 1.94619108 -1.89248955
0.04081633 2.00000000 -1.99916701
0.12244898 -2.00000000 -1.99250312
0.11015094 -1.94447596 -1.88442677
0.10398962 -1.82552488 -1.66086363
0.13379742 -1.74021553 -1.50522417
0.15377607 -1.68605135 -1.40956104
0.14509643 -1.58987442 -1.25332385
0.14516969 -1.51296440 -1.13399352
0.14287619 -1.44274227 -1.03054583
0.15249735 -1.34074256 -0.88716759
0.09533424 -1.24594722 -0.77164792
0.10176358 -1.18629439 -0.69846928
0.09298792 -1.07527320 -0.57378285
0.11854185 -1.02885210 -0.52224223
0.14048537 -0.95667808 -0.44774841
0.14866631 -0.87597751 -0.37261746
0.10126643 -0.76705592 -0.28905995
0.14225592 -0.68866230 -0.22700951
0.11083869 -0.58747407 -0.16642028
0.09998158 -0.54385783 -0.14289251
0.12177671 -0.46346968 -0.09998729
0.10078014 -0.37248796 -0.06429532
0.11161532 -0.31602619 -0.04370729
0.13238873 -0.23424513 -0.01867200
0.10162122 -0.13703301 -0.00422559
0.12691418 -0.04754548 0.00692332
0.13106991 0.03089699 0.00811235
0.10752211 0.10897554 -0.00015733
0.11491280 0.18877865 -0.01121621
0.09956197 0.26625192 -0.03048875
0.12445456 0.36017051 -0.05711693
0.14092057 0.44759711 -0.09024229
0.14608461 0.51515516 -0.12202206
0.14213678 0.59611176 -0.16757318
0.15357205 0.72432839 -0.25053362
0.09223716 0.76309894 -0.28690615
0.09284214 0.85983508 -0.36534835
0.11519299 0.95589470 -0.45023262
0.09798160 1.05141647 -0.54793809
0.12403489 1.11849444 -0.61782258
0.13546765 1.18340787 -0.69105135
0.10261836 1.23818595 -0.76128696
0.14098297 1.35236421 -0.90450637
0.13217848 1.40104466 -0.97272750
0.13925055 1.50061568 -1.11622836
0.13605329 1.57752172 -1.23503214
0.13233541 1.69944083 -1.43529324
0.14514455 1.76132326 -1.54059635
0.10534071 1.86443604 -1.73251253
0.12269216 1.91493895 -1.82596891
0.12244898 2.00000000 -1.99250312
0.20408163 -2.00000000 -1.97917534
0.21105619 -1.90959968 -1.80101312
0.18461186 -1.85696302 -1.70711506
0.21601053 -1.75989055 -1.52527709
0.17443017 -1.69269259 -1.41739115
0.21212878 -1.57987874 -1.22550911
0.19518041 -1.49040886 -1.09161159
0.17843301 -1.42837176 -1.00420377
0.21651471 -1.34393751 -0.87964470
0.23541770 -1.26884617 -0.77727456
0.19667749 -1.15988012 -0.65331993
0.19922803 -1.10937667 -0.59551239
0.21259555 -1.00622992 -0.48365089
0.19154798 -0.94583567 -0.42895724
0.19618753 -0.85257968 -0.34420128
0.21403445 -0.74628760 -0.25556722
0.17924445 -0.68630524 -0.21944316
0.22393143 -0.63777628 -0.17830665
0.17974149 -0.55144456 -0.13589205
0.20300253 -0.47927511 -0.09424730
0.19498594 -0.38821665 -0.05634633
0.19341544 -0.25750705 -0.01445017
0.19571452 -0.20917614 -0.00272524
0.18762975 -0.15052137 0.00627412
0.18692462 -0.05582777 0.01591204
0.18985241 0.03970350 0.01723378
0.19831262 0.12899507 0.01134408
0.21100689 0.20603078 0.00103761
0.19713460 0.27228997 -0.01763989
0.21653249 0.39524237 -0.05466510
0.21639132 0.45420604 -0.07973896
0.18778422 0.55468263 -0.13620495
0.18042290 0.61056667 -0.17011962
0.22680695 0.72041347 -0.23377709
0.17791162 0.78679400 -0.29369613
0.23062458 0.86451470 -0.34709898
0.23405528 0.96727760 -0.44042204
0.17996100 1.03579001 -0.52023749
0.18352265 1.08232247 -0.56887069
0.22575694 1.16995771 -0.65891742
0.19199211 1.27788457 -0.79806400
0.21383433 1.37037744 -0.91610460
0.21168617 1.42784149 -0.99696014
0.18805958 1.51790265 -1.13433103
0.18099134 1.61609413 -1.28950119
0.21207563 1.67101742 -1.37366158
0.17476599 1.72452631 -1.47172392
0.19387959 1.83470337 -1.66427357
0.22726360 1.93047831 -1.83754888
0.20408163 2.00000000 -1.97917534
0.28571429 -2.00000000 -1.95918367
0.30034649 -1.90481084 -1.76904816
0.26540907 -1.80805204 -1.59930510
0.26527514 -1.72610397 -1.45453201
0.29550802 -1.70008649 -1.40148454
0.30357248 -1.60979544 -1.24964255
0.28660029 -1.49350818 -1.07421348
0.25877917 -1.42387450 -0.98022597
0.29233786 -1.33734216 -0.85151131
0.29261383 -1.28804308 -0.78671606
0.31694626 -1.15575990 -0.61766300
0.31692261 -1.09760946 -0.55215330
0.27935766 -1.03409079 -0.49565153
0.28556563 -0.96033988 -0.42035248
0.27157089 -0.85092417 -0.32516059
0.26371972 -0.75576871 -0.25081913
0.28784212 -0.66282556 -0.17824232
0.26243500 -0.62751491 -0.16245142
0.31616823 -0.53847953 -0.09499892
0.30675335 -0.45151156 -0.05488254
0.29261180 -0.34260969 -0.01587987
0.25477737 -0.26674127 -0.00311970
0.30279701 -0.21670996 0.02236141
0.26046809 -0.13357864 0.02500019
0.30251920 -0.05815756 0.04406778
0.27177978 0.05017977 0.03567312
0.27600805 0.09955965 0.03313416
0.31231164 0.20279094 0.02820720
0.28074011 0.31107432 -0.00897611
0.30319662 0.37593276 -0.02469862
0.29392240 0.42370829 -0.04656917
0.26732086 0.54140949 -0.11083190
0.25687100 0.62622737 -0.16308901
0.26761878 0.69720918 -0.20724041
0.29355204 0.74744013 -0.23624697
0.29509214 0.87455730 -0.33888555
0.31503833 0.91757061 -0.37134334
0.30559923 0.99815986 -0.45146611
0.30036101 1.10907880 -0.56991952
0.31090831 1.20318991 -0.67550099
0.31741533 1.28962520 -0.78119033
0.29972577 1.33515216 -0.84639788
0.29889259 1.44579883 -1.00049874
0.30191768 1.52710335 -1.12044518
0.27818752 1.61493220 -1.26530886
0.30634520 1.69338920 -1.38685980
0.29981920 1.76399328 -1.51089036
0.27535541 1.82468549 -1.62682826
0.30053496 1.94878737 -1.85372547
0.28571429 2.00000000 -1.95918367
0.36734694 -2.00000000 -1.93252811
0.37008803 -1.92136671 -1.77734245
0.36376582 -1.86059192 -1.66473835
0.35508572 -1.73446129 -1.44113504
0.37890674 -1.67703752 -1.33444227
0.37209358 -1.59643798 -1.20508029
0.39464733 -1.51100519 -1.06369508
0.38631640 -1.41096652 -0.92079307
0.37966896 -1.31790311 -0.79636004
0.33609606 -1.27904273 -0.76149487
0.39606315 -1.19456415 -0.63505874
0.34531172 -1.08366852 -0.52754863
0.37331827 -1.03100665 -0.46180409
0.34724464 -0.96265346 -0.40306142
0.34737682 -0.87610757 -0.32344691
0.36254926 -0.75034163 -0.21578530
0.36298060 -0.67601375 -0.16261984
0.38552618 -0.62077797 -0.11836743
0.33796653 -0.51918715 -0.07766696
0.35336717 -0.45010663 -0.03886381
0.35220005 -0.39416074 -0.01565891
0.37709649 -0.27602063 0.03300719
0.37752126 -0.19349867 0.05254029
0.38854872 -0.15050819 0.06415870
0.35191051 -0.04619659 0.06085344
0.37904454 0.03487084 0.07122939
0.37745094 0.15384170 0.05940097
0.39120487 0.18859655 0.05873629
0.37492742 0.31139530 0.02180177
0.37317775 0.36690445 0.00232138
0.37709786 0.46909462 -0.03892348
0.35790368 0.55325583 -0.08899848
0.35456357 0.62611289 -0.13315101
0.34326561 0.67037775 -0.16578753
0.36419667 0.77848760 -0.23670187
0.34488752 0.85752754 -0.30820304
0.35503800 0.92865896 -0.36817774
0.36796593 1.03315548 -0.46600566
0.38879897 1.07148903 -0.49846205
0.34227771 1.20231829 -0.66420761
0.34716473 1.26788365 -0.74350280
0.35351738 1.33354034 -0.82667765
0.34179770 1.45932749 -1.00640553
0.36288335 1.50138354 -1.06123410
0.38510598 1.56232702 -1.14627955
0.33916553 1.69707674 -1.38251809
0.39519658 1.74809989 -1.44983644
0.34009900 1.81061397 -1.58132782
0.38068350 1.92492898 -1.78021583
0.36734694 2.00000000 -1.93252811
0.44897959 -2.00000000 -1.89920866
0.47057831 -1.93125735 -1.75415551
0.41971535 -1.84113434 -1.60680735
0.45359128 -1.73699264 -1.40569920
0.41830589 -1.65906987 -1.28876651
0.47448842 -1.56717910 -1.11545554
0.44510576 -1.53558721 -1.07995447
0.47182388 -1.39749723 -0.86519038
0.47040592 -1.32202330 -0.76323194
0.45428128 -1.27070877 -0.70416465
0.44474853 -1.21186872 -0.63541227
0.45073662 -1.09272792 -0.49544541
0.43216016 -1.02651920 -0.43348963
0.47834060 -0.95824261 -0.34470958
0.46678202 -0.83187783 -0.23706764
0.44976734 -0.80541374 -0.22320032
0.46061353 -0.67612409 -0.12248948
0.43791333 -0.63060206 -0.10294544
0.47836228 -0.50411681 -0.01265164
0.45449266 -0.45702438 -0.00115385
0.47040488 -0.38358126 0.03707309
0.42333431 -0.25791923 0.05634480
0.41907945 -0.17437048 0.07261126
0.46745532 -0.09926801 0.10433017
0.47147768 -0.06070840 0.10930285
0.42110925 0.03702342 0.08798113
0.44968485 0.11964848 0.09395035
0.43379956 0.17884863 0.07809761
0.45923031 0.27855209 0.06665061
0.44816669 0.35879602 0.03605940
0.43566985 0.44775903 -0.00533997
0.41893172 0.55679711 -0.06725962
0.42228743 0.62387636 -0.10544752
0.47501895 0.66674396 -0.10945225
0.43585946 0.80557067 -0.22948532
0.44367137 0.85221389 -0.26471212
0.45714886 0.91111685 -0.31057442
0.47751375 0.99161545 -0.37764091
0.47362193 1.12814774 -0.52419979
0.43195824 1.20916704 -0.63774850
0.42329241 1.29336135 -0.74680356
0.44087941 1.35577102 -0.82187020
0.42097261 1.40648093 -0.90048533
0.43729591 1.50226193 -1.03278161
0.43357824 1.57256928 -1.14249203
0.46002311 1.66703108 -1.28368568
0.45084072 1.76415351 -1.45449012
0.45801886 1.83522798 -1.57914024
0.44556256 1.92623642 -1.75593037
0.44897959 2.00000000 -1.89920866
0.53061224 -2.00000000 -1.85922532
0.50410779 -1.89464515 -1.66777779
0.50383772 -1.80899638 -1.50930773
0.51124123 -1.72580956 -1.35852552
0.51072365 -1.66289432 -1.25218943
0.53376773 -1.59611712 -1.13134094
0.50687906 -1.50224699 -0.99990981
0.56147291 -1.40672361 -0.83180975
0.51143228 -1.33590411 -0.76153841
0.53332099 -1.28029402 -0.67736075
0.53743820 -1.15952486 -0.52782904
0.50636915 -1.09272216 -0.46881600
0.56123401 -0.99410984 -0.33663538
0.54532170 -0.95846518 -0.31063987
0.51536859 -0.85851571 -0.23572222
0.52804172 -0.77280580 -0.15920038
0.49946967 -0.67896530 -0.10576196
0.51788994 -0.63175043 -0.06544931
0.55422869 -0.55848725 -0.00236928
0.52023608 -0.47833212 0.02092198
0.50865664 -0.39360436 0.05190359
0.52274702 -0.31615607 0.08665489
0.50155583 -0.21609381 0.10243086
0.53370915 -0.09652187 0.13776449
0.50415302 -0.03488942 0.12647650
0.53321238 0.03175778 0.14165344
0.53507569 0.12190520 0.13572256
0.52053812 0.20701555 0.11405225
0.53053991 0.29576222 0.09699865
0.53639527 0.35282184 0.08161832
0.55730706 0.45621001 0.05123179
0.55311424 0.54523778 0.00432556
0.54600321 0.60261328 -0.03251163
0.54064099 0.66887431 -0.07755008
0.55495196 0.74431073 -0.12301340
0.52131373 0.85464594 -0.22932584
0.56104539 0.92350284 -0.26904278
0.52139076 1.01995497 -0.38422991
0.50462060 1.09423218 -0.47135106
0.51923438 1.18760045 -0.57039525
0.52277280 1.29390753 -0.70045264
0.50517274 1.37871735 -0.82283102
0.50548796 1.40630176 -0.86108328
0.55291961 1.49249586 -0.96091190
0.54605761 1.60466972 -1.13839300
0.56022860 1.66397833 -1.22748390
0.51338269 1.77418536 -1.44208594
0.55042314 1.80903741 -1.48482535
0.50761512 1.90198506 -1.67993703
0.53061224 2.00000000 -1.85922532
0.61224490 -2.00000000 -1.81257809
0.63530433 -1.94026383 -1.68050606
0.63934807 -1.82390866 -1.45893841
0.62347786 -1.74405999 -1.32651031
0.59232620 -1.69389575 -1.25921625
0.63779293 -1.56688761 -1.02417848
0.61477210 -1.48411195 -0.91232178
0.60717286 -1.43979872 -0.85218074
0.59677021 -1.34066952 -0.72063005
0.60368672 -1.24449920 -0.59217030
0.58524511 -1.19353971 -0.54101260
0.58656807 -1.07802094 -0.40903353
0.58853097 -1.03975770 -0.36736369
0.61259604 -0.91284093 -0.22900233
0.63536192 -0.88458849 -0.18940601
0.61736637 -0.77564762 -0.11024400
0.62257173 -0.66293584 -0.02594419
0.58451848 -0.60052411 -0.00948368
0.59429306 -0.50711861 0.04800748
0.59133495 -0.44028230 0.07791426
0.58255569 -0.34560499 0.10996416
0.60512823 -0.29915938 0.13834192
0.59823579 -0.18702477 0.16145390
0.64075626 -0.13979895 0.19551242
0.63894430 -0.04682556 0.20302859
0.62393542 0.05833641 0.19294614
0.60522697 0.12954966 0.17475828
0.60609325 0.22811665 0.15765591
0.64318955 0.31211205 0.15813943
0.60082950 0.34826694 0.11985312
0.58139128 0.43287140 0.07531908
0.61275147 0.55806312 0.03201496
0.64103176 0.58164406 0.03630595
0.63705341 0.68869943 -0.03423493
0.59318071 0.79725931 -0.14187953
0.62017678 0.83739351 -0.15830433
0.62703706 0.91511159 -0.22212687
0.62180175 1.02974273 -0.33686633
0.61566628 1.09929820 -0.41470578
0.62661648 1.15224299 -0.46750785
0.59359282 1.26769738 -0.62735210
0.62864172 1.32964203 -0.68637876
0.58376637 1.43980134 -0.86612236
0.60330383 1.51237222 -0.96164711
0.58566318 1.60915652 -1.12319168
0.62241138 1.67087207 -1.20220877
0.61088602 1.77904550 -1.39591058
0.58298531 1.83879046 -1.52063923
0.59307951 1.89824695 -1.62579909
0.61224490 2.00000000 -1.81257809
0.69387755 -2.00000000 -1.75926697
0.67034349 -1.91602990 -1.61090510
0.71901934 -1.85104109 -1.45468215
0.68533494 -1.76471423 -1.32226616
0.66431560 -1.65917596 -1.15577483
0.71066101 -1.61301515 -1.04838940
0.69271724 -1.49057744 -0.87098197
0.66681274 -1.43759367 -0.81101817
0.71315342 -1.34390920 -0.64875207
0.68230764 -1.27807926 -0.58397144
0.70567330 -1.18620985 -0.45455951
0.70819705 -1.08249371 -0.33512478
0.68843962 -1.01395317 -0.27707596
0.72077682 -0.94646438 -0.18813780
0.66400561 -0.86228258 -0.15131390
0.69819458 -0.74897912 -0.03674702
0.69664945 -0.70064141 -0.00278897
0.71827347 -0.61313688 0.06998997
0.66472235 -0.53286702 0.07895427
0.66219506 -0.46778108 0.10984158
0.69473293 -0.33774400 0.18429142
0.68287357 -0.27228378 0.19608893
0.69139495 -0.23094683 0.21234527
0.67999163 -0.14342048 0.22090959
0.71859797 -0.06146466 0.25630257
0.66591456 0.02085348 0.22150367
0.69189477 0.14524469 0.22881118
0.69474013 0.19942621 0.22144652
0.68085165 0.29349357 0.18871025
0.68284881 0.39160041 0.15646580
0.69797716 0.46512494 0.13541545
0.68503999 0.54476378 0.08625610
0.67891764 0.64128946 0.02483850
0.72041175 0.69698001 0.01660597
0.72153891 0.76669515 -0.03360152
0.71654798 0.83851918 -0.09483670
0.68643325 0.92244419 -0.18985634
0.71246632 1.02953965 -0.27617182
0.72094060 1.13190797 -0.38073016
0.71298552 1.21329733 -0.48187103
0.66613993 1.24093498 -0.54808861
0.67362860 1.31951295 -0.64366947
0.66219318 1.40943153 -0.77399872
0.66901622 1.48794253 -0.88319513
0.70483174 1.57237892 -0.98779385
0.69422424 1.68573541 -1.17987829
0.69044021 1.73382128 -1.26471428
0.68167035 1.82240202 -1.42823733
0.71199152 1.89379942 -1.53977215
0.69387755 2.00000000 -1.75926697
0.77551020 -2.00000000 -1.69929196
0.76320758 -1.90753156 -1.52809541
0.77606453 -1.85000319 -1.41011783
0.75220858 -1.72507503 -1.20503305
0.77002658 -1.68005066 -1.11481464
0.76732329 -1.60697425 -0.99679060
0.78918026 -1.51850398 -0.84152443
0.78263122 -1.44928453 -0.74395701
0.76246554 -1.33813078 -0.60462014
0.79824162 -1.28648466 -0.50892654
0.76571665 -1.19301747 -0.41848435
0.74836610 -1.10824814 -0.33408106
0.77940327 -1.03627846 -0.23320179
0.77891504 -0.92321417 -0.12280788
0.76755198 -0.84360581 -0.06126736
0.76851130 -0.78094182 -0.00963025
0.77863675 -0.70196356 0.05676117
0.76383924 -0.63181405 0.09213070
0.76126875 -0.50593410 0.16178040
0.74633764 -0.45440226 0.17526923
0.77863347 -0.33866271 0.24578883
0.75714877 -0.26443423 0.25167440
0.74692881 -0.19777047 0.25939474
0.77912981 -0.10013673 0.29850795
0.76054611 -0.01762691 0.28905984
0.77621860 0.01639208 0.30112331
0.75035556 0.14804109 0.27055865
0.79398320 0.20219458 0.29476333
0.75145621 0.28906699 0.24056336
0.77279024 0.36050347 0.23362100
0.77887002 0.41751448 0.21616009
0.77428524 0.50906912 0.17018313
0.76792659 0.64273014 0.08830461
0.77565302 0.67621157 0.07218776
0.78568322 0.78657141 -0.00069823
0.77521994 0.84500539 -0.05653408
0.78681448 0.96893037 -0.15987452
0.77272147 1.05134475 -0.25411366
0.76051380 1.10597378 -0.32239839
0.79919992 1.20949117 -0.41207419
0.75748960 1.25553492 -0.50128873
0.79070143 1.32784381 -0.56898022
0.78503774 1.41587871 -0.69421414
0.75988636 1.52908448 -0.88033604
0.77728695 1.59390708 -0.96818238
0.79884553 1.68456459 -1.09980184
0.80027799 1.78490788 -1.27272564
0.78596942 1.85054640 -1.40338703
0.76441921 1.92810421 -1.56662456
0.77551020 2.00000000 -1.69929196
0.85714286 -2.00000000 -1.63265306
0.82663553 -1.93792460 -1.53611273
0.85745014 -1.84798223 -1.33990880
0.84256965 -1.75129740 -1.17855949
0.85442628 -1.66030611 -1.01328605
0.82941253 -1.61621451 -0.96211210
0.85743531 -1.50474293 -0.76452798
0.85458096 -1.44782628 -0.68294616
0.86594936 -1.32540577 -0.50341609
0.88851090 -1.27263655 -0.41507609
0.86125867 -1.18808118 -0.33488520
0.88293371 -1.12248586 -0.24020129
0.85891806 -1.00850272 -0.13966875
0.84668935 -0.94057187 -0.08389629
0.85528399 -0.88330920 -0.02436222
0.86008119 -0.80510743 0.04577084
0.87360553 -0.68459834 0.14725587
0.83615715 -0.60521913 0.16643429
0.84896450 -0.55390709 0.20696383
0.82837549 -0.48000151 0.22790225
0.88798759 -0.35595536 0.33090887
0.86852723 -0.28369208 0.33692918
0.85795967 -0.17581142 0.35259257
0.88038745 -0.12450700 0.37979003
0.86263881 -0.05096807 0.37077398
0.85782718 0.01924007 0.36774865
0.85345462 0.09984012 0.35920837
0.86544602 0.22168859 0.34992549
0.83483232 0.30730050 0.30125571
0.87827386 0.34955156 0.32458934
0.85763746 0.47489123 0.25501017
0.83986235 0.52123646 0.21684066
0.84476424 0.61514001 0.16761469
0.83570551 0.72175661 0.08873555
0.87970014 0.75788003 0.09974510
0.88306921 0.88667732 -0.00319272
0.86795222 0.91321124 -0.04030686
0.87599080 1.00380025 -0.12012753
0.88463479 1.09160759 -0.20451421
0.83684615 1.16040077 -0.32310923
0.83710039 1.28577740 -0.47624323
0.87468846 1.31866538 -0.48689924
0.83450692 1.41996361 -0.65994743
0.85755248 1.49162601 -0.74477595
0.87294301 1.60732013 -0.91072426
0.88291383 1.67855254 -1.01900090
0.87030749 1.73654027 -1.12906849
0.83639992 1.84797247 -1.35771871
0.88486857 1.91242734 -1.43719298
0.85714286 2.00000000 -1.63265306
0.93877551 -2.00000000 -1.55935027
0.92728754 -1.91503326 -1.40374511
0.96253221 -1.85188365 -1.25150240
0.92437730 -1.72590016 -1.06212899
0.95026295 -1.69203956 -0.97999909
0.90862293 -1.56610295 -0.81354140
0.92660278 -1.48632596 -0.67528607
0.91000323 -1.42298477 -0.59838989
0.91484310 -1.34297663 -0.48332417
0.93093639 -1.27539543 -0.37999547
0.95861566 -1.16784316 -0.22245683
0.94924549 -1.12157331 -0.17842985
0.94701762 -0.99415951 -0.04575538
0.95668084 -0.93494323 0.02055970
0.91067509 -0.87009665 0.03613047
0.91660093 -0.79308492 0.10558679
0.92916094 -0.70139445 0.18569294
0.91181349 -0.62512224 0.22031302
0.95657384 -0.52055173 0.32202970
0.96776339 -0.45639611 0.36413429
0.91242348 -0.39451572 0.33843698
0.94658594 -0.25448309 0.41563165
0.90891988 -0.23364039 0.38577376
0.91681704 -0.12726760 0.41217822
0.95532151 -0.05722488 0.45468225
0.95991310 0.06660854 0.45849823
0.93970514 0.09783027 0.43673750
0.93714156 0.20992626 0.41708263
0.95683201 0.28046436 0.41843362
0.92223512 0.33621538 0.36873841
0.96084469 0.41784084 0.37431578
0.95671997 0.54692755 0.30809168
0.96874270 0.63312667 0.26880652
0.93431329 0.68850309 0.19945241
0.93436549 0.75983035 0.14784835
0.92042547 0.88014355 0.03626519
0.93192213 0.95913333 -0.02572895
0.95042450 1.04986052 -0.09945019
0.94216864 1.12154782 -0.18509388
0.95854387 1.18037952 -0.23724473
0.93394677 1.29357288 -0.40053712
0.96103542 1.32527645 -0.41638429
0.91460315 1.44172480 -0.62103574
0.91194003 1.53881942 -0.76816530
0.92342043 1.61689141 -0.88081628
0.94401067 1.65298892 -0.92060811
0.96775795 1.73655904 -1.03954093
0.95738643 1.82251867 -1.20249276
0.92201682 1.89871202 -1.37749616
0.93877551 2.00000000 -1.55935027
1.02040816 -2.00000000 -1.47938359
1.01190063 -1.89733146 -1.28796189
1.01943853 -1.81615522 -1.12958243
1.02596455 -1.72804964 -0.96677615
1.04037707 -1.69634425 -0.89759969
1.02672137 -1.61737189 -0.78086753
0.99450490 -1.52769422 -0.67240482
1.00408224 -1.42773872 -0.51512835
1.00977207 -1.35096966 -0.40273969
1.01006760 -1.25087205 -0.27222216
1.03944598 -1.19578738 -0.17472977
0.99494023 -1.10126994 -0.11144471
0.99827523 -1.00542927 -0.00716729
1.02260376 -0.94599520 0.07540576
1.01966535 -0.87287275 0.13890529
1.01478045 -0.75252587 0.23174208
1.02885737 -0.67755833 0.29973110
1.00760565 -0.59155401 0.33266650
1.00571504 -0.51191731 0.37470171
1.03543394 -0.44670627 0.43628848
1.03575788 -0.35957529 0.47175000
0.99856134 -0.29227847 0.45584902
1.05192294 -0.22919620 0.52700548
0.99193410 -0.14856191 0.48093131
0.98880365 -0.05306401 0.48745843
1.02752316 0.04561681 0.52686148
0.99481009 0.10727219 0.48906990
1.02407954 0.21341267 0.50159697
1.00811648 0.31320726 0.45910003
0.98879911 0.38222157 0.41581517
1.03276378 0.45392577 0.43027621
1.01694355 0.49982886 0.39217265
1.04903670 0.63382947 0.34936910
0.99272412 0.67037307 0.26805056
1.03819323 0.75581487 0.25329453
1.02275511 0.82947256 0.17900164
1.00759733 0.94552446 0.06061794
1.03369726 1.04987014 -0.01684864
1.04263740 1.13159038 -0.09670202
1.04214395 1.19085346 -0.16603398
1.04863208 1.23977224 -0.21870298
1.04260410 1.35523487 -0.37481913
1.01988054 1.40845912 -0.47180040
1.00189978 1.53427105 -0.67509224
1.01530327 1.59734901 -0.76034156
0.99532825 1.66374561 -0.88868556
1.01908092 1.77891871 -1.06301292
1.04572347 1.83198246 -1.13131107
1.01248842 1.93416984 -1.35794008
1.02040816 2.00000000 -1.47938359
1.10204082 -2.00000000 -1.39275302
1.11277021 -1.93673314 -1.25633885
1.10144794 -1.83146610 -1.07054026
1.10868410 -1.76475148 -0.94258369
1.10307281 -1.67596287 -0.79604095
1.11616113 -1.62265282 -0.69359325
1.11757810 -1.52612850 -0.54004370
1.12354906 -1.42476158 -0.38379153
1.08142179 -1.36083565 -0.34120028
1.10930282 -1.27830434 -0.20175462
1.11650293 -1.15946959 -0.04889547
1.10157032 -1.07048990 0.03375428
1.11109281 -1.04445618 0.07181926
1.09881055 -0.94400686 0.15811784
1.08484796 -0.87999568 0.20125134
1.09993183 -0.75775834 0.31782617
1.08553456 -0.71835505 0.33117565
1.07409321 -0.63564315 0.37481700
1.11169278 -0.52219384 0.48158722
1.09787254 -0.41949932 0.51467221
1.07337771 -0.34388747 0.51694056
1.11377718 -0.27289300 0.58301451
1.13354839 -0.22181124 0.61786587
1.10622243 -0.13547809 0.60268688
1.08564851 -0.00932695 0.58927285
1.07841051 0.01123751 0.58142147
1.10480807 0.11950654 0.60315953
1.08690303 0.22259690 0.56590441
1.10565450 0.25973537 0.57750470
1.09027971 0.38937074 0.51855014
1.10215524 0.45631653 0.50326070
1.08950727 0.53370749 0.45109120
1.07323010 0.60096233 0.39533356
1.09891924 0.71641676 0.34718526
1.08640000 0.75904101 0.30206085
1.10323826 0.88251617 0.21914994
1.10674383 0.95997830 0.15166178
1.07576797 1.02710208 0.05116902
1.13136763 1.07422875 0.06301265
1.12539634 1.16584612 -0.04634013
1.12046448 1.27251210 -0.18192319
1.10517317 1.33311446 -0.27789321
1.11121997 1.42577676 -0.39901478
1.11493836 1.50121720 -0.50528277
1.12927734 1.62296011 -0.67936609
1.11857990 1.66608370 -0.76230695
1.12176359 1.77743499 -0.95046080
1.12830146 1.83259679 -1.04267339
1.09248289 1.93154304 -1.26866983
1.10204082 2.00000000 -1.39275302
1.18367347 -2.00000000 -1.29945856
1.15831199 -1.91949316 -1.17138367
1.19465062 -1.86697710 -1.02920670
1.20405021 -1.77274029 -0.84643561
1.20153093 -1.65413186 -0.64623781
1.18569319 -1.56233063 -0.51750433
1.17029883 -1.52905980 -0.48421226
1.19087954 -1.44186869 -0.33039563
1.16945673 -1.33771240 -0.21092272
1.16860717 -1.25725251 -0.10752057
1.21240327 -1.21045241 0.00236332
1.19833120 -1.07095552 0.14452596
1.18737308 -1.04336653 0.16062056
1.19325469 -0.90811536 0.29959162
1.16261975 -0.88876122 0.28089409
1.16094965 -0.75999231 0.38510789
1.16944931 -0.66927928 0.45983847
1.18590085 -0.60065962 0.52278443
1.15813752 -0.55454106 0.51688336
1.17313440 -0.42791260 0.59656756
1.17158808 -0.39603696 0.60788667
1.19218860 -0.30973182 0.66268993
1.19890107 -0.23422012 0.69125236
1.20193555 -0.14719573 0.71149125
1.15687600 -0.04068730 0.66835331
1.18181553 0.06010765 0.69653751
1.16393968 0.12434313 0.66964718
1.18544390 0.20324192 0.68198498
1.16863820 0.27436013 0.64522088
1.15631431 0.36404824 0.60226583
1.16767769 0.42499224 0.59142639
1.20654961 0.51466278 0.59544209
1.20760021 0.60251959 0.54763421
1.19162985 0.67210175 0.48413047
1.16513731 0.74519237 0.40111664
1.19345191 0.88104409 0.32404439
1.20752111 0.96209332 0.26624184
1.16934492 1.03090200 0.15230430
1.18836821 1.11376414 0.08587422
1.18000445 1.19299167 -0.01540931
1.20284484 1.28309522 -0.09974881
1.18470813 1.31752050 -0.16616345
1.21022554 1.41248596 -0.26523537
1.18438205 1.48291423 -0.39813689
1.18409941 1.58158918 -0.54966646
1.17295169 1.64473526 -0.66466920
1.17176989 1.77216481 -0.88376172
1.18748907 1.82267036 -0.95599847
1.15224060 1.90268835 -1.14628227
1.18367347 2.00000000 -1.29945856
1.26530612 -2.00000000 -1.19950021
1.24569813 -1.94759338 -1.12067807
1.24168429 -1.85595337 -0.95139151
1.28904153 -1.77467439 -0.74392055
1.29660577 -1.64790999 -0.51721041
1.24836392 -1.59279913 -0.48929829
1.26975710 -1.51710792 -0.34466667
1.24363055 -1.44311588 -0.26798325
1.29257720 -1.32257818 -0.03922861
1.25540330 -1.28015382 -0.03137817
1.28074248 -1.18953389 0.11265521
1.27182672 -1.12243062 0.17884636
1.27872436 -1.02596403 0.29126690
1.28822285 -0.93888803 0.38900369
1.26719790 -0.85730469 0.43540960
1.24201475 -0.80266809 0.44916229
1.27642974 -0.70438636 0.56655636
1.29354854 -0.61466642 0.64772651
1.27384353 -0.50888783 0.68185525
1.25109355 -0.46095074 0.67637974
1.25892354 -0.36019300 0.72757474
1.23832534 -0.26867075 0.73063283
1.28081295 -0.19509095 0.80121067
1.25806961 -0.13399318 0.78239248
1.25253729 -0.03094335 0.78394609
1.29235819 0.06306504 0.83310625
1.28595118 0.11755161 0.81992603
1.24649060 0.19519101 0.75781965
1.29071785 0.25680552 0.80000174
1.24440350 0.38508356 0.70012536
1.25572267 0.42621094 0.69759183
1.24410106 0.56113486 0.61645756
1.26968535 0.58352628 0.63579898
1.25871664 0.67573076 0.56387777
1.23786734 0.80352099 0.44333478
1.24414677 0.86160257 0.40277110
1.25243644 0.92486539 0.35661053
1.29006895 0.99496450 0.33716176
1.24489401 1.10283394 0.16675919
1.23434105 1.19248839 0.05078463
1.26366922 1.24349651 0.02528817
1.28909091 1.31970777 -0.03993662
1.25060665 1.39825609 -0.19555156
1.25556540 1.52980030 -0.38192224
1.26228079 1.56362767 -0.42578935
1.28491281 1.69201304 -0.60595361
1.28466734 1.78452790 -0.76708483
1.29701264 1.83993952 -0.85156782
1.26702878 1.90830856 -1.01813981
1.26530612 2.00000000 -1.19950021
1.34693878 -2.00000000 -1.09287797
1.34859680 -1.94585274 -0.98381478
1.35165568 -1.81534792 -0.73425749
1.35867895 -1.75228173 -0.61224138
1.34957028 -1.65828804 -0.46428964
1.37105075 -1.56121064 -0.27879926
1.36871163 -1.54068872 -0.25017509
1.32884771 -1.41305965 -0.11545066
1.36593646 -1.33202025 0.04575224
1.35502405 -1.28035252 0.09839380
1.36255644 -1.19626685 0.21275283
1.32928936 -1.09688567 0.28192602
1.36745637 -1.02053900 0.41421854
1.32314638 -0.97058571 0.40433987
1.37217649 -0.86291407 0.56912381
1.34409002 -0.76616354 0.60978570
1.33377545 -0.70983718 0.63754406
1.32267790 -0.61686995 0.68447414
1.35360293 -0.51198046 0.78505845
1.36266655 -0.44690880 0.82856632
1.34604773 -0.34957356 0.84482140
1.34074851 -0.26605459 0.86341075
1.35780907 -0.23343573 0.89457661
1.35769327 -0.10572116 0.91607702
1.33257052 -0.03887497 0.88711646
1.32675544 0.04844162 0.87896670
1.31566616 0.12754272 0.85735515
1.35237643 0.17983869 0.89829003
1.36728064 0.27358579 0.89730358
1.33267994 0.36461169 0.82154706
1.35348258 0.42160406 0.82708256
1.35156570 0.51149303 0.78255237
1.31714080 0.60257928 0.68587905
1.33162257 0.70464863 0.63834448
1.33822681 0.76257091 0.60466830
1.36349981 0.84658863 0.57120971
1.33866568 0.93566968 0.45827403
1.34147685 1.00595848 0.39380383
1.33312625 1.12541324 0.25533532
1.31584090 1.18781914 0.16026148
1.35018748 1.26464572 0.11183871
1.34083540 1.32070982 0.02678257
1.35199662 1.43328530 -0.11320593
1.37507480 1.48446522 -0.15640314
1.32219654 1.62231854 -0.44185689
1.36160526 1.68004133 -0.48428500
1.37035323 1.72703517 -0.55239125
1.36483986 1.84249559 -0.76600107
1.36662692 1.93465847 -0.93761712
1.34693878 2.00000000 -1.09287797
1.42857143 -2.00000000 -0.97959184
1.45358143 -1.93944317 -0.82427042
1.42343055 -1.81114584 -0.62704735
1.43528109 -1.72498325 -0.45776771
1.44697674 -1.69499939 -0.38964062
1.44379788 -1.56399849 -0.18076948
1.41709144 -1.48035444 -0.09165056
1.40472884 -1.40469867 0.00004238
1.40280282 -1.37533207 0.03815873
1.42481710 -1.28968352 0.18341010
1.42810282 -1.19340198 0.30763469
1.42957768 -1.10324236 0.41327431
1.44271091 -1.04286872 0.49691979
1.42524680 -0.96150128 0.55342186
1.40905939 -0.85402870 0.62804167
1.45682028 -0.76769733 0.76648307
1.41839868 -0.68685692 0.77004119
1.40683228 -0.60709990 0.80530338
1.45576497 -0.54586947 0.91063909
1.41872766 -0.44775411 0.90615221
1.43572949 -0.37825487 0.95912122
1.45292200 -0.30597366 1.00868123
1.44627623 -0.21295463 1.02318263
1.41346807 -0.13280923 0.99012684
1.43508263 -0.01383854 1.02963533
1.40743881 0.06228563 0.98850226
1.42222697 0.09326348 1.00701574
1.40679272 0.21595094 0.96621547
1.44714250 0.28730652 1.00583819
1.42156046 0.38338074 0.93692668
1.42298634 0.45985514 0.90671169
1.45486153 0.54018749 0.91240978
1.41898492 0.59020728 0.83258679
1.45024055 0.71428746 0.79649555
1.46021814 0.79472533 0.75032434
1.40485288 0.82612932 0.64556098
1.43662052 0.96644637 0.56492996
1.43149717 0.99979577 0.52479628
1.41666327 1.08366606 0.41630135
1.42346378 1.16911806 0.32970604
1.45448432 1.24744249 0.27970593
1.41421734 1.35518946 0.08173611
1.43900681 1.43468158 0.00621468
1.40000173 1.48388353 -0.12095274
1.44628115 1.61067172 -0.25126712
1.39781620 1.64389457 -0.37424961
1.39731428 1.76876579 -0.58802260
1.42689979 1.83539010 -0.66630690
1.41438430 1.94204891 -0.88553551
1.42857143 2.00000000 -0.97959184
1.51020408 -2.00000000 -0.85964182
1.53409128 -1.89907051 -0.62651637
1.49650602 -1.82216632 -0.54037993
1.51830755 -1.75677877 -0.39050692
1.50181663 -1.69621066 -0.31083871
1.48367801 -1.58244787 -0.15142041
1.52578005 -1.49200708 0.05095981
1.49107303 -1.41896705 0.10491565
1.52687723 -1.34451738 0.26181355
1.53771690 -1.26254251 0.38527984
1.49182793 -1.18221549 0.41395855
1.48368682 -1.07870070 0.51886569
1.52804099 -1.01650561 0.65081281
1.51166207 -0.95521579 0.68634251
1.50831482 -0.84862671 0.77742315
1.47891448 -0.75359476 0.80964149
1.52824307 -0.66962789 0.94356268
1.51426215 -0.60728516 0.96209730
1.50173610 -0.52577899 0.98938389
1.53163179 -0.44043988 1.07595433
1.53198642 -0.34792233 1.11296622
1.48633664 -0.29209978 1.06193717
1.52778964 -0.18665295 1.14965093
1.53852484 -0.10135864 1.17839256
1.47836161 -0.03113860 1.09229172
1.50538175 0.06600960 1.13090847
1.48759439 0.13676672 1.09711596
1.51041918 0.22889302 1.11448703
1.52099466 0.30721616 1.10952149
1.49927026 0.38213723 1.05089122
1.47955756 0.43124977 1.00155711
1.51386154 0.53738586 1.00149659
1.48161114 0.61958021 0.90564597
1.54053900 0.68378057 0.95285227
1.52055315 0.77110348 0.85874066
1.53053894 0.88676746 0.77809646
1.50474297 0.97049456 0.66119587
1.49738944 1.05116865 0.56860980
1.51836677 1.07480467 0.57511628
1.48457589 1.16930430 0.41834651
1.54023562 1.25352667 0.40049833
1.51001951 1.32479111 0.26254371
1.49329944 1.40398582 0.12938352
1.50665174 1.52021683 -0.02052988
1.50696130 1.58268810 -0.11698464
1.53115750 1.65964691 -0.20499228
1.51920995 1.76609691 -0.40554972
1.49768416 1.82050686 -0.53559369
1.53764221 1.88799960 -0.60009948
1.51020408 2.00000000 -0.85964182
1.59183673 -2.00000000 -0.73302791
1.56329874 -1.93129409 -0.64299696
1.56634144 -1.84073263 -0.46743554
1.58521669 -1.74092852 -0.25896007
1.61886369 -1.67045236 -0.08484571
1.56195891 -1.60370924 -0.06608384
1.57590209 -1.49750008 0.12048045
1.58656492 -1.43508429 0.22886067
1.56244403 -1.36904301 0.28347630
1.57687099 -1.28737131 0.41459861
1.57645777 -1.21166276 0.50854624
1.57087588 -1.09679509 0.63234577
1.58912029 -1.01448746 0.74805925
1.57566359 -0.92137325 0.81689355
1.61035533 -0.84384087 0.94058844
1.58482883 -0.78214967 0.94996216
1.57023430 -0.66373964 1.01254272
1.61947327 -0.62878965 1.11365863
1.61277505 -0.53777389 1.15592130
1.56051330 -0.41758236 1.13041337
1.57013420 -0.39377533 1.15513120
1.57159308 -0.28179135 1.19524923
1.60290974 -0.17270652 1.26974604
1.61965885 -0.13564519 1.30244759
1.59011070 -0.05285970 1.26282894
1.60261597 0.07084587 1.28167940
1.60360779 0.14373692 1.27544882
1.60748650 0.18085854 1.27565152
1.61598371 0.26303447 1.27110811
1.61169286 0.33967803 1.24108635
1.60877859 0.44381551 1.19559817
1.56055831 0.54346512 1.06999395
1.60653254 0.64173868 1.08455913
1.57614727 0.69246311 1.00236753
1.58426424 0.78401458 0.94760716
1.58751479 0.88052749 0.87243726
1.56090429 0.94136914 0.77512317
1.60897534 0.99792863 0.79647004
1.58244840 1.07112432 0.67841781
1.58441353 1.20582224 0.52817948
1.60525536 1.25884368 0.49607868
1.60083866 1.34828823 0.37240164
1.58274416 1.40520122 0.26524430
1.56034311 1.51710713 0.06652828
1.59302126 1.60871915 -0.02513028
1.59634703 1.70516342 -0.17962921
1.57175174 1.72758840 -0.25707907
1.59315312 1.82523237 -0.39666817
1.59796725 1.89149872 -0.51213404
1.59183673 2.00000000 -0.73302791
1.67346939 -2.00000000 -0.59975010
1.70362368 -1.91840404 -0.38897020
1.65757998 -1.82120614 -0.28461020
1.70114438 -1.73401209 -0.05645285
1.66509010 -1.69424271 -0.04896666
1.68383089 -1.58270068 0.16517251
1.65549152 -1.48276540 0.27102947
1.65179816 -1.42856503 0.34381955
1.69675921 -1.36870397 0.50282063
1.68490715 -1.27416258 0.60771091
1.67395577 -1.20773758 0.67174894
1.70066762 -1.09308543 0.84871729
1.70359466 -1.05209324 0.89766729
1.70352099 -0.96494013 0.98543716
1.66342946 -0.85407530 1.01877647
1.66613420 -0.75701366 1.10146674
1.70456572 -0.69316727 1.21253171
1.64261186 -0.63001116 1.15062983
1.69336329 -0.50811122 1.30465110
1.66787120 -0.42062118 1.30243608
1.69990322 -0.36781225 1.37719256
1.68256555 -0.31309170 1.36650021
1.68865733 -0.20633264 1.40449521
1.66101220 -0.09802385 1.37467642
1.69889981 -0.06387530 1.44109025
1.68425378 0.07030193 1.41588422
1.65042843 0.09190159 1.35773405
1.65685983 0.23005526 1.34612953
1.65238190 0.26647923 1.32967738
1.68275224 0.39916156 1.33616258
1.67162916 0.42814105 1.30551965
1.67091268 0.52091877 1.26029641
1.64315409 0.62318917 1.15579531
1.67733783 0.67783857 1.17699854
1.64260464 0.77335994 1.05003220
1.66648843 0.84746036 1.02949731
1.65721403 0.95786121 0.91443012
1.67159159 1.03481838 0.86168468
1.68659009 1.12258114 0.79219886
1.68114498 1.16380381 0.73590457
1.68411402 1.24967398 0.63727748
1.65827586 1.35343241 0.45904977
1.65607298 1.44368020 0.32918259
1.66436053 1.51148784 0.24275025
1.66355871 1.59866500 0.10584890
1.70346398 1.67615343 0.04614961
1.68801199 1.76483144 -0.13262277
1.67499072 1.85863681 -0.32446844
1.68319761 1.90220586 -0.39261648
1.67346939 2.00000000 -0.59975010
1.75510204 -2.00000000 -0.45980841
1.75497327 -1.91339307 -0.29057093
1.74222183 -1.86154755 -0.21501118
1.75082043 -1.74457040 0.01092315
1.77778732 -1.67692788 0.17422032
1.75627922 -1.58951653 0.27897695
1.75079594 -1.53169840 0.35959322
1.76747063 -1.41009135 0.56779740
1.76221276 -1.34925372 0.64245411
1.72905339 -1.24257728 0.72281368
1.78429020 -1.20100763 0.87063610
1.76917480 -1.08137069 0.98030845
1.78601897 -1.00309658 1.09183051
1.74464947 -0.91418525 1.10403355
1.74285541 -0.87157326 1.13895251
1.76124523 -0.76365051 1.25941132
1.78244868 -0.67700997 1.35939040
1.76690146 -0.58264867 1.39123065
1.73706940 -0.53973405 1.36304863
1.72840608 -0.43682422 1.39828609
1.74771712 -0.38452223 1.45332890
1.75697847 -0.26514328 1.50833619
1.73776522 -0.17464311 1.49466387
1.75228064 -0.12601880 1.52730336
1.77527055 -0.02216813 1.57554706
1.76840660 0.04234055 1.56273458
1.77812973 0.13756941 1.57140999
1.76539696 0.17459216 1.54307201
1.75616097 0.29804461 1.49763537
1.73873730 0.37321693 1.44195827
1.73012360 0.44305593 1.39851455
1.74814780 0.54764259 1.37805416
1.77970833 0.60008538 1.40362964
1.72516735 0.69420523 1.24714075
1.78079319 0.78884025 1.27447772
1.74341513 0.83006647 1.17524299
1.75250078 0.95049376 1.08391029
1.73984088 1.03756774 0.97524973
1.74200947 1.09634153 0.91631612
1.77716072 1.15869803 0.90785954
1.75845359 1.25386915 0.75998560
1.74737404 1.35851499 0.60387653
1.77074069 1.42176198 0.55705772
1.76035338 1.48497504 0.44684657
1.76083049 1.59893494 0.27196553
1.76391271 1.70032451 0.11014230
1.77817350 1.78393783 -0.01026659
1.75037852 1.81796325 -0.12058271
1.76565766 1.92368521 -0.29150892
1.75510204 2.00000000 -0.45980841
1.83673469 -2.00000000 -0.31320283
1.83304648 -1.92172819 -0.16648992
1.83093065 -1.82128368 0.01761641
1.84845949 -1.74632495 0.18357582
1.83692165 -1.66246061 0.30525295
1.86184039 -1.57912806 0.48640211
1.85890241 -1.48911068 0.61903377
1.85681900 -1.43004979 0.70136720
1.82287865 -1.31903921 0.79151107
1.83088294 -1.24001476 0.90724787
1.82466731 -1.17556923 0.97372388
1.80983460 -1.13277115 0.99616539
1.85724965 -1.03868609 1.18525373
1.81911734 -0.91555995 1.23546894
1.83778613 -0.84097667 1.33510805
1.80910922 -0.77968743 1.33248185
1.83654659 -0.68963902 1.44865070
1.81060908 -0.63400513 1.43817136
1.86283138 -0.54651049 1.58573351
1.84498685 -0.43400258 1.60780912
1.83270457 -0.36649359 1.61224424
1.83211490 -0.27834556 1.63958438
1.82168199 -0.22567034 1.63379909
1.85293887 -0.11502488 1.71007586
1.83565589 -0.02854257 1.68440893
1.80505024 0.06420531 1.62704203
1.85889127 0.09278624 1.72343373
1.82426171 0.18193152 1.64741585
1.81136750 0.28150369 1.60090394
1.81749097 0.38516806 1.57745949
1.83650857 0.42328261 1.59679777
1.82510991 0.54078385 1.51928950
1.84769677 0.59433482 1.53037474
1.82458925 0.68104239 1.43265359
1.84264212 0.78029198 1.39323720
1.85931346 0.84697984 1.36983586
1.86049985 0.94300810 1.28609771
1.83066756 1.04302592 1.13172033
1.86468163 1.09519310 1.13879482
1.85069507 1.16905116 1.02919580
1.84749587 1.26784554 0.90290434
1.80796588 1.34422174 0.73090427
1.82740981 1.42727558 0.65115552
1.83082468 1.49177587 0.56326187
1.81102310 1.60353166 0.35424544
1.83758842 1.67390690 0.28738343
1.83072542 1.77503592 0.10040152
1.86854522 1.83421746 0.06355378
1.82487481 1.88949030 -0.12000276
1.83673469 2.00000000 -0.31320283
1.91836735 -2.00000000 -0.15993336
1.89602737 -1.91343905 -0.03316461
1.94028816 -1.80586202 0.25179026
1.93719272 -1.75575099 0.33502705
1.89176053 -1.67041355 0.39423823
1.89231727 -1.60881035 0.49629694
1.92177641 -1.51478528 0.69932507
1.90091075 -1.42937562 0.78517351
1.93887692 -1.35615931 0.96003781
1.90038418 -1.25341342 1.02020741
1.90705486 -1.16294070 1.14221359
1.93807926 -1.09890924 1.27427485
1.94803581 -1.00880860 1.38857436
1.94811576 -0.95341033 1.44308188
1.90902226 -0.84433036 1.46573611
1.90090077 -0.78639191 1.49750576
1.92637109 -0.69361938 1.61489886
1.89679326 -0.64017795 1.59399842
1.88873502 -0.55072617 1.63201033
1.94432452 -0.46062940 1.78410920
1.91875014 -0.37396578 1.77087585
1.92829669 -0.29101808 1.81681830
1.94231002 -0.23509571 1.85864911
1.89124973 -0.14283466 1.77821190
1.93123572 -0.06737044 1.86256631
1.90150440 0.01974006 1.80766466
1.94242003 0.09491000 1.88199383
1.92953777 0.19459153 1.84262506
1.91368027 0.28912314 1.78929000
1.91502371 0.37702201 1.76258510
1.90390981 0.45951833 1.70685773
1.93474792 0.51166721 1.74072309
1.93553902 0.61630145 1.68324191
1.89836969 0.68061295 1.57028674
1.91328281 0.80346993 1.50754360
1.94728811 0.86013388 1.52605035
1.88894539 0.94869864 1.33404279
1.88995832 1.01796083 1.26784910
1.94286135 1.09534041 1.28746981
1.91736637 1.20572124 1.11126506
1.94755964 1.28023864 1.07698879
1.88884154 1.37188421 0.84282805
1.89383464 1.40345275 0.80846501
1.92714416 1.47919082 0.76293956
1.92947475 1.60075284 0.58023158
1.91957391 1.65810710 0.46772242
1.93233141 1.76381274 0.31143464
1.92916768 1.86662942 0.11869127
1.91420475 1.90543441 0.01674977
1.91836735 2.00000000 -0.15993336
2.00000000 -2.00000000 0.00000000
2.00000000 -1.91836735 0.15993336
2.00000000 -1.83673469 0.31320283
2.00000000 -1.75510204 0.45980841
2.00000000 -1.67346939 0.59975010
2.00000000 -1.59183673 0.73302791
2.00000000 -1.51020408 0.85964182
2.00000000 -1.42857143 0.97959184
2.00000000 -1.34693878 1.09287797
2.00000000 -1.26530612 1.19950021
2.00000000 -1.18367347 1.29945856
2.00000000 -1.10204082 1.39275302
2.00000000 -1.02040816 1.47938359
2.00000000 -0.93877551 1.55935027
2.00000000 -0.85714286 1.63265306
2.00000000 -0.77551020 1.69929196
2.00000000 -0.69387755 1.75926697
2.00000000 -0.61224490 1.81257809
2.00000000 -0.53061224 1.85922532
2.00000000 -0.44897959 1.89920866
2.00000000 -0.36734694 1.93252811
2.00000000 -0.28571429 1.95918367
2.00000000 -0.20408163 1.97917534
2.00000000 -0.12244898 1.99250312
2.00000000 -0.04081633 1.99916701
2.00000000 0.04081633 1.99916701
2.00000000 0.12244898 1.99250312
2.00000000 0.20408163 1.97917534
2.00000000 0.28571429 1.95918367
2.00000000 0.36734694 1.93252811
2.00000000 0.44897959 1.89920866
2.00000000 0.53061224 1.85922532
2.00000000 0.61224490 1.81257809
2.00000000 0.69387755 1.75926697
2.00000000 0.77551020 1.69929196
2.00000000 0.85714286 1.63265306
2.00000000 0.93877551 1.55935027
2.00000000 1.02040816 1.47938359
2.00000000 1.10204082 1.39275302
2.00000000 1.18367347 1.29945856
2.00000000 1.26530612 1.19950021
2.00000000 1.34693878 1.09287797
2.00000000 1.42857143 0.97959184
2.00000000 1.51020408 0.85964182
2.00000000 1.59183673 0.73302791
2.00000000 1.67346939 0.59975010
2.00000000 1.75510204 0.45980841
2.00000000 1.83673469 0.31320283
2.00000000 1.91836735 0.15993336
2.00000000 2.00000000 0.00000000
