-3.00000000 -3.00000000 0.00006671
-3.00000000 -2.33333333 0.00046529
-3.00000000 -1.66666667 0.00040604
-3.00000000 -1.00000000 -0.00876189
-3.00000000 -0.33333333 -0.03082362
-3.00000000 0.33333333 -0.03361149
-3.00000000 1.00000000 -0.01366907
-3.00000000 1.66666667 -0.00141371
-3.00000000 2.33333333 0.00020172
-3.00000000 3.00000000 0.00003224
-2.33333333 -3.00000000 0.00126982
-2.52174280 -2.35730015 0.00417554
-2.18934856 -1.55738843 0.03733263
-2.20999302 -1.03535259 -0.09174479
-2.17380246 -0.31583855 -0.69798894
-2.55657960 0.30990829 -0.23030687
-2.57373661 1.23022054 -0.04591317
-2.09560705 1.57911719 0.00275727
-2.43467855 2.47584752 0.00449556
-2.33333333 3.00000000 0.00122340
-1.66666667 -3.00000000 0.00529256
-1.82412911 -2.50430646 0.01836716
-1.83225113 -1.74801950 0.10856267
-1.59949724 -0.75363955 -0.41646299
-1.82042587 -0.09080942 -1.83378200
-1.63720882 0.54663925 -2.07338958
-1.49756579 0.81943496 -1.51952188
-1.58768145 1.46678453 0.26658419
-1.92953165 2.27777580 0.07274274
-1.66666667 3.00000000 0.01828997
-1.00000000 -3.00000000 -0.02987080
-0.85457056 -2.29815508 -0.66146978
-1.16343321 -1.48525270 0.39211822
-0.77998106 -1.13972619 1.65809014
-1.02754778 -0.26006058 -0.69299246
-0.78606080 0.13479219 -0.62806188
-0.97131213 1.24912983 1.85528293
-0.94198777 1.78221449 2.96709168
-0.85379694 2.33711557 1.41718189
-1.00000000 3.00000000 0.10991799
-0.33333333 -3.00000000 -0.18093233
-0.44507428 -2.28527816 -1.77407658
-0.31834950 -1.75000615 -4.24857392
-0.14500846 -1.07284807 -0.54181973
-0.34207296 -0.19428421 2.54402135
-0.16646558 0.54095231 0.78974196
-0.25277215 0.86841350 2.37623364
-0.14862379 1.88430341 6.67418639
-0.21914698 2.47528375 1.93377019
-0.33333333 3.00000000 0.26835651
0.33333333 -3.00000000 -0.24653656
0.34055373 -2.33679921 -2.44442589
0.37729944 -1.85426822 -5.62794906
0.42690547 -0.80786291 -0.75728615
0.15504558 -0.19833845 0.75626692
0.44296721 0.13180809 0.15844935
0.09443635 1.05070797 4.15176499
0.18399424 1.56556217 7.80802637
0.39776526 2.41353495 2.06351860
0.33333333 3.00000000 0.26831009
1.00000000 -3.00000000 -0.10995938
1.13226818 -2.29706198 -0.88678152
0.91159440 -1.92587216 -2.76226077
0.79476685 -1.16333341 -2.39387598
1.01344393 -0.21629547 2.85696798
0.84534306 0.27476027 1.97787122
1.23205735 0.94715075 2.13209321
1.11337035 1.72966876 2.41792750
1.08493604 2.32094978 0.96480491
1.00000000 3.00000000 0.11068428
1.66666667 -3.00000000 -0.01679782
1.69064137 -2.22654302 -0.18434446
1.48647663 -1.50780928 -0.48289130
1.86493737 -1.24082169 0.27534437
1.50614806 -0.46690769 2.63299231
1.45096364 0.14189829 3.31975913
1.74187230 0.79954182 1.33942067
1.43632001 1.90373025 0.93811324
1.61456830 2.35488389 0.21980864
1.66666667 3.00000000 0.01897550
2.33333333 -3.00000000 -0.00080832
2.31957500 -2.41646174 -0.00620028
2.30898949 -1.82926936 -0.00220836
2.37573211 -1.13228548 0.12844591
2.14474388 -0.48823737 0.77563746
2.28692405 0.56216522 0.45345814
2.38537774 1.25563942 0.11338589
2.28057765 1.53930227 0.10337474
2.44535514 2.16875077 0.01424048
2.33333333 3.00000000 0.00136082
3.00000000 -3.00000000 -0.00000586
3.00000000 -2.33333333 0.00002229
3.00000000 -1.66666667 0.00198848
3.00000000 -1.00000000 0.01301249
3.00000000 -0.33333333 0.03009899
3.00000000 0.33333333 0.02940884
3.00000000 1.00000000 0.01246669
3.00000000 1.66666667 0.00301371
3.00000000 2.33333333 0.00050953
3.00000000 3.00000000 0.00004103
